# This file was produced by samtools stats (1.21+htslib-1.21) and can be plotted using plot-bamstats
# This file contains statistics for all reads.
# The command line was:  stats -@ 8 /maps/projects/course_1/scratch/group8/group-project-group-8/week18-preprocessing/retry/02_reads_preprocessing/gut_infant/SRR8692207/SRR8692207.host.bam
# CHK, Checksum	[2]Read Names	[3]Sequences	[4]Qualities
# CHK, CRC32 of reads which passed filtering followed by addition (32bit overflow)
CHK	c1f5da3e	879ad4af	933730fc
# Summary Numbers. Use `grep ^SN | cut -f 2-` to extract this part.
SN	raw total sequences:	59151234	# excluding supplementary and secondary reads
SN	filtered sequences:	0
SN	sequences:	59151234
SN	is sorted:	1
SN	1st fragments:	29575617
SN	last fragments:	29575617
SN	reads mapped:	770
SN	reads mapped and paired:	758	# paired-end technology bit set + both mates mapped
SN	reads unmapped:	59150464
SN	reads properly paired:	754	# proper-pair bit set
SN	reads paired:	59151234	# paired-end technology bit set
SN	reads duplicated:	0	# PCR or optical duplicate bit set
SN	reads MQ0:	3	# mapped and MQ=0
SN	reads QC failed:	0
SN	non-primary alignments:	0
SN	supplementary alignments:	0
SN	total length:	8902590789	# ignores clipping
SN	total first fragment length:	4451390932	# ignores clipping
SN	total last fragment length:	4451199857	# ignores clipping
SN	bases mapped:	115656	# ignores clipping
SN	bases mapped (cigar):	115656	# more accurate
SN	bases trimmed:	0
SN	bases duplicated:	0
SN	mismatches:	766	# from NM fields
SN	error rate:	6.623089e-03	# mismatches / bases mapped (cigar)
SN	average length:	151
SN	average first fragment length:	151
SN	average last fragment length:	151
SN	maximum length:	151
SN	maximum first fragment length:	151
SN	maximum last fragment length:	151
SN	average quality:	33.9
SN	insert size average:	371.4
SN	insert size standard deviation:	33.6
SN	inward oriented pairs:	378
SN	outward oriented pairs:	0
SN	pairs with other orientation:	1
SN	pairs on different chromosomes:	0
SN	percentage of properly paired reads (%):	0.0
# First Fragment Qualities. Use `grep ^FFQ | cut -f 2-` to extract this part.
# Columns correspond to qualities and rows to cycles. First column is the cycle number.
FFQ	1	0	0	2524	0	0	0	0	0	0	0	0	0	0	0	674131	0	0	0	0	0	0	299268	0	0	0	0	0	18562	0	0	0	0	28581132	0	0	0	0	0
FFQ	2	0	0	87	0	0	0	0	0	0	0	0	0	0	0	464117	0	0	0	0	0	0	254979	0	0	0	0	0	6606	0	0	0	0	28849828	0	0	0	0	0
FFQ	3	0	0	0	0	0	0	0	0	0	0	0	0	0	0	408088	0	0	0	0	0	0	170482	0	0	0	0	0	3215	0	0	0	0	28993832	0	0	0	0	0
FFQ	4	0	0	0	0	0	0	0	0	0	0	0	0	0	0	359155	0	0	0	0	0	0	196569	0	0	0	0	0	4150	0	0	0	0	29015743	0	0	0	0	0
FFQ	5	0	0	0	0	0	0	0	0	0	0	0	0	0	0	313076	0	0	0	0	0	0	187803	0	0	0	0	0	4006	0	0	0	0	29070732	0	0	0	0	0
FFQ	6	0	0	3078	0	0	0	0	0	0	0	0	0	0	0	391436	0	0	0	0	0	0	302346	0	0	0	0	0	6098	0	0	0	0	1003571	0	0	0	27869088	0
FFQ	7	0	0	46	0	0	0	0	0	0	0	0	0	0	0	425219	0	0	0	0	0	0	257522	0	0	0	0	0	3627	0	0	0	0	1100614	0	0	0	27788589	0
FFQ	8	0	0	10	0	0	0	0	0	0	0	0	0	0	0	446244	0	0	0	0	0	0	238053	0	0	0	0	0	2653	0	0	0	0	1125824	0	0	0	27762833	0
FFQ	9	0	0	18	0	0	0	0	0	0	0	0	0	0	0	446333	0	0	0	0	0	0	230633	0	0	0	0	0	2141	0	0	0	0	1124625	0	0	0	27771867	0
FFQ	10	0	0	0	0	0	0	0	0	0	0	0	0	0	0	445077	0	0	0	0	0	0	230253	0	0	0	0	0	1881	0	0	0	0	1123730	0	0	0	27774676	0
FFQ	11	0	0	0	0	0	0	0	0	0	0	0	0	0	0	442775	0	0	0	0	0	0	233202	0	0	0	0	0	1926	0	0	0	0	1127264	0	0	0	27770450	0
FFQ	12	0	0	21	0	0	0	0	0	0	0	0	0	0	0	441034	0	0	0	0	0	0	233797	0	0	0	0	0	2003	0	0	0	0	1135042	0	0	0	27763720	0
FFQ	13	0	0	0	0	0	0	0	0	0	0	0	0	0	0	438431	0	0	0	0	0	0	233665	0	0	0	0	0	2522	0	0	0	0	1142687	0	0	0	27758312	0
FFQ	14	0	0	4	0	0	0	0	0	0	0	0	0	0	0	443243	0	0	0	0	0	0	234790	0	0	0	0	0	2736	0	0	0	0	1155735	0	0	0	27739109	0
FFQ	15	0	0	23	0	0	0	0	0	0	0	0	0	0	0	447129	0	0	0	0	0	0	228994	0	0	0	0	0	3117	0	0	0	0	1173003	0	0	0	27723351	0
FFQ	16	0	0	13	0	0	0	0	0	0	0	0	0	0	0	446630	0	0	0	0	0	0	220461	0	0	0	0	0	3792	0	0	0	0	1177261	0	0	0	27727460	0
FFQ	17	0	0	118	0	0	0	0	0	0	0	0	0	0	0	452899	0	0	0	0	0	0	222778	0	0	0	0	0	5685	0	0	0	0	1197237	0	0	0	27696900	0
FFQ	18	0	0	4	0	0	0	0	0	0	0	0	0	0	0	456777	0	0	0	0	0	0	217626	0	0	0	0	0	7147	0	0	0	0	1211808	0	0	0	27682255	0
FFQ	19	0	0	100	0	0	0	0	0	0	0	0	0	0	0	464257	0	0	0	0	0	0	212293	0	0	0	0	0	10375	0	0	0	0	1229254	0	0	0	27659338	0
FFQ	20	0	0	0	0	0	0	0	0	0	0	0	0	0	0	470283	0	0	0	0	0	0	207346	0	0	0	0	0	13265	0	0	0	0	1234306	0	0	0	27650417	0
FFQ	21	0	0	0	0	0	0	0	0	0	0	0	0	0	0	485609	0	0	0	0	0	0	200273	0	0	0	0	0	23649	0	0	0	0	1246985	0	0	0	27619101	0
FFQ	22	0	0	0	0	0	0	0	0	0	0	0	0	0	0	502230	0	0	0	0	0	0	195532	0	0	0	0	0	32221	0	0	0	0	1271205	0	0	0	27574429	0
FFQ	23	0	0	1	0	0	0	0	0	0	0	0	0	0	0	524012	0	0	0	0	0	0	185984	0	0	0	0	0	43663	0	0	0	0	1283227	0	0	0	27538730	0
FFQ	24	0	0	0	0	0	0	0	0	0	0	0	0	0	0	539499	0	0	0	0	0	0	172888	0	0	0	0	0	62317	0	0	0	0	1281745	0	0	0	27519168	0
FFQ	25	0	0	0	0	0	0	0	0	0	0	0	0	0	0	558563	0	0	0	0	0	0	161799	0	0	0	0	0	78160	0	0	0	0	1291210	0	0	0	27485885	0
FFQ	26	0	0	33	0	0	0	0	0	0	0	0	0	0	0	586375	0	0	0	0	0	0	155774	0	0	0	0	0	89784	0	0	0	0	1294578	0	0	0	27449073	0
FFQ	27	0	0	57	0	0	0	0	0	0	0	0	0	0	0	599319	0	0	0	0	0	0	145050	0	0	0	0	0	107310	0	0	0	0	1294178	0	0	0	27429703	0
FFQ	28	0	0	114	0	0	0	0	0	0	0	0	0	0	0	610969	0	0	0	0	0	0	135385	0	0	0	0	0	118626	0	0	0	0	1302036	0	0	0	27408487	0
FFQ	29	0	0	46	0	0	0	0	0	0	0	0	0	0	0	622420	0	0	0	0	0	0	132568	0	0	0	0	0	126301	0	0	0	0	1309262	0	0	0	27385020	0
FFQ	30	0	0	0	0	0	0	0	0	0	0	0	0	0	0	633947	0	0	0	0	0	0	127341	0	0	0	0	0	134231	0	0	0	0	1320520	0	0	0	27359578	0
FFQ	31	0	0	0	0	0	0	0	0	0	0	0	0	0	0	643144	0	0	0	0	0	0	122507	0	0	0	0	0	139157	0	0	0	0	1335806	0	0	0	27335003	0
FFQ	32	0	0	0	0	0	0	0	0	0	0	0	0	0	0	654365	0	0	0	0	0	0	117281	0	0	0	0	0	144120	0	0	0	0	1340065	0	0	0	27319786	0
FFQ	33	0	0	0	0	0	0	0	0	0	0	0	0	0	0	665959	0	0	0	0	0	0	116499	0	0	0	0	0	146582	0	0	0	0	1362101	0	0	0	27284476	0
FFQ	34	0	0	0	0	0	0	0	0	0	0	0	0	0	0	674459	0	0	0	0	0	0	112250	0	0	0	0	0	150449	0	0	0	0	1375043	0	0	0	27263416	0
FFQ	35	0	0	0	0	0	0	0	0	0	0	0	0	0	0	689822	0	0	0	0	0	0	110312	0	0	0	0	0	150900	0	0	0	0	1393650	0	0	0	27230933	0
FFQ	36	0	0	105	0	0	0	0	0	0	0	0	0	0	0	701526	0	0	0	0	0	0	104626	0	0	0	0	0	153745	0	0	0	0	1410008	0	0	0	27205607	0
FFQ	37	0	0	0	0	0	0	0	0	0	0	0	0	0	0	712241	0	0	0	0	0	0	97480	0	0	0	0	0	152841	0	0	0	0	1418150	0	0	0	27194905	0
FFQ	38	0	0	0	0	0	0	0	0	0	0	0	0	0	0	730645	0	0	0	0	0	0	92802	0	0	0	0	0	153017	0	0	0	0	1428887	0	0	0	27170266	0
FFQ	39	0	0	18	0	0	0	0	0	0	0	0	0	0	0	742822	0	0	0	0	0	0	88789	0	0	0	0	0	152995	0	0	0	0	1444857	0	0	0	27146136	0
FFQ	40	0	0	0	0	0	0	0	0	0	0	0	0	0	0	752766	0	0	0	0	0	0	83984	0	0	0	0	0	154072	0	0	0	0	1452455	0	0	0	27132340	0
FFQ	41	0	0	0	0	0	0	0	0	0	0	0	0	0	0	764860	0	0	0	0	0	0	81826	0	0	0	0	0	154135	0	0	0	0	1454562	0	0	0	27120234	0
FFQ	42	0	0	0	0	0	0	0	0	0	0	0	0	0	0	776096	0	0	0	0	0	0	78249	0	0	0	0	0	153656	0	0	0	0	1460493	0	0	0	27107123	0
FFQ	43	0	0	0	0	0	0	0	0	0	0	0	0	0	0	789660	0	0	0	0	0	0	80180	0	0	0	0	0	157505	0	0	0	0	1465955	0	0	0	27082317	0
FFQ	44	0	0	0	0	0	0	0	0	0	0	0	0	0	0	794303	0	0	0	0	0	0	78596	0	0	0	0	0	156700	0	0	0	0	1465099	0	0	0	27080919	0
FFQ	45	0	0	0	0	0	0	0	0	0	0	0	0	0	0	805082	0	0	0	0	0	0	83304	0	0	0	0	0	161768	0	0	0	0	1463634	0	0	0	27061829	0
FFQ	46	0	0	0	0	0	0	0	0	0	0	0	0	0	0	812210	0	0	0	0	0	0	86665	0	0	0	0	0	165015	0	0	0	0	1464776	0	0	0	27046951	0
FFQ	47	0	0	0	0	0	0	0	0	0	0	0	0	0	0	824386	0	0	0	0	0	0	90200	0	0	0	0	0	171154	0	0	0	0	1463321	0	0	0	27026556	0
FFQ	48	0	0	0	0	0	0	0	0	0	0	0	0	0	0	835534	0	0	0	0	0	0	104431	0	0	0	0	0	186706	0	0	0	0	1448883	0	0	0	27000063	0
FFQ	49	0	0	0	0	0	0	0	0	0	0	0	0	0	0	841700	0	0	0	0	0	0	114050	0	0	0	0	0	195542	0	0	0	0	1435252	0	0	0	26989073	0
FFQ	50	0	0	0	0	0	0	0	0	0	0	0	0	0	0	852049	0	0	0	0	0	0	124355	0	0	0	0	0	209429	0	0	0	0	1423595	0	0	0	26966189	0
FFQ	51	0	0	0	0	0	0	0	0	0	0	0	0	0	0	862084	0	0	0	0	0	0	143013	0	0	0	0	0	231009	0	0	0	0	1393558	0	0	0	26945953	0
FFQ	52	0	0	0	0	0	0	0	0	0	0	0	0	0	0	872138	0	0	0	0	0	0	160173	0	0	0	0	0	254657	0	0	0	0	1376887	0	0	0	26911762	0
FFQ	53	0	0	0	0	0	0	0	0	0	0	0	0	0	0	880894	0	0	0	0	0	0	174742	0	0	0	0	0	274603	0	0	0	0	1362217	0	0	0	26883161	0
FFQ	54	0	0	1	0	0	0	0	0	0	0	0	0	0	0	894244	0	0	0	0	0	0	184831	0	0	0	0	0	290277	0	0	0	0	1360090	0	0	0	26846174	0
FFQ	55	0	0	0	0	0	0	0	0	0	0	0	0	0	0	897456	0	0	0	0	0	0	197015	0	0	0	0	0	312257	0	0	0	0	1360729	0	0	0	26808160	0
FFQ	56	0	0	0	0	0	0	0	0	0	0	0	0	0	0	909795	0	0	0	0	0	0	204063	0	0	0	0	0	331632	0	0	0	0	1367116	0	0	0	26763011	0
FFQ	57	0	0	22	0	0	0	0	0	0	0	0	0	0	0	923706	0	0	0	0	0	0	211473	0	0	0	0	0	349233	0	0	0	0	1392180	0	0	0	26699003	0
FFQ	58	0	0	1	0	0	0	0	0	0	0	0	0	0	0	932521	0	0	0	0	0	0	216098	0	0	0	0	0	370285	0	0	0	0	1435292	0	0	0	26621420	0
FFQ	59	0	0	1	0	0	0	0	0	0	0	0	0	0	0	946499	0	0	0	0	0	0	217055	0	0	0	0	0	388476	0	0	0	0	1498377	0	0	0	26525209	0
FFQ	60	0	0	6	0	0	0	0	0	0	0	0	0	0	0	964872	0	0	0	0	0	0	219911	0	0	0	0	0	407162	0	0	0	0	1571000	0	0	0	26412666	0
FFQ	61	0	0	0	0	0	0	0	0	0	0	0	0	0	0	976145	0	0	0	0	0	0	218178	0	0	0	0	0	423774	0	0	0	0	1667665	0	0	0	26289641	0
FFQ	62	0	0	0	0	0	0	0	0	0	0	0	0	0	0	987396	0	0	0	0	0	0	216313	0	0	0	0	0	434474	0	0	0	0	1743864	0	0	0	26193172	0
FFQ	63	0	0	0	0	0	0	0	0	0	0	0	0	0	0	1000747	0	0	0	0	0	0	216581	0	0	0	0	0	449229	0	0	0	0	1853464	0	0	0	26054991	0
FFQ	64	0	0	32	0	0	0	0	0	0	0	0	0	0	0	1018560	0	0	0	0	0	0	216740	0	0	0	0	0	462125	0	0	0	0	1955283	0	0	0	25922076	0
FFQ	65	0	0	10	0	0	0	0	0	0	0	0	0	0	0	1026041	0	0	0	0	0	0	214660	0	0	0	0	0	468525	0	0	0	0	2040615	0	0	0	25824742	0
FFQ	66	0	0	0	0	0	0	0	0	0	0	0	0	0	0	1052360	0	0	0	0	0	0	216453	0	0	0	0	0	490630	0	0	0	0	2200423	0	0	0	25614481	0
FFQ	67	0	0	1	0	0	0	0	0	0	0	0	0	0	0	1053663	0	0	0	0	0	0	215777	0	0	0	0	0	502146	0	0	0	0	2303977	0	0	0	25498558	0
FFQ	68	0	0	0	0	0	0	0	0	0	0	0	0	0	0	1066780	0	0	0	0	0	0	217612	0	0	0	0	0	515157	0	0	0	0	2409773	0	0	0	25364567	0
FFQ	69	0	0	0	0	0	0	0	0	0	0	0	0	0	0	1075354	0	0	0	0	0	0	218538	0	0	0	0	0	549223	0	0	0	0	2519665	0	0	0	25210868	0
FFQ	70	0	0	0	0	0	0	0	0	0	0	0	0	0	0	1088361	0	0	0	0	0	0	219801	0	0	0	0	0	577586	0	0	0	0	2631453	0	0	0	25056191	0
FFQ	71	0	0	0	0	0	0	0	0	0	0	0	0	0	0	1097454	0	0	0	0	0	0	218569	0	0	0	0	0	603046	0	0	0	0	2739858	0	0	0	24914219	0
FFQ	72	0	0	0	0	0	0	0	0	0	0	0	0	0	0	1110475	0	0	0	0	0	0	220984	0	0	0	0	0	628993	0	0	0	0	2814861	0	0	0	24797588	0
FFQ	73	0	0	0	0	0	0	0	0	0	0	0	0	0	0	1112995	0	0	0	0	0	0	220880	0	0	0	0	0	667234	0	0	0	0	2907992	0	0	0	24663516	0
FFQ	74	0	0	0	0	0	0	0	0	0	0	0	0	0	0	1126945	0	0	0	0	0	0	220468	0	0	0	0	0	711067	0	0	0	0	3019194	0	0	0	24494664	0
FFQ	75	0	0	0	0	0	0	0	0	0	0	0	0	0	0	1143957	0	0	0	0	0	0	223536	0	0	0	0	0	746444	0	0	0	0	3096847	0	0	0	24361250	0
FFQ	76	0	0	0	0	0	0	0	0	0	0	0	0	0	0	1151818	0	0	0	0	0	0	223829	0	0	0	0	0	771679	0	0	0	0	3143822	0	0	0	24280578	0
FFQ	77	0	0	0	0	0	0	0	0	0	0	0	0	0	0	1168628	0	0	0	0	0	0	223901	0	0	0	0	0	799298	0	0	0	0	3175745	0	0	0	24203827	0
FFQ	78	0	0	0	0	0	0	0	0	0	0	0	0	0	0	1177179	0	0	0	0	0	0	224557	0	0	0	0	0	831502	0	0	0	0	3219982	0	0	0	24117859	0
FFQ	79	0	0	0	0	0	0	0	0	0	0	0	0	0	0	1186101	0	0	0	0	0	0	224760	0	0	0	0	0	862398	0	0	0	0	3258596	0	0	0	24038907	0
FFQ	80	0	0	0	0	0	0	0	0	0	0	0	0	0	0	1208539	0	0	0	0	0	0	223739	0	0	0	0	0	867373	0	0	0	0	3260536	0	0	0	24010237	0
FFQ	81	0	0	0	0	0	0	0	0	0	0	0	0	0	0	1220217	0	0	0	0	0	0	223293	0	0	0	0	0	896236	0	0	0	0	3282786	0	0	0	23947547	0
FFQ	82	0	0	0	0	0	0	0	0	0	0	0	0	0	0	1230396	0	0	0	0	0	0	221624	0	0	0	0	0	912888	0	0	0	0	3294070	0	0	0	23910710	0
FFQ	83	0	0	0	0	0	0	0	0	0	0	0	0	0	0	1247418	0	0	0	0	0	0	217566	0	0	0	0	0	926513	0	0	0	0	3288026	0	0	0	23889815	0
FFQ	84	0	0	0	0	0	0	0	0	0	0	0	0	0	0	1266269	0	0	0	0	0	0	216898	0	0	0	0	0	941031	0	0	0	0	3309906	0	0	0	23834867	0
FFQ	85	0	0	0	0	0	0	0	0	0	0	0	0	0	0	1275568	0	0	0	0	0	0	215277	0	0	0	0	0	952679	0	0	0	0	3306821	0	0	0	23818216	0
FFQ	86	0	0	0	0	0	0	0	0	0	0	0	0	0	0	1292726	0	0	0	0	0	0	213578	0	0	0	0	0	960523	0	0	0	0	3303686	0	0	0	23797626	0
FFQ	87	0	0	0	0	0	0	0	0	0	0	0	0	0	0	1306698	0	0	0	0	0	0	215491	0	0	0	0	0	963227	0	0	0	0	3291633	0	0	0	23790695	0
FFQ	88	0	0	0	0	0	0	0	0	0	0	0	0	0	0	1328432	0	0	0	0	0	0	214515	0	0	0	0	0	965873	0	0	0	0	3308460	0	0	0	23750058	0
FFQ	89	0	0	0	0	0	0	0	0	0	0	0	0	0	0	1347140	0	0	0	0	0	0	217620	0	0	0	0	0	973098	0	0	0	0	3316503	0	0	0	23712535	0
FFQ	90	0	0	0	0	0	0	0	0	0	0	0	0	0	0	1369438	0	0	0	0	0	0	221726	0	0	0	0	0	985757	0	0	0	0	3349182	0	0	0	23640332	0
FFQ	91	0	0	0	0	0	0	0	0	0	0	0	0	0	0	1384356	0	0	0	0	0	0	224691	0	0	0	0	0	997385	0	0	0	0	3375629	0	0	0	23583945	0
FFQ	92	0	0	0	0	0	0	0	0	0	0	0	0	0	0	1402885	0	0	0	0	0	0	231131	0	0	0	0	0	1007143	0	0	0	0	3399001	0	0	0	23525364	0
FFQ	93	0	0	0	0	0	0	0	0	0	0	0	0	0	0	1417472	0	0	0	0	0	0	244256	0	0	0	0	0	1017206	0	0	0	0	3415649	0	0	0	23470491	0
FFQ	94	0	0	0	0	0	0	0	0	0	0	0	0	0	0	1434508	0	0	0	0	0	0	253930	0	0	0	0	0	1026396	0	0	0	0	3451056	0	0	0	23398708	0
FFQ	95	0	0	0	0	0	0	0	0	0	0	0	0	0	0	1438817	0	0	0	0	0	0	265842	0	0	0	0	0	1037031	0	0	0	0	3463335	0	0	0	23359084	0
FFQ	96	0	0	0	0	0	0	0	0	0	0	0	0	0	0	1459766	0	0	0	0	0	0	270711	0	0	0	0	0	1036783	0	0	0	0	3494281	0	0	0	23302054	0
FFQ	97	0	0	0	0	0	0	0	0	0	0	0	0	0	0	1469375	0	0	0	0	0	0	287406	0	0	0	0	0	1054477	0	0	0	0	3572566	0	0	0	23179264	0
FFQ	98	0	0	0	0	0	0	0	0	0	0	0	0	0	0	1489364	0	0	0	0	0	0	287170	0	0	0	0	0	1058245	0	0	0	0	3577923	0	0	0	23149873	0
FFQ	99	0	0	0	0	0	0	0	0	0	0	0	0	0	0	1500578	0	0	0	0	0	0	299925	0	0	0	0	0	1075219	0	0	0	0	3635516	0	0	0	23050735	0
FFQ	100	0	0	0	0	0	0	0	0	0	0	0	0	0	0	1517385	0	0	0	0	0	0	300796	0	0	0	0	0	1091350	0	0	0	0	3679734	0	0	0	22972162	0
FFQ	101	0	0	0	0	0	0	0	0	0	0	0	0	0	0	1544570	0	0	0	0	0	0	303576	0	0	0	0	0	1101151	0	0	0	0	3712511	0	0	0	22899045	0
FFQ	102	0	0	0	0	0	0	0	0	0	0	0	0	0	0	1554518	0	0	0	0	0	0	312026	0	0	0	0	0	1128415	0	0	0	0	3795794	0	0	0	22769517	0
FFQ	103	0	0	0	0	0	0	0	0	0	0	0	0	0	0	1578523	0	0	0	0	0	0	316139	0	0	0	0	0	1143955	0	0	0	0	3822875	0	0	0	22698133	0
FFQ	104	0	0	0	0	0	0	0	0	0	0	0	0	0	0	1590287	0	0	0	0	0	0	319311	0	0	0	0	0	1187115	0	0	0	0	3907622	0	0	0	22554686	0
FFQ	105	0	0	0	0	0	0	0	0	0	0	0	0	0	0	1613290	0	0	0	0	0	0	322214	0	0	0	0	0	1214192	0	0	0	0	3931147	0	0	0	22477527	0
FFQ	106	0	0	0	0	0	0	0	0	0	0	0	0	0	0	1624880	0	0	0	0	0	0	328253	0	0	0	0	0	1256669	0	0	0	0	3978629	0	0	0	22369306	0
FFQ	107	0	0	0	0	0	0	0	0	0	0	0	0	0	0	1645285	0	0	0	0	0	0	325113	0	0	0	0	0	1268251	0	0	0	0	3977812	0	0	0	22340626	0
FFQ	108	0	0	12	0	0	0	0	0	0	0	0	0	0	0	1652006	0	0	0	0	0	0	328233	0	0	0	0	0	1362067	0	0	0	0	4064518	0	0	0	22149544	0
FFQ	109	0	0	0	0	0	0	0	0	0	0	0	0	0	0	1664763	0	0	0	0	0	0	329601	0	0	0	0	0	1397653	0	0	0	0	4098308	0	0	0	22065377	0
FFQ	110	0	0	4	0	0	0	0	0	0	0	0	0	0	0	1684786	0	0	0	0	0	0	326024	0	0	0	0	0	1432388	0	0	0	0	4136224	0	0	0	21975528	0
FFQ	111	0	0	18	0	0	0	0	0	0	0	0	0	0	0	1702229	0	0	0	0	0	0	328568	0	0	0	0	0	1523817	0	0	0	0	4233359	0	0	0	21766237	0
FFQ	112	0	0	7	0	0	0	0	0	0	0	0	0	0	0	1726851	0	0	0	0	0	0	331651	0	0	0	0	0	1560729	0	0	0	0	4260477	0	0	0	21673715	0
FFQ	113	0	0	46	0	0	0	0	0	0	0	0	0	0	0	1741396	0	0	0	0	0	0	334503	0	0	0	0	0	1631171	0	0	0	0	4398941	0	0	0	21446586	0
FFQ	114	0	0	0	0	0	0	0	0	0	0	0	0	0	0	1770590	0	0	0	0	0	0	333977	0	0	0	0	0	1671715	0	0	0	0	4496332	0	0	0	21279235	0
FFQ	115	0	0	30	0	0	0	0	0	0	0	0	0	0	0	1793769	0	0	0	0	0	0	334990	0	0	0	0	0	1731189	0	0	0	0	4634868	0	0	0	21056167	0
FFQ	116	0	0	63	0	0	0	0	0	0	0	0	0	0	0	1804738	0	0	0	0	0	0	337775	0	0	0	0	0	1777031	0	0	0	0	4718555	0	0	0	20911996	0
FFQ	117	0	0	76	0	0	0	0	0	0	0	0	0	0	0	1830813	0	0	0	0	0	0	335761	0	0	0	0	0	1821023	0	0	0	0	4830600	0	0	0	20730941	0
FFQ	118	0	0	29	0	0	0	0	0	0	0	0	0	0	0	1864620	0	0	0	0	0	0	339241	0	0	0	0	0	1872046	0	0	0	0	4987609	0	0	0	20484668	0
FFQ	119	0	0	5	0	0	0	0	0	0	0	0	0	0	0	1882077	0	0	0	0	0	0	340309	0	0	0	0	0	1885084	0	0	0	0	4985234	0	0	0	20454497	0
FFQ	120	0	0	7	0	0	0	0	0	0	0	0	0	0	0	1927627	0	0	0	0	0	0	346104	0	0	0	0	0	1961154	0	0	0	0	5258402	0	0	0	20052874	0
FFQ	121	0	0	0	0	0	0	0	0	0	0	0	0	0	0	1941785	0	0	0	0	0	0	343258	0	0	0	0	0	1991282	0	0	0	0	5326376	0	0	0	19942361	0
FFQ	122	0	0	0	0	0	0	0	0	0	0	0	0	0	0	1963465	0	0	0	0	0	0	340869	0	0	0	0	0	2006413	0	0	0	0	5356477	0	0	0	19876668	0
FFQ	123	0	0	0	0	0	0	0	0	0	0	0	0	0	0	2007168	0	0	0	0	0	0	355139	0	0	0	0	0	2120317	0	0	0	0	5642866	0	0	0	19417224	0
FFQ	124	0	0	0	0	0	0	0	0	0	0	0	0	0	0	2037817	0	0	0	0	0	0	356519	0	0	0	0	0	2150527	0	0	0	0	5697933	0	0	0	19298737	0
FFQ	125	0	0	0	0	0	0	0	0	0	0	0	0	0	0	2059146	0	0	0	0	0	0	355113	0	0	0	0	0	2169233	0	0	0	0	5767703	0	0	0	19189078	0
FFQ	126	0	0	0	0	0	0	0	0	0	0	0	0	0	0	2090621	0	0	0	0	0	0	363446	0	0	0	0	0	2293888	0	0	0	0	6064808	0	0	0	18726264	0
FFQ	127	0	0	0	0	0	0	0	0	0	0	0	0	0	0	2137019	0	0	0	0	0	0	365463	0	0	0	0	0	2379865	0	0	0	0	6238061	0	0	0	18417266	0
FFQ	128	0	0	0	0	0	0	0	0	0	0	0	0	0	0	2157937	0	0	0	0	0	0	361194	0	0	0	0	0	2425501	0	0	0	0	6242095	0	0	0	18349533	0
FFQ	129	0	0	0	0	0	0	0	0	0	0	0	0	0	0	2184468	0	0	0	0	0	0	365940	0	0	0	0	0	2514303	0	0	0	0	6390487	0	0	0	18079629	0
FFQ	130	0	0	0	0	0	0	0	0	0	0	0	0	0	0	2211867	0	0	0	0	0	0	379556	0	0	0	0	0	2686717	0	0	0	0	6693648	0	0	0	17561519	0
FFQ	131	0	0	0	0	0	0	0	0	0	0	0	0	0	0	2222541	0	0	0	0	0	0	374195	0	0	0	0	0	2773100	0	0	0	0	6789709	0	0	0	17372269	0
FFQ	132	0	0	0	0	0	0	0	0	0	0	0	0	0	0	2274356	0	0	0	0	0	0	385173	0	0	0	0	0	2912446	0	0	0	0	7054268	0	0	0	16903910	0
FFQ	133	0	0	0	0	0	0	0	0	0	0	0	0	0	0	2281258	0	0	0	0	0	0	408500	0	0	0	0	0	3087965	0	0	0	0	7340564	0	0	0	16410131	0
FFQ	134	0	0	0	0	0	0	0	0	0	0	0	0	0	0	2337363	0	0	0	0	0	0	415384	0	0	0	0	0	3166698	0	0	0	0	7410996	0	0	0	16196205	0
FFQ	135	0	0	0	0	0	0	0	0	0	0	0	0	0	0	2339541	0	0	0	0	0	0	450608	0	0	0	0	0	3257762	0	0	0	0	7626149	0	0	0	15850760	0
FFQ	136	0	0	0	0	0	0	0	0	0	0	0	0	0	0	2363666	0	0	0	0	0	0	473698	0	0	0	0	0	3480430	0	0	0	0	7965076	0	0	0	15240158	0
FFQ	137	0	0	0	0	0	0	0	0	0	0	0	0	0	0	2352758	0	0	0	0	0	0	518952	0	0	0	0	0	3573086	0	0	0	0	8177193	0	0	0	14899032	0
FFQ	138	0	0	0	0	0	0	0	0	0	0	0	0	0	0	2403252	0	0	0	0	0	0	535348	0	0	0	0	0	3729659	0	0	0	0	8390556	0	0	0	14459739	0
FFQ	139	0	0	0	0	0	0	0	0	0	0	0	0	0	0	2397075	0	0	0	0	0	0	636761	0	0	0	0	0	3979880	0	0	0	0	8883455	0	0	0	13618154	0
FFQ	140	0	0	0	0	0	0	0	0	0	0	0	0	0	0	2424779	0	0	0	0	0	0	658131	0	0	0	0	0	4029172	0	0	0	0	8976964	0	0	0	13421319	0
FFQ	141	0	0	0	0	0	0	0	0	0	0	0	0	0	0	2455272	0	0	0	0	0	0	717373	0	0	0	0	0	4138173	0	0	0	0	9204796	0	0	0	12986067	0
FFQ	142	0	0	0	0	0	0	0	0	0	0	0	0	0	0	2492793	0	0	0	0	0	0	779106	0	0	0	0	0	4306410	0	0	0	0	9481025	0	0	0	12425915	0
FFQ	143	0	0	0	0	0	0	0	0	0	0	0	0	0	0	2490797	0	0	0	0	0	0	846396	0	0	0	0	0	4387353	0	0	0	0	9688815	0	0	0	12054034	0
FFQ	144	0	0	0	0	0	0	0	0	0	0	0	0	0	0	2516011	0	0	0	0	0	0	912594	0	0	0	0	0	4466307	0	0	0	0	9886847	0	0	0	11682273	0
FFQ	145	0	0	30	0	0	0	0	0	0	0	0	0	0	0	2547811	0	0	0	0	0	0	986802	0	0	0	0	0	4597196	0	0	0	0	10047792	0	0	0	11279938	0
FFQ	146	0	0	0	0	0	0	0	0	0	0	0	0	0	0	2560713	0	0	0	0	0	0	1072930	0	0	0	0	0	4693204	0	0	0	0	10276191	0	0	0	10845663	0
FFQ	147	0	0	0	0	0	0	0	0	0	0	0	0	0	0	2608970	0	0	0	0	0	0	1132691	0	0	0	0	0	4776733	0	0	0	0	10392300	0	0	0	10511116	0
FFQ	148	0	0	0	0	0	0	0	0	0	0	0	0	0	0	2616297	0	0	0	0	0	0	1212028	0	0	0	0	0	4854519	0	0	0	0	10591181	0	0	0	10027162	0
FFQ	149	0	0	1	0	0	0	0	0	0	0	0	0	0	0	2600493	0	0	0	0	0	0	1286249	0	0	0	0	0	4897008	0	0	0	0	10693795	0	0	0	9429284	0
FFQ	150	0	0	0	0	0	0	0	0	0	0	0	0	0	0	2479752	0	0	0	0	0	0	1280809	0	0	0	0	0	4788995	0	0	0	0	10252915	0	0	0	8616702	0
FFQ	151	0	0	0	0	0	0	0	0	0	0	0	0	0	0	4138733	0	0	0	0	0	0	2795497	0	0	0	0	0	5420777	0	0	0	0	5386789	0	0	0	2743630	0
# Last Fragment Qualities. Use `grep ^LFQ | cut -f 2-` to extract this part.
# Columns correspond to qualities and rows to cycles. First column is the cycle number.
LFQ	1	0	0	1871	0	0	0	0	0	0	0	0	0	0	0	702327	0	0	0	0	0	0	473726	0	0	0	0	0	19959	0	0	0	0	28377734	0	0	0	0	0
LFQ	2	0	0	1450	0	0	0	0	0	0	0	0	0	0	0	911863	0	0	0	0	0	0	297616	0	0	0	0	0	8740	0	0	0	0	28355948	0	0	0	0	0
LFQ	3	0	0	133	0	0	0	0	0	0	0	0	0	0	0	719561	0	0	0	0	0	0	308214	0	0	0	0	0	5748	0	0	0	0	28541961	0	0	0	0	0
LFQ	4	0	0	18	0	0	0	0	0	0	0	0	0	0	0	680410	0	0	0	0	0	0	330269	0	0	0	0	0	4877	0	0	0	0	28560043	0	0	0	0	0
LFQ	5	0	0	10	0	0	0	0	0	0	0	0	0	0	0	658369	0	0	0	0	0	0	316676	0	0	0	0	0	4448	0	0	0	0	28596114	0	0	0	0	0
LFQ	6	0	0	0	0	0	0	0	0	0	0	0	0	0	0	647850	0	0	0	0	0	0	308234	0	0	0	0	0	4625	0	0	0	0	1159634	0	0	0	27455274	0
LFQ	7	0	0	0	0	0	0	0	0	0	0	0	0	0	0	671417	0	0	0	0	0	0	292610	0	0	0	0	0	4448	0	0	0	0	1204175	0	0	0	27402967	0
LFQ	8	0	0	0	0	0	0	0	0	0	0	0	0	0	0	683610	0	0	0	0	0	0	284075	0	0	0	0	0	3900	0	0	0	0	1233861	0	0	0	27370171	0
LFQ	9	0	0	0	0	0	0	0	0	0	0	0	0	0	0	691259	0	0	0	0	0	0	271493	0	0	0	0	0	3429	0	0	0	0	1245738	0	0	0	27363698	0
LFQ	10	0	0	35	0	0	0	0	0	0	0	0	0	0	0	692798	0	0	0	0	0	0	270547	0	0	0	0	0	3184	0	0	0	0	1259892	0	0	0	27349161	0
LFQ	11	0	0	0	0	0	0	0	0	0	0	0	0	0	0	696781	0	0	0	0	0	0	271628	0	0	0	0	0	3395	0	0	0	0	1255843	0	0	0	27347970	0
LFQ	12	0	0	6	0	0	0	0	0	0	0	0	0	0	0	699787	0	0	0	0	0	0	269913	0	0	0	0	0	3257	0	0	0	0	1258801	0	0	0	27343853	0
LFQ	13	0	0	0	0	0	0	0	0	0	0	0	0	0	0	701183	0	0	0	0	0	0	270310	0	0	0	0	0	3880	0	0	0	0	1260432	0	0	0	27339812	0
LFQ	14	0	0	3	0	0	0	0	0	0	0	0	0	0	0	702911	0	0	0	0	0	0	270339	0	0	0	0	0	4466	0	0	0	0	1260857	0	0	0	27337041	0
LFQ	15	0	0	0	0	0	0	0	0	0	0	0	0	0	0	704868	0	0	0	0	0	0	267920	0	0	0	0	0	5036	0	0	0	0	1265748	0	0	0	27332045	0
LFQ	16	0	0	0	0	0	0	0	0	0	0	0	0	0	0	713956	0	0	0	0	0	0	269163	0	0	0	0	0	6331	0	0	0	0	1272143	0	0	0	27314024	0
LFQ	17	0	0	0	0	0	0	0	0	0	0	0	0	0	0	716731	0	0	0	0	0	0	267641	0	0	0	0	0	9001	0	0	0	0	1272598	0	0	0	27309646	0
LFQ	18	0	0	0	0	0	0	0	0	0	0	0	0	0	0	718383	0	0	0	0	0	0	264213	0	0	0	0	0	11805	0	0	0	0	1271990	0	0	0	27309226	0
LFQ	19	0	0	0	0	0	0	0	0	0	0	0	0	0	0	728579	0	0	0	0	0	0	257403	0	0	0	0	0	18876	0	0	0	0	1269168	0	0	0	27301591	0
LFQ	20	0	0	0	0	0	0	0	0	0	0	0	0	0	0	737621	0	0	0	0	0	0	255957	0	0	0	0	0	21914	0	0	0	0	1270855	0	0	0	27289270	0
LFQ	21	0	0	0	0	0	0	0	0	0	0	0	0	0	0	744182	0	0	0	0	0	0	246491	0	0	0	0	0	31860	0	0	0	0	1264712	0	0	0	27288372	0
LFQ	22	0	0	0	0	0	0	0	0	0	0	0	0	0	0	760828	0	0	0	0	0	0	236731	0	0	0	0	0	41955	0	0	0	0	1260481	0	0	0	27275622	0
LFQ	23	0	0	0	0	0	0	0	0	0	0	0	0	0	0	772963	0	0	0	0	0	0	227805	0	0	0	0	0	50655	0	0	0	0	1252725	0	0	0	27271469	0
LFQ	24	0	0	6	0	0	0	0	0	0	0	0	0	0	0	788336	0	0	0	0	0	0	216942	0	0	0	0	0	59954	0	0	0	0	1249840	0	0	0	27260539	0
LFQ	25	0	0	0	0	0	0	0	0	0	0	0	0	0	0	802798	0	0	0	0	0	0	206490	0	0	0	0	0	71096	0	0	0	0	1243739	0	0	0	27251494	0
LFQ	26	0	0	1	0	0	0	0	0	0	0	0	0	0	0	821643	0	0	0	0	0	0	199339	0	0	0	0	0	80685	0	0	0	0	1239802	0	0	0	27234147	0
LFQ	27	0	0	46	0	0	0	0	0	0	0	0	0	0	0	834484	0	0	0	0	0	0	190097	0	0	0	0	0	88517	0	0	0	0	1238444	0	0	0	27224029	0
LFQ	28	0	0	0	0	0	0	0	0	0	0	0	0	0	0	848143	0	0	0	0	0	0	180378	0	0	0	0	0	98979	0	0	0	0	1234450	0	0	0	27213667	0
LFQ	29	0	0	0	0	0	0	0	0	0	0	0	0	0	0	862134	0	0	0	0	0	0	174133	0	0	0	0	0	102645	0	0	0	0	1239773	0	0	0	27196932	0
LFQ	30	0	0	0	0	0	0	0	0	0	0	0	0	0	0	871837	0	0	0	0	0	0	170785	0	0	0	0	0	106756	0	0	0	0	1242491	0	0	0	27183748	0
LFQ	31	0	0	0	0	0	0	0	0	0	0	0	0	0	0	883947	0	0	0	0	0	0	166014	0	0	0	0	0	111458	0	0	0	0	1246065	0	0	0	27168133	0
LFQ	32	0	0	29	0	0	0	0	0	0	0	0	0	0	0	898011	0	0	0	0	0	0	161950	0	0	0	0	0	113207	0	0	0	0	1255641	0	0	0	27146779	0
LFQ	33	0	0	151	0	0	0	0	0	0	0	0	0	0	0	912657	0	0	0	0	0	0	153803	0	0	0	0	0	115142	0	0	0	0	1263614	0	0	0	27130250	0
LFQ	34	0	0	68	0	0	0	0	0	0	0	0	0	0	0	927259	0	0	0	0	0	0	147715	0	0	0	0	0	117957	0	0	0	0	1272912	0	0	0	27109706	0
LFQ	35	0	0	160	0	0	0	0	0	0	0	0	0	0	0	937368	0	0	0	0	0	0	140761	0	0	0	0	0	116671	0	0	0	0	1277335	0	0	0	27103322	0
LFQ	36	0	0	10	0	0	0	0	0	0	0	0	0	0	0	952625	0	0	0	0	0	0	132162	0	0	0	0	0	116325	0	0	0	0	1280321	0	0	0	27094174	0
LFQ	37	0	0	1	0	0	0	0	0	0	0	0	0	0	0	963555	0	0	0	0	0	0	125591	0	0	0	0	0	116512	0	0	0	0	1286338	0	0	0	27083620	0
LFQ	38	0	0	13	0	0	0	0	0	0	0	0	0	0	0	978798	0	0	0	0	0	0	121068	0	0	0	0	0	115212	0	0	0	0	1290326	0	0	0	27070200	0
LFQ	39	0	0	24	0	0	0	0	0	0	0	0	0	0	0	989798	0	0	0	0	0	0	117915	0	0	0	0	0	115955	0	0	0	0	1294074	0	0	0	27057851	0
LFQ	40	0	0	0	0	0	0	0	0	0	0	0	0	0	0	1000260	0	0	0	0	0	0	111628	0	0	0	0	0	114912	0	0	0	0	1299027	0	0	0	27049790	0
LFQ	41	0	0	34	0	0	0	0	0	0	0	0	0	0	0	1008142	0	0	0	0	0	0	110670	0	0	0	0	0	114911	0	0	0	0	1302106	0	0	0	27039754	0
LFQ	42	0	0	0	0	0	0	0	0	0	0	0	0	0	0	1019456	0	0	0	0	0	0	108381	0	0	0	0	0	118877	0	0	0	0	1311389	0	0	0	27017514	0
LFQ	43	0	0	3	0	0	0	0	0	0	0	0	0	0	0	1026031	0	0	0	0	0	0	109343	0	0	0	0	0	123016	0	0	0	0	1323177	0	0	0	26994047	0
LFQ	44	0	0	61	0	0	0	0	0	0	0	0	0	0	0	1038374	0	0	0	0	0	0	110515	0	0	0	0	0	127376	0	0	0	0	1319844	0	0	0	26979447	0
LFQ	45	0	0	27	0	0	0	0	0	0	0	0	0	0	0	1045322	0	0	0	0	0	0	111697	0	0	0	0	0	131696	0	0	0	0	1323298	0	0	0	26963577	0
LFQ	46	0	0	140	0	0	0	0	0	0	0	0	0	0	0	1050540	0	0	0	0	0	0	120161	0	0	0	0	0	143137	0	0	0	0	1304977	0	0	0	26956662	0
LFQ	47	0	0	238	0	0	0	0	0	0	0	0	0	0	0	1061136	0	0	0	0	0	0	124204	0	0	0	0	0	148840	0	0	0	0	1295608	0	0	0	26945591	0
LFQ	48	0	0	117	0	0	0	0	0	0	0	0	0	0	0	1069432	0	0	0	0	0	0	136089	0	0	0	0	0	164650	0	0	0	0	1276133	0	0	0	26929196	0
LFQ	49	0	0	3	0	0	0	0	0	0	0	0	0	0	0	1079321	0	0	0	0	0	0	144651	0	0	0	0	0	178153	0	0	0	0	1267131	0	0	0	26906358	0
LFQ	50	0	0	0	0	0	0	0	0	0	0	0	0	0	0	1083433	0	0	0	0	0	0	159403	0	0	0	0	0	200243	0	0	0	0	1233321	0	0	0	26899217	0
LFQ	51	0	0	0	0	0	0	0	0	0	0	0	0	0	0	1090112	0	0	0	0	0	0	172341	0	0	0	0	0	219466	0	0	0	0	1222454	0	0	0	26871244	0
LFQ	52	0	0	13	0	0	0	0	0	0	0	0	0	0	0	1099939	0	0	0	0	0	0	181307	0	0	0	0	0	237160	0	0	0	0	1214821	0	0	0	26842377	0
LFQ	53	0	0	6	0	0	0	0	0	0	0	0	0	0	0	1115154	0	0	0	0	0	0	189909	0	0	0	0	0	252041	0	0	0	0	1211800	0	0	0	26806707	0
LFQ	54	0	0	27	0	0	0	0	0	0	0	0	0	0	0	1117521	0	0	0	0	0	0	201460	0	0	0	0	0	276914	0	0	0	0	1216494	0	0	0	26763201	0
LFQ	55	0	0	68	0	0	0	0	0	0	0	0	0	0	0	1132102	0	0	0	0	0	0	204698	0	0	0	0	0	291422	0	0	0	0	1243305	0	0	0	26704022	0
LFQ	56	0	0	4	0	0	0	0	0	0	0	0	0	0	0	1141130	0	0	0	0	0	0	207290	0	0	0	0	0	299372	0	0	0	0	1260450	0	0	0	26667371	0
LFQ	57	0	0	1	0	0	0	0	0	0	0	0	0	0	0	1148589	0	0	0	0	0	0	209746	0	0	0	0	0	311130	0	0	0	0	1302227	0	0	0	26603924	0
LFQ	58	0	0	0	0	0	0	0	0	0	0	0	0	0	0	1168772	0	0	0	0	0	0	210937	0	0	0	0	0	325087	0	0	0	0	1382999	0	0	0	26487822	0
LFQ	59	0	0	1	0	0	0	0	0	0	0	0	0	0	0	1179948	0	0	0	0	0	0	209919	0	0	0	0	0	334646	0	0	0	0	1441888	0	0	0	26409215	0
LFQ	60	0	0	10	0	0	0	0	0	0	0	0	0	0	0	1188309	0	0	0	0	0	0	209439	0	0	0	0	0	341407	0	0	0	0	1512657	0	0	0	26323795	0
LFQ	61	0	0	154	0	0	0	0	0	0	0	0	0	0	0	1198824	0	0	0	0	0	0	205837	0	0	0	0	0	349400	0	0	0	0	1626097	0	0	0	26195087	0
LFQ	62	0	0	47	0	0	0	0	0	0	0	0	0	0	0	1211212	0	0	0	0	0	0	204945	0	0	0	0	0	354329	0	0	0	0	1686415	0	0	0	26118255	0
LFQ	63	0	0	132	0	0	0	0	0	0	0	0	0	0	0	1219524	0	0	0	0	0	0	204259	0	0	0	0	0	364292	0	0	0	0	1857753	0	0	0	25929030	0
LFQ	64	0	0	281	0	0	0	0	0	0	0	0	0	0	0	1237376	0	0	0	0	0	0	205167	0	0	0	0	0	373510	0	0	0	0	1959707	0	0	0	25798742	0
LFQ	65	0	0	483	0	0	0	0	0	0	0	0	0	0	0	1250101	0	0	0	0	0	0	203740	0	0	0	0	0	384585	0	0	0	0	2069847	0	0	0	25665792	0
LFQ	66	0	0	418	0	0	0	0	0	0	0	0	0	0	0	1254368	0	0	0	0	0	0	202865	0	0	0	0	0	399359	0	0	0	0	2149127	0	0	0	25568161	0
LFQ	67	0	0	598	0	0	0	0	0	0	0	0	0	0	0	1266348	0	0	0	0	0	0	203991	0	0	0	0	0	421127	0	0	0	0	2253435	0	0	0	25428563	0
LFQ	68	0	0	575	0	0	0	0	0	0	0	0	0	0	0	1277675	0	0	0	0	0	0	204599	0	0	0	0	0	452057	0	0	0	0	2336294	0	0	0	25302623	0
LFQ	69	0	0	483	0	0	0	0	0	0	0	0	0	0	0	1287244	0	0	0	0	0	0	206712	0	0	0	0	0	479720	0	0	0	0	2407081	0	0	0	25192338	0
LFQ	70	0	0	198	0	0	0	0	0	0	0	0	0	0	0	1297654	0	0	0	0	0	0	208342	0	0	0	0	0	512801	0	0	0	0	2487125	0	0	0	25067204	0
LFQ	71	0	0	199	0	0	0	0	0	0	0	0	0	0	0	1309136	0	0	0	0	0	0	207240	0	0	0	0	0	562367	0	0	0	0	2526564	0	0	0	24967561	0
LFQ	72	0	0	203	0	0	0	0	0	0	0	0	0	0	0	1319021	0	0	0	0	0	0	210263	0	0	0	0	0	595521	0	0	0	0	2567686	0	0	0	24880121	0
LFQ	73	0	0	408	0	0	0	0	0	0	0	0	0	0	0	1324393	0	0	0	0	0	0	211630	0	0	0	0	0	661040	0	0	0	0	2606312	0	0	0	24768744	0
LFQ	74	0	0	611	0	0	0	0	0	0	0	0	0	0	0	1339138	0	0	0	0	0	0	211286	0	0	0	0	0	691441	0	0	0	0	2625822	0	0	0	24703945	0
LFQ	75	0	0	662	0	0	0	0	0	0	0	0	0	0	0	1349031	0	0	0	0	0	0	210850	0	0	0	0	0	730595	0	0	0	0	2641206	0	0	0	24639574	0
LFQ	76	0	0	664	0	0	0	0	0	0	0	0	0	0	0	1354404	0	0	0	0	0	0	212695	0	0	0	0	0	766277	0	0	0	0	2661704	0	0	0	24575859	0
LFQ	77	0	0	569	0	0	0	0	0	0	0	0	0	0	0	1373686	0	0	0	0	0	0	214726	0	0	0	0	0	777587	0	0	0	0	2674428	0	0	0	24530272	0
LFQ	78	0	0	718	0	0	0	0	0	0	0	0	0	0	0	1376819	0	0	0	0	0	0	215113	0	0	0	0	0	811604	0	0	0	0	2696169	0	0	0	24470518	0
LFQ	79	0	0	383	0	0	0	0	0	0	0	0	0	0	0	1391456	0	0	0	0	0	0	215874	0	0	0	0	0	823416	0	0	0	0	2711549	0	0	0	24427927	0
LFQ	80	0	0	588	0	0	0	0	0	0	0	0	0	0	0	1398594	0	0	0	0	0	0	210351	0	0	0	0	0	834551	0	0	0	0	2710117	0	0	0	24416057	0
LFQ	81	0	0	390	0	0	0	0	0	0	0	0	0	0	0	1416461	0	0	0	0	0	0	210243	0	0	0	0	0	848296	0	0	0	0	2721663	0	0	0	24372841	0
LFQ	82	0	0	257	0	0	0	0	0	0	0	0	0	0	0	1442754	0	0	0	0	0	0	214517	0	0	0	0	0	862255	0	0	0	0	2755933	0	0	0	24293785	0
LFQ	83	0	0	131	0	0	0	0	0	0	0	0	0	0	0	1459761	0	0	0	0	0	0	207267	0	0	0	0	0	873314	0	0	0	0	2758886	0	0	0	24269779	0
LFQ	84	0	0	43	0	0	0	0	0	0	0	0	0	0	0	1469355	0	0	0	0	0	0	202007	0	0	0	0	0	878443	0	0	0	0	2763863	0	0	0	24255042	0
LFQ	85	0	0	44	0	0	0	0	0	0	0	0	0	0	0	1487106	0	0	0	0	0	0	198544	0	0	0	0	0	885975	0	0	0	0	2773770	0	0	0	24222890	0
LFQ	86	0	0	21	0	0	0	0	0	0	0	0	0	0	0	1509033	0	0	0	0	0	0	195173	0	0	0	0	0	891366	0	0	0	0	2782888	0	0	0	24189412	0
LFQ	87	0	0	27	0	0	0	0	0	0	0	0	0	0	0	1522632	0	0	0	0	0	0	192734	0	0	0	0	0	905241	0	0	0	0	2791497	0	0	0	24155352	0
LFQ	88	0	0	99	0	0	0	0	0	0	0	0	0	0	0	1548883	0	0	0	0	0	0	192209	0	0	0	0	0	914628	0	0	0	0	2798348	0	0	0	24112890	0
LFQ	89	0	0	1	0	0	0	0	0	0	0	0	0	0	0	1570203	0	0	0	0	0	0	194975	0	0	0	0	0	927992	0	0	0	0	2820084	0	0	0	24053339	0
LFQ	90	0	0	0	0	0	0	0	0	0	0	0	0	0	0	1569093	0	0	0	0	0	0	197455	0	0	0	0	0	934909	0	0	0	0	2812793	0	0	0	24051876	0
LFQ	91	0	0	4	0	0	0	0	0	0	0	0	0	0	0	1592000	0	0	0	0	0	0	204730	0	0	0	0	0	958074	0	0	0	0	2833532	0	0	0	23977330	0
LFQ	92	0	0	0	0	0	0	0	0	0	0	0	0	0	0	1608089	0	0	0	0	0	0	206517	0	0	0	0	0	972229	0	0	0	0	2854661	0	0	0	23923673	0
LFQ	93	0	0	0	0	0	0	0	0	0	0	0	0	0	0	1628380	0	0	0	0	0	0	214303	0	0	0	0	0	988344	0	0	0	0	2877546	0	0	0	23856125	0
LFQ	94	0	0	3	0	0	0	0	0	0	0	0	0	0	0	1645643	0	0	0	0	0	0	225447	0	0	0	0	0	1005038	0	0	0	0	2905834	0	0	0	23782223	0
LFQ	95	0	0	1	0	0	0	0	0	0	0	0	0	0	0	1662960	0	0	0	0	0	0	238336	0	0	0	0	0	1032516	0	0	0	0	2961898	0	0	0	23667965	0
LFQ	96	0	0	0	0	0	0	0	0	0	0	0	0	0	0	1672388	0	0	0	0	0	0	242077	0	0	0	0	0	1045781	0	0	0	0	2984948	0	0	0	23617944	0
LFQ	97	0	0	0	0	0	0	0	0	0	0	0	0	0	0	1693387	0	0	0	0	0	0	249887	0	0	0	0	0	1060060	0	0	0	0	3015822	0	0	0	23543456	0
LFQ	98	0	0	0	0	0	0	0	0	0	0	0	0	0	0	1705596	0	0	0	0	0	0	254348	0	0	0	0	0	1072442	0	0	0	0	3053107	0	0	0	23476587	0
LFQ	99	0	0	0	0	0	0	0	0	0	0	0	0	0	0	1727473	0	0	0	0	0	0	263236	0	0	0	0	0	1089980	0	0	0	0	3135477	0	0	0	23345297	0
LFQ	100	0	0	0	0	0	0	0	0	0	0	0	0	0	0	1737073	0	0	0	0	0	0	263457	0	0	0	0	0	1095820	0	0	0	0	3159852	0	0	0	23304699	0
LFQ	101	0	0	2	0	0	0	0	0	0	0	0	0	0	0	1741938	0	0	0	0	0	0	266220	0	0	0	0	0	1100824	0	0	0	0	3206509	0	0	0	23244796	0
LFQ	102	0	0	0	0	0	0	0	0	0	0	0	0	0	0	1759472	0	0	0	0	0	0	272075	0	0	0	0	0	1124001	0	0	0	0	3263629	0	0	0	23140512	0
LFQ	103	0	0	0	0	0	0	0	0	0	0	0	0	0	0	1775859	0	0	0	0	0	0	271615	0	0	0	0	0	1136568	0	0	0	0	3284862	0	0	0	23090134	0
LFQ	104	0	0	0	0	0	0	0	0	0	0	0	0	0	0	1791958	0	0	0	0	0	0	273098	0	0	0	0	0	1158230	0	0	0	0	3317107	0	0	0	23018039	0
LFQ	105	0	0	29	0	0	0	0	0	0	0	0	0	0	0	1816678	0	0	0	0	0	0	277379	0	0	0	0	0	1171485	0	0	0	0	3354998	0	0	0	22937187	0
LFQ	106	0	0	10	0	0	0	0	0	0	0	0	0	0	0	1831471	0	0	0	0	0	0	279405	0	0	0	0	0	1199381	0	0	0	0	3383311	0	0	0	22863534	0
LFQ	107	0	0	22	0	0	0	0	0	0	0	0	0	0	0	1828013	0	0	0	0	0	0	276544	0	0	0	0	0	1223335	0	0	0	0	3361813	0	0	0	22866718	0
LFQ	108	0	0	2	0	0	0	0	0	0	0	0	0	0	0	1852996	0	0	0	0	0	0	277003	0	0	0	0	0	1243161	0	0	0	0	3394971	0	0	0	22787612	0
LFQ	109	0	0	0	0	0	0	0	0	0	0	0	0	0	0	1884689	0	0	0	0	0	0	284496	0	0	0	0	0	1282952	0	0	0	0	3435401	0	0	0	22667526	0
LFQ	110	0	0	0	0	0	0	0	0	0	0	0	0	0	0	1878952	0	0	0	0	0	0	280741	0	0	0	0	0	1339302	0	0	0	0	3429857	0	0	0	22625457	0
LFQ	111	0	0	0	0	0	0	0	0	0	0	0	0	0	0	1904323	0	0	0	0	0	0	284825	0	0	0	0	0	1367901	0	0	0	0	3464008	0	0	0	22532525	0
LFQ	112	0	0	0	0	0	0	0	0	0	0	0	0	0	0	1926159	0	0	0	0	0	0	288835	0	0	0	0	0	1461962	0	0	0	0	3531073	0	0	0	22344758	0
LFQ	113	0	0	33	0	0	0	0	0	0	0	0	0	0	0	1950173	0	0	0	0	0	0	289694	0	0	0	0	0	1494323	0	0	0	0	3555306	0	0	0	22262454	0
LFQ	114	0	0	0	0	0	0	0	0	0	0	0	0	0	0	1972084	0	0	0	0	0	0	287376	0	0	0	0	0	1516877	0	0	0	0	3576434	0	0	0	22198411	0
LFQ	115	0	0	241	0	0	0	0	0	0	0	0	0	0	0	1989287	0	0	0	0	0	0	292994	0	0	0	0	0	1607508	0	0	0	0	3681720	0	0	0	21978591	0
LFQ	116	0	0	4	0	0	0	0	0	0	0	0	0	0	0	2013755	0	0	0	0	0	0	292360	0	0	0	0	0	1639116	0	0	0	0	3737784	0	0	0	21866461	0
LFQ	117	0	0	1	0	0	0	0	0	0	0	0	0	0	0	2039333	0	0	0	0	0	0	291749	0	0	0	0	0	1676660	0	0	0	0	3776531	0	0	0	21764275	0
LFQ	118	0	0	0	0	0	0	0	0	0	0	0	0	0	0	2062581	0	0	0	0	0	0	286784	0	0	0	0	0	1733571	0	0	0	0	3887149	0	0	0	21577463	0
LFQ	119	0	0	0	0	0	0	0	0	0	0	0	0	0	0	2084583	0	0	0	0	0	0	280837	0	0	0	0	0	1752440	0	0	0	0	3909920	0	0	0	21518748	0
LFQ	120	0	0	0	0	0	0	0	0	0	0	0	0	0	0	2126895	0	0	0	0	0	0	273108	0	0	0	0	0	1804208	0	0	0	0	4060074	0	0	0	21281196	0
LFQ	121	0	0	0	0	0	0	0	0	0	0	0	0	0	0	2159291	0	0	0	0	0	0	267122	0	0	0	0	0	1813215	0	0	0	0	4099943	0	0	0	21204788	0
LFQ	122	0	0	0	0	0	0	0	0	0	0	0	0	0	0	2181230	0	0	0	0	0	0	263769	0	0	0	0	0	1846220	0	0	0	0	4171203	0	0	0	21080775	0
LFQ	123	0	0	0	0	0	0	0	0	0	0	0	0	0	0	2231469	0	0	0	0	0	0	257047	0	0	0	0	0	1910114	0	0	0	0	4339104	0	0	0	20804278	0
LFQ	124	0	0	0	0	0	0	0	0	0	0	0	0	0	0	2269236	0	0	0	0	0	0	250389	0	0	0	0	0	1944734	0	0	0	0	4404179	0	0	0	20672287	0
LFQ	125	0	0	0	0	0	0	0	0	0	0	0	0	0	0	2295860	0	0	0	0	0	0	248320	0	0	0	0	0	1991292	0	0	0	0	4492510	0	0	0	20511587	0
LFQ	126	0	0	0	0	0	0	0	0	0	0	0	0	0	0	2349800	0	0	0	0	0	0	255269	0	0	0	0	0	2040667	0	0	0	0	4613442	0	0	0	20279132	0
LFQ	127	0	0	0	0	0	0	0	0	0	0	0	0	0	0	2362288	0	0	0	0	0	0	249279	0	0	0	0	0	2184405	0	0	0	0	4827603	0	0	0	19913370	0
LFQ	128	0	0	0	0	0	0	0	0	0	0	0	0	0	0	2399887	0	0	0	0	0	0	248859	0	0	0	0	0	2294625	0	0	0	0	5007089	0	0	0	19585067	0
LFQ	129	0	0	0	0	0	0	0	0	0	0	0	0	0	0	2434914	0	0	0	0	0	0	250604	0	0	0	0	0	2424005	0	0	0	0	5182369	0	0	0	19242197	0
LFQ	130	0	0	0	0	0	0	0	0	0	0	0	0	0	0	2477528	0	0	0	0	0	0	252582	0	0	0	0	0	2485664	0	0	0	0	5281454	0	0	0	19035327	0
LFQ	131	0	0	0	0	0	0	0	0	0	0	0	0	0	0	2473013	0	0	0	0	0	0	255678	0	0	0	0	0	2737643	0	0	0	0	5629566	0	0	0	18435151	0
LFQ	132	0	0	19	0	0	0	0	0	0	0	0	0	0	0	2505797	0	0	0	0	0	0	253232	0	0	0	0	0	2813815	0	0	0	0	5690656	0	0	0	18265843	0
LFQ	133	0	0	0	0	0	0	0	0	0	0	0	0	0	0	2528244	0	0	0	0	0	0	274732	0	0	0	0	0	3066532	0	0	0	0	6096865	0	0	0	17561252	0
LFQ	134	0	0	0	0	0	0	0	0	0	0	0	0	0	0	2562461	0	0	0	0	0	0	284157	0	0	0	0	0	3135122	0	0	0	0	6193594	0	0	0	17350530	0
LFQ	135	0	0	0	0	0	0	0	0	0	0	0	0	0	0	2573230	0	0	0	0	0	0	299030	0	0	0	0	0	3233721	0	0	0	0	6354119	0	0	0	17063935	0
LFQ	136	0	0	0	0	0	0	0	0	0	0	0	0	0	0	2598491	0	0	0	0	0	0	332679	0	0	0	0	0	3387685	0	0	0	0	6653919	0	0	0	16549462	0
LFQ	137	0	0	0	0	0	0	0	0	0	0	0	0	0	0	2621431	0	0	0	0	0	0	374102	0	0	0	0	0	3440528	0	0	0	0	6854265	0	0	0	16229883	0
LFQ	138	0	0	0	0	0	0	0	0	0	0	0	0	0	0	2645707	0	0	0	0	0	0	450884	0	0	0	0	0	3560856	0	0	0	0	7280081	0	0	0	15580147	0
LFQ	139	0	0	0	0	0	0	0	0	0	0	0	0	0	0	2676770	0	0	0	0	0	0	446184	0	0	0	0	0	3592588	0	0	0	0	7254044	0	0	0	15544919	0
LFQ	140	0	0	0	0	0	0	0	0	0	0	0	0	0	0	2686946	0	0	0	0	0	0	562835	0	0	0	0	0	3682247	0	0	0	0	7762322	0	0	0	14815175	0
LFQ	141	0	0	0	0	0	0	0	0	0	0	0	0	0	0	2703373	0	0	0	0	0	0	612548	0	0	0	0	0	3721182	0	0	0	0	7948032	0	0	0	14515754	0
LFQ	142	0	0	0	0	0	0	0	0	0	0	0	0	0	0	2722849	0	0	0	0	0	0	721468	0	0	0	0	0	3800993	0	0	0	0	8384670	0	0	0	13854362	0
LFQ	143	0	0	0	0	0	0	0	0	0	0	0	0	0	0	2753664	0	0	0	0	0	0	827223	0	0	0	0	0	3856285	0	0	0	0	8776200	0	0	0	13253466	0
LFQ	144	0	0	0	0	0	0	0	0	0	0	0	0	0	0	2800330	0	0	0	0	0	0	840483	0	0	0	0	0	3901768	0	0	0	0	8778699	0	0	0	13142167	0
LFQ	145	0	0	0	0	0	0	0	0	0	0	0	0	0	0	2813591	0	0	0	0	0	0	1009822	0	0	0	0	0	4020448	0	0	0	0	9366988	0	0	0	12248066	0
LFQ	146	0	0	0	0	0	0	0	0	0	0	0	0	0	0	2851873	0	0	0	0	0	0	1003412	0	0	0	0	0	4016630	0	0	0	0	9329572	0	0	0	12246684	0
LFQ	147	0	0	0	0	0	0	0	0	0	0	0	0	0	0	2855972	0	0	0	0	0	0	1097467	0	0	0	0	0	4090475	0	0	0	0	9646126	0	0	0	11730901	0
LFQ	148	0	0	0	0	0	0	0	0	0	0	0	0	0	0	2866862	0	0	0	0	0	0	1146803	0	0	0	0	0	4105698	0	0	0	0	9768441	0	0	0	11411888	0
LFQ	149	0	0	0	0	0	0	0	0	0	0	0	0	0	0	2865302	0	0	0	0	0	0	1182240	0	0	0	0	0	4101351	0	0	0	0	9759400	0	0	0	10991313	0
LFQ	150	0	0	0	0	0	0	0	0	0	0	0	0	0	0	2689142	0	0	0	0	0	0	1142578	0	0	0	0	0	3947154	0	0	0	0	9421120	0	0	0	10209670	0
LFQ	151	0	0	0	0	0	0	0	0	0	0	0	0	0	0	4376745	0	0	0	0	0	0	3587067	0	0	0	0	0	5006599	0	0	0	0	4993308	0	0	0	2390182	0
# GC Content of first fragments. Use `grep ^GCF | cut -f 2-` to extract this part.
GCF	2.76	0
GCF	6.03	1
GCF	6.78	0
GCF	7.29	1
GCF	8.04	2
GCF	8.79	6
GCF	9.30	8
GCF	9.80	6
GCF	10.30	8
GCF	10.80	13
GCF	11.31	10
GCF	11.81	25
GCF	12.31	30
GCF	12.81	50
GCF	13.32	53
GCF	13.82	82
GCF	14.32	98
GCF	14.82	120
GCF	15.33	275
GCF	15.83	565
GCF	16.33	846
GCF	16.83	1148
GCF	17.34	1803
GCF	17.84	2504
GCF	18.34	3082
GCF	18.84	3552
GCF	19.35	5267
GCF	19.85	6621
GCF	20.35	8387
GCF	20.85	9749
GCF	21.36	13233
GCF	21.86	17183
GCF	22.36	20575
GCF	22.86	22541
GCF	23.37	28945
GCF	23.87	35314
GCF	24.37	40903
GCF	24.87	44438
GCF	25.38	52964
GCF	25.88	64069
GCF	26.38	71632
GCF	26.88	75757
GCF	27.39	87021
GCF	27.89	97434
GCF	28.39	108244
GCF	28.89	124177
GCF	29.40	130650
GCF	29.90	146618
GCF	30.40	158644
GCF	30.90	179219
GCF	31.41	185995
GCF	31.91	204960
GCF	32.41	221147
GCF	32.91	244624
GCF	33.42	252030
GCF	33.92	272513
GCF	34.42	297410
GCF	34.92	318994
GCF	35.43	329205
GCF	35.93	356099
GCF	36.43	386528
GCF	36.93	411277
GCF	37.44	422723
GCF	37.94	455558
GCF	38.44	491111
GCF	38.94	519694
GCF	39.45	531897
GCF	39.95	569014
GCF	40.45	611760
GCF	40.95	645632
GCF	41.46	659382
GCF	41.96	693642
GCF	42.46	729502
GCF	42.96	754523
GCF	43.47	783710
GCF	43.97	787615
GCF	44.47	811446
GCF	44.97	825727
GCF	45.48	830772
GCF	45.98	827811
GCF	46.48	822077
GCF	46.98	817350
GCF	47.49	801455
GCF	47.99	792817
GCF	48.49	767358
GCF	48.99	746268
GCF	49.50	701272
GCF	50.00	686622
GCF	50.50	643587
GCF	51.01	611418
GCF	51.51	563731
GCF	52.01	550833
GCF	52.51	507216
GCF	53.02	477694
GCF	53.52	440750
GCF	54.02	430191
GCF	54.52	401336
GCF	55.03	383115
GCF	55.53	361840
GCF	56.03	355325
GCF	56.53	342691
GCF	57.04	336816
GCF	57.54	330694
GCF	58.04	329881
GCF	58.54	328920
GCF	59.05	335249
GCF	59.55	342036
GCF	60.05	351187
GCF	60.55	352003
GCF	61.06	356077
GCF	61.56	362206
GCF	62.06	368334
GCF	62.56	366728
GCF	63.07	367568
GCF	63.57	367142
GCF	64.07	365440
GCF	64.57	362755
GCF	65.08	357636
GCF	65.58	346997
GCF	66.08	334151
GCF	66.58	329372
GCF	67.09	310957
GCF	67.59	291866
GCF	68.09	270643
GCF	68.59	265387
GCF	69.10	239589
GCF	69.60	215750
GCF	70.10	190010
GCF	70.60	185250
GCF	71.11	160865
GCF	71.61	138346
GCF	72.11	114575
GCF	72.61	93934
GCF	73.12	90839
GCF	73.62	75050
GCF	74.12	59225
GCF	74.62	45050
GCF	75.13	43359
GCF	75.63	33191
GCF	76.13	25284
GCF	76.63	18289
GCF	77.14	17769
GCF	77.64	13717
GCF	78.14	10228
GCF	78.64	7565
GCF	79.15	7259
GCF	79.65	5172
GCF	80.15	3750
GCF	80.65	2584
GCF	81.16	2464
GCF	81.66	1629
GCF	82.16	1215
GCF	82.66	878
GCF	83.17	859
GCF	83.67	612
GCF	84.17	421
GCF	84.67	332
GCF	85.18	315
GCF	85.68	248
GCF	86.18	150
GCF	86.68	108
GCF	87.19	76
GCF	87.69	71
GCF	88.19	70
GCF	88.69	48
GCF	89.20	26
GCF	89.70	24
GCF	90.20	13
GCF	90.70	10
GCF	91.21	9
GCF	91.71	12
GCF	92.21	6
GCF	92.71	3
GCF	94.47	1
GCF	96.48	0
GCF	97.49	1
# GC Content of last fragments. Use `grep ^GCL | cut -f 2-` to extract this part.
GCL	3.77	0
GCL	7.79	2
GCL	8.29	4
GCL	8.79	6
GCL	9.30	8
GCL	9.80	14
GCL	10.30	16
GCL	10.80	20
GCL	11.31	12
GCL	11.81	36
GCL	12.31	39
GCL	12.81	36
GCL	13.32	72
GCL	13.82	84
GCL	14.32	112
GCL	14.82	126
GCL	15.33	271
GCL	15.83	541
GCL	16.33	862
GCL	16.83	1138
GCL	17.34	1866
GCL	17.84	2475
GCL	18.34	3215
GCL	18.84	3704
GCL	19.35	5257
GCL	19.85	6822
GCL	20.35	8319
GCL	20.85	9692
GCL	21.36	13073
GCL	21.86	17262
GCL	22.36	20422
GCL	22.86	22668
GCL	23.37	28591
GCL	23.87	34953
GCL	24.37	40458
GCL	24.87	43969
GCL	25.38	52305
GCL	25.88	63252
GCL	26.38	70664
GCL	26.88	74566
GCL	27.39	86122
GCL	27.89	97135
GCL	28.39	106820
GCL	28.89	123460
GCL	29.40	130126
GCL	29.90	145935
GCL	30.40	157546
GCL	30.90	177376
GCL	31.41	184030
GCL	31.91	203195
GCL	32.41	219328
GCL	32.91	242310
GCL	33.42	249100
GCL	33.92	270390
GCL	34.42	295559
GCL	34.92	317723
GCL	35.43	327478
GCL	35.93	354031
GCL	36.43	385695
GCL	36.93	410451
GCL	37.44	421461
GCL	37.94	452523
GCL	38.44	488739
GCL	38.94	518596
GCL	39.45	530696
GCL	39.95	568158
GCL	40.45	609954
GCL	40.95	644111
GCL	41.46	656790
GCL	41.96	690921
GCL	42.46	727899
GCL	42.96	754934
GCL	43.47	784392
GCL	43.97	788100
GCL	44.47	811142
GCL	44.97	824539
GCL	45.48	831089
GCL	45.98	829420
GCL	46.48	826618
GCL	46.98	819962
GCL	47.49	802367
GCL	47.99	794659
GCL	48.49	768508
GCL	48.99	746612
GCL	49.50	703817
GCL	50.00	690546
GCL	50.50	646570
GCL	51.01	614521
GCL	51.51	567984
GCL	52.01	555166
GCL	52.51	510849
GCL	53.02	480638
GCL	53.52	444866
GCL	54.02	434894
GCL	54.52	402980
GCL	55.03	384217
GCL	55.53	364090
GCL	56.03	357360
GCL	56.53	343338
GCL	57.04	338985
GCL	57.54	331900
GCL	58.04	332220
GCL	58.54	330718
GCL	59.05	336395
GCL	59.55	344592
GCL	60.05	352429
GCL	60.55	352965
GCL	61.06	358449
GCL	61.56	363466
GCL	62.06	370462
GCL	62.56	369446
GCL	63.07	369690
GCL	63.57	369466
GCL	64.07	365785
GCL	64.57	363807
GCL	65.08	359559
GCL	65.58	350135
GCL	66.08	337034
GCL	66.58	331964
GCL	67.09	311554
GCL	67.59	294346
GCL	68.09	271975
GCL	68.59	265448
GCL	69.10	240597
GCL	69.60	216899
GCL	70.10	190043
GCL	70.60	185061
GCL	71.11	159007
GCL	71.61	137168
GCL	72.11	113181
GCL	72.61	91469
GCL	73.12	87713
GCL	73.62	72545
GCL	74.12	57321
GCL	74.62	42409
GCL	75.13	40538
GCL	75.63	31387
GCL	76.13	23172
GCL	76.63	16356
GCL	77.14	15656
GCL	77.64	11965
GCL	78.14	8892
GCL	78.64	6117
GCL	79.15	5756
GCL	79.65	3894
GCL	80.15	2583
GCL	80.65	1558
GCL	81.16	1468
GCL	81.66	982
GCL	82.16	568
GCL	82.66	347
GCL	83.17	333
GCL	83.67	226
GCL	84.17	118
GCL	84.67	95
GCL	85.18	91
GCL	85.68	67
GCL	86.18	45
GCL	86.68	34
GCL	87.19	20
GCL	87.69	19
GCL	88.19	15
GCL	88.69	9
GCL	89.20	6
GCL	89.70	5
GCL	90.20	8
GCL	90.70	6
GCL	91.21	3
GCL	91.96	2
GCL	93.22	1
GCL	94.47	0
GCL	95.48	2
GCL	96.23	1
GCL	97.74	0
GCL	99.50	1
# ACGT content per cycle. Use `grep ^GCC | cut -f 2-` to extract this part. The columns are: cycle; A,C,G,T base counts as a percentage of all A/C/G/T bases [%]; and N and O counts as a percentage of all A/C/G/T bases [%]
GCC	1	26.36	25.00	22.11	26.53	0.01	0.00
GCC	2	27.94	22.01	24.65	25.41	0.00	0.00
GCC	3	25.61	24.82	22.23	27.34	0.00	0.00
GCC	4	26.61	25.57	22.89	24.94	0.00	0.00
GCC	5	25.76	23.93	24.54	25.77	0.00	0.00
GCC	6	26.15	23.27	25.23	25.35	0.01	0.00
GCC	7	25.57	24.29	24.42	25.73	0.00	0.00
GCC	8	26.03	24.14	24.34	25.49	0.00	0.00
GCC	9	25.16	24.59	23.99	26.26	0.00	0.00
GCC	10	25.73	24.37	24.34	25.56	0.00	0.00
GCC	11	26.00	24.05	24.50	25.45	0.00	0.00
GCC	12	25.86	24.30	24.11	25.73	0.00	0.00
GCC	13	25.86	24.26	24.17	25.71	0.00	0.00
GCC	14	25.87	24.15	24.23	25.75	0.00	0.00
GCC	15	25.74	24.34	24.14	25.78	0.00	0.00
GCC	16	25.72	24.33	24.23	25.72	0.00	0.00
GCC	17	25.74	24.22	24.30	25.74	0.00	0.00
GCC	18	25.61	24.43	24.19	25.77	0.00	0.00
GCC	19	25.58	24.44	24.27	25.70	0.00	0.00
GCC	20	25.65	24.28	24.37	25.70	0.00	0.00
GCC	21	25.59	24.46	24.26	25.69	0.00	0.00
GCC	22	25.61	24.48	24.34	25.57	0.00	0.00
GCC	23	25.60	24.35	24.47	25.57	0.00	0.00
GCC	24	25.46	24.56	24.40	25.58	0.00	0.00
GCC	25	25.48	24.56	24.49	25.47	0.00	0.00
GCC	26	25.53	24.42	24.56	25.50	0.00	0.00
GCC	27	25.42	24.61	24.45	25.52	0.00	0.00
GCC	28	25.46	24.60	24.52	25.42	0.00	0.00
GCC	29	25.52	24.43	24.57	25.49	0.00	0.00
GCC	30	25.40	24.63	24.43	25.55	0.00	0.00
GCC	31	25.43	24.63	24.49	25.45	0.00	0.00
GCC	32	25.52	24.47	24.56	25.44	0.00	0.00
GCC	33	25.44	24.60	24.51	25.44	0.00	0.00
GCC	34	25.49	24.61	24.58	25.31	0.00	0.00
GCC	35	25.57	24.45	24.60	25.38	0.00	0.00
GCC	36	25.45	24.61	24.51	25.44	0.00	0.00
GCC	37	25.46	24.63	24.57	25.33	0.00	0.00
GCC	38	25.53	24.46	24.62	25.39	0.00	0.00
GCC	39	25.43	24.63	24.51	25.43	0.00	0.00
GCC	40	25.45	24.63	24.57	25.35	0.00	0.00
GCC	41	25.51	24.47	24.61	25.41	0.00	0.00
GCC	42	25.42	24.63	24.50	25.45	0.00	0.00
GCC	43	25.46	24.63	24.54	25.36	0.00	0.00
GCC	44	25.53	24.46	24.61	25.41	0.00	0.00
GCC	45	25.42	24.60	24.52	25.45	0.00	0.00
GCC	46	25.45	24.62	24.58	25.34	0.00	0.00
GCC	47	25.51	24.47	24.63	25.39	0.00	0.00
GCC	48	25.41	24.64	24.53	25.41	0.00	0.00
GCC	49	25.44	24.64	24.60	25.32	0.00	0.00
GCC	50	25.50	24.49	24.65	25.37	0.00	0.00
GCC	51	25.42	24.65	24.52	25.41	0.00	0.00
GCC	52	25.45	24.65	24.58	25.32	0.00	0.00
GCC	53	25.50	24.49	24.62	25.39	0.00	0.00
GCC	54	25.43	24.62	24.51	25.43	0.00	0.00
GCC	55	25.46	24.63	24.57	25.34	0.00	0.00
GCC	56	25.52	24.47	24.64	25.38	0.00	0.00
GCC	57	25.41	24.62	24.55	25.41	0.00	0.00
GCC	58	25.44	24.64	24.60	25.31	0.00	0.00
GCC	59	25.50	24.50	24.63	25.37	0.00	0.00
GCC	60	25.43	24.63	24.53	25.40	0.00	0.00
GCC	61	25.44	24.65	24.61	25.30	0.00	0.00
GCC	62	25.51	24.49	24.64	25.36	0.00	0.00
GCC	63	25.43	24.64	24.52	25.41	0.00	0.00
GCC	64	25.46	24.64	24.59	25.32	0.00	0.00
GCC	65	25.52	24.48	24.63	25.37	0.00	0.00
GCC	66	25.43	24.64	24.52	25.41	0.00	0.00
GCC	67	25.45	24.64	24.60	25.31	0.00	0.00
GCC	68	25.52	24.48	24.63	25.37	0.00	0.00
GCC	69	25.40	24.66	24.54	25.40	0.00	0.00
GCC	70	25.45	24.65	24.60	25.30	0.00	0.00
GCC	71	25.49	24.50	24.63	25.37	0.00	0.00
GCC	72	25.42	24.65	24.52	25.41	0.00	0.00
GCC	73	25.44	24.66	24.58	25.32	0.00	0.00
GCC	74	25.51	24.50	24.62	25.37	0.00	0.00
GCC	75	25.43	24.64	24.51	25.42	0.00	0.00
GCC	76	25.45	24.64	24.59	25.32	0.00	0.00
GCC	77	25.52	24.49	24.63	25.36	0.00	0.00
GCC	78	25.42	24.65	24.53	25.41	0.00	0.00
GCC	79	25.45	24.65	24.59	25.32	0.00	0.00
GCC	80	25.50	24.49	24.64	25.37	0.00	0.00
GCC	81	25.42	24.65	24.53	25.41	0.00	0.00
GCC	82	25.45	24.65	24.59	25.31	0.00	0.00
GCC	83	25.51	24.49	24.63	25.37	0.00	0.00
GCC	84	25.42	24.65	24.52	25.41	0.00	0.00
GCC	85	25.45	24.65	24.58	25.31	0.00	0.00
GCC	86	25.52	24.49	24.62	25.37	0.00	0.00
GCC	87	25.42	24.64	24.52	25.41	0.00	0.00
GCC	88	25.46	24.64	24.59	25.31	0.00	0.00
GCC	89	25.52	24.50	24.62	25.36	0.00	0.00
GCC	90	25.41	24.65	24.54	25.40	0.00	0.00
GCC	91	25.44	24.65	24.60	25.31	0.00	0.00
GCC	92	25.52	24.50	24.63	25.34	0.00	0.00
GCC	93	25.43	24.64	24.53	25.40	0.00	0.00
GCC	94	25.45	24.67	24.58	25.30	0.00	0.00
GCC	95	25.53	24.49	24.62	25.35	0.00	0.00
GCC	96	25.44	24.65	24.51	25.40	0.00	0.00
GCC	97	25.46	24.66	24.57	25.31	0.00	0.00
GCC	98	25.51	24.51	24.62	25.36	0.00	0.00
GCC	99	25.43	24.64	24.53	25.40	0.00	0.00
GCC	100	25.44	24.66	24.59	25.31	0.00	0.00
GCC	101	25.50	24.52	24.62	25.36	0.00	0.00
GCC	102	25.41	24.66	24.53	25.40	0.00	0.00
GCC	103	25.45	24.67	24.58	25.31	0.00	0.00
GCC	104	25.52	24.50	24.62	25.37	0.00	0.00
GCC	105	25.44	24.65	24.50	25.41	0.00	0.00
GCC	106	25.46	24.66	24.57	25.31	0.00	0.00
GCC	107	25.53	24.50	24.60	25.37	0.00	0.00
GCC	108	25.45	24.65	24.51	25.40	0.00	0.00
GCC	109	25.44	24.66	24.58	25.31	0.00	0.00
GCC	110	25.51	24.52	24.61	25.36	0.00	0.00
GCC	111	25.42	24.66	24.53	25.38	0.00	0.00
GCC	112	25.45	24.67	24.58	25.30	0.00	0.00
GCC	113	25.51	24.52	24.62	25.35	0.00	0.00
GCC	114	25.42	24.66	24.52	25.40	0.00	0.00
GCC	115	25.46	24.65	24.59	25.31	0.00	0.00
GCC	116	25.53	24.50	24.61	25.36	0.00	0.00
GCC	117	25.43	24.65	24.53	25.39	0.00	0.00
GCC	118	25.45	24.67	24.58	25.30	0.00	0.00
GCC	119	25.51	24.52	24.61	25.36	0.00	0.00
GCC	120	25.43	24.65	24.53	25.39	0.00	0.00
GCC	121	25.44	24.68	24.59	25.29	0.00	0.00
GCC	122	25.50	24.53	24.62	25.35	0.00	0.00
GCC	123	25.42	24.66	24.53	25.39	0.00	0.00
GCC	124	25.45	24.67	24.58	25.31	0.00	0.00
GCC	125	25.50	24.52	24.61	25.36	0.00	0.00
GCC	126	25.43	24.66	24.51	25.40	0.00	0.00
GCC	127	25.46	24.65	24.58	25.31	0.00	0.00
GCC	128	25.52	24.53	24.61	25.34	0.00	0.00
GCC	129	25.42	24.66	24.53	25.40	0.00	0.00
GCC	130	25.44	24.67	24.59	25.30	0.00	0.00
GCC	131	25.49	24.53	24.63	25.34	0.00	0.00
GCC	132	25.41	24.67	24.53	25.39	0.00	0.00
GCC	133	25.44	24.68	24.59	25.29	0.00	0.00
GCC	134	25.51	24.54	24.61	25.34	0.00	0.00
GCC	135	25.42	24.67	24.52	25.39	0.00	0.00
GCC	136	25.44	24.67	24.60	25.29	0.00	0.00
GCC	137	25.51	24.53	24.61	25.35	0.00	0.00
GCC	138	25.42	24.66	24.52	25.39	0.00	0.00
GCC	139	25.45	24.67	24.59	25.29	0.00	0.00
GCC	140	25.50	24.55	24.63	25.33	0.00	0.00
GCC	141	25.41	24.68	24.55	25.36	0.00	0.00
GCC	142	25.42	24.72	24.60	25.26	0.00	0.00
GCC	143	25.48	24.57	24.66	25.29	0.00	0.00
GCC	144	25.41	24.70	24.57	25.32	0.00	0.00
GCC	145	25.42	24.71	24.61	25.25	0.00	0.00
GCC	146	25.48	24.56	24.64	25.31	0.00	0.00
GCC	147	25.37	24.72	24.54	25.38	0.00	0.00
GCC	148	25.14	24.84	24.65	25.37	0.00	0.00
GCC	149	24.53	25.03	24.70	25.74	0.00	0.00
GCC	150	21.45	26.51	24.91	27.13	0.00	0.00
GCC	151	0.00	36.07	28.18	35.76	0.00	0.00
# ACGT content per cycle, read oriented. Use `grep ^GCT | cut -f 2-` to extract this part. The columns are: cycle; A,C,G,T base counts as a percentage of all A/C/G/T bases [%]
GCT	1	26.36	25.00	22.11	26.53
GCT	2	27.94	22.01	24.65	25.41
GCT	3	25.61	24.82	22.23	27.34
GCT	4	26.61	25.57	22.89	24.94
GCT	5	25.76	23.93	24.54	25.77
GCT	6	26.15	23.27	25.23	25.35
GCT	7	25.57	24.29	24.42	25.73
GCT	8	26.03	24.14	24.34	25.49
GCT	9	25.16	24.59	23.99	26.26
GCT	10	25.73	24.37	24.34	25.56
GCT	11	26.00	24.05	24.50	25.45
GCT	12	25.86	24.30	24.11	25.73
GCT	13	25.86	24.26	24.17	25.71
GCT	14	25.87	24.15	24.23	25.75
GCT	15	25.74	24.34	24.14	25.78
GCT	16	25.72	24.33	24.23	25.72
GCT	17	25.74	24.22	24.30	25.74
GCT	18	25.61	24.43	24.19	25.77
GCT	19	25.58	24.44	24.27	25.70
GCT	20	25.65	24.28	24.37	25.70
GCT	21	25.59	24.46	24.26	25.69
GCT	22	25.61	24.48	24.34	25.57
GCT	23	25.60	24.35	24.47	25.57
GCT	24	25.46	24.56	24.40	25.58
GCT	25	25.48	24.56	24.49	25.47
GCT	26	25.53	24.42	24.56	25.50
GCT	27	25.42	24.61	24.45	25.52
GCT	28	25.46	24.60	24.52	25.42
GCT	29	25.52	24.43	24.57	25.49
GCT	30	25.40	24.63	24.43	25.55
GCT	31	25.43	24.63	24.49	25.45
GCT	32	25.52	24.47	24.56	25.44
GCT	33	25.44	24.60	24.51	25.44
GCT	34	25.49	24.61	24.58	25.31
GCT	35	25.57	24.45	24.60	25.38
GCT	36	25.45	24.61	24.51	25.44
GCT	37	25.46	24.63	24.57	25.33
GCT	38	25.53	24.46	24.62	25.39
GCT	39	25.43	24.63	24.51	25.43
GCT	40	25.45	24.63	24.57	25.35
GCT	41	25.51	24.47	24.61	25.41
GCT	42	25.42	24.63	24.50	25.45
GCT	43	25.46	24.63	24.54	25.36
GCT	44	25.53	24.46	24.61	25.41
GCT	45	25.42	24.60	24.52	25.45
GCT	46	25.45	24.62	24.58	25.34
GCT	47	25.51	24.47	24.63	25.39
GCT	48	25.41	24.64	24.53	25.41
GCT	49	25.44	24.64	24.60	25.32
GCT	50	25.50	24.49	24.65	25.37
GCT	51	25.42	24.65	24.52	25.41
GCT	52	25.45	24.65	24.58	25.32
GCT	53	25.50	24.49	24.62	25.39
GCT	54	25.43	24.62	24.51	25.43
GCT	55	25.46	24.63	24.57	25.34
GCT	56	25.52	24.47	24.63	25.38
GCT	57	25.41	24.62	24.55	25.41
GCT	58	25.44	24.64	24.60	25.31
GCT	59	25.50	24.50	24.63	25.37
GCT	60	25.43	24.63	24.53	25.40
GCT	61	25.44	24.65	24.61	25.30
GCT	62	25.51	24.49	24.64	25.36
GCT	63	25.43	24.64	24.52	25.41
GCT	64	25.46	24.64	24.59	25.32
GCT	65	25.52	24.48	24.63	25.37
GCT	66	25.43	24.64	24.52	25.41
GCT	67	25.45	24.64	24.60	25.31
GCT	68	25.52	24.48	24.63	25.37
GCT	69	25.40	24.66	24.54	25.40
GCT	70	25.45	24.65	24.60	25.30
GCT	71	25.49	24.50	24.63	25.37
GCT	72	25.42	24.65	24.52	25.41
GCT	73	25.44	24.66	24.58	25.32
GCT	74	25.51	24.50	24.62	25.37
GCT	75	25.43	24.64	24.51	25.42
GCT	76	25.45	24.64	24.59	25.32
GCT	77	25.52	24.49	24.63	25.36
GCT	78	25.42	24.65	24.53	25.41
GCT	79	25.45	24.65	24.59	25.32
GCT	80	25.50	24.49	24.64	25.37
GCT	81	25.42	24.65	24.53	25.41
GCT	82	25.45	24.65	24.59	25.31
GCT	83	25.51	24.49	24.63	25.37
GCT	84	25.42	24.65	24.52	25.41
GCT	85	25.45	24.65	24.58	25.31
GCT	86	25.52	24.49	24.62	25.37
GCT	87	25.42	24.64	24.52	25.41
GCT	88	25.46	24.64	24.59	25.31
GCT	89	25.52	24.50	24.62	25.36
GCT	90	25.41	24.65	24.54	25.40
GCT	91	25.44	24.65	24.60	25.31
GCT	92	25.52	24.50	24.63	25.34
GCT	93	25.43	24.64	24.53	25.40
GCT	94	25.45	24.67	24.58	25.30
GCT	95	25.53	24.49	24.62	25.35
GCT	96	25.44	24.65	24.51	25.40
GCT	97	25.46	24.66	24.57	25.31
GCT	98	25.51	24.51	24.62	25.36
GCT	99	25.43	24.64	24.53	25.40
GCT	100	25.44	24.66	24.59	25.31
GCT	101	25.50	24.52	24.62	25.36
GCT	102	25.41	24.66	24.53	25.40
GCT	103	25.45	24.67	24.58	25.31
GCT	104	25.52	24.50	24.62	25.37
GCT	105	25.44	24.65	24.50	25.41
GCT	106	25.46	24.66	24.57	25.31
GCT	107	25.53	24.50	24.60	25.37
GCT	108	25.45	24.65	24.51	25.40
GCT	109	25.44	24.66	24.58	25.31
GCT	110	25.51	24.52	24.61	25.36
GCT	111	25.42	24.66	24.53	25.38
GCT	112	25.45	24.67	24.58	25.30
GCT	113	25.51	24.52	24.62	25.35
GCT	114	25.42	24.66	24.52	25.40
GCT	115	25.46	24.65	24.59	25.31
GCT	116	25.53	24.50	24.61	25.36
GCT	117	25.43	24.65	24.53	25.39
GCT	118	25.45	24.67	24.58	25.30
GCT	119	25.51	24.52	24.61	25.36
GCT	120	25.43	24.65	24.53	25.39
GCT	121	25.44	24.68	24.59	25.29
GCT	122	25.50	24.53	24.62	25.35
GCT	123	25.42	24.66	24.53	25.39
GCT	124	25.45	24.67	24.58	25.31
GCT	125	25.50	24.52	24.61	25.36
GCT	126	25.43	24.66	24.51	25.40
GCT	127	25.46	24.65	24.58	25.31
GCT	128	25.52	24.53	24.61	25.34
GCT	129	25.42	24.66	24.53	25.40
GCT	130	25.44	24.67	24.59	25.30
GCT	131	25.49	24.53	24.63	25.34
GCT	132	25.41	24.67	24.53	25.39
GCT	133	25.44	24.68	24.59	25.29
GCT	134	25.51	24.54	24.61	25.34
GCT	135	25.42	24.67	24.52	25.39
GCT	136	25.44	24.67	24.60	25.29
GCT	137	25.51	24.53	24.61	25.35
GCT	138	25.42	24.66	24.52	25.39
GCT	139	25.45	24.67	24.59	25.29
GCT	140	25.50	24.55	24.63	25.33
GCT	141	25.41	24.68	24.55	25.36
GCT	142	25.42	24.72	24.60	25.26
GCT	143	25.48	24.57	24.66	25.29
GCT	144	25.41	24.70	24.57	25.32
GCT	145	25.42	24.71	24.61	25.25
GCT	146	25.48	24.56	24.64	25.31
GCT	147	25.37	24.72	24.54	25.38
GCT	148	25.14	24.84	24.65	25.37
GCT	149	24.53	25.03	24.70	25.74
GCT	150	21.45	26.51	24.91	27.13
GCT	151	0.00	36.07	28.18	35.76
# ACGT content per cycle for first fragments. Use `grep ^FBC | cut -f 2-` to extract this part. The columns are: cycle; A,C,G,T base counts as a percentage of all A/C/G/T bases [%]; and N and O counts as a percentage of all A/C/G/T bases [%]
FBC	1	26.68	25.34	21.71	26.26	0.01	0.00
FBC	2	28.14	21.91	24.18	25.78	0.00	0.00
FBC	3	25.99	24.89	21.80	27.32	0.00	0.00
FBC	4	26.90	25.58	22.52	25.01	0.00	0.00
FBC	5	26.10	23.97	24.20	25.74	0.00	0.00
FBC	6	26.19	23.23	25.17	25.41	0.01	0.00
FBC	7	25.67	24.19	24.40	25.74	0.00	0.00
FBC	8	26.04	24.16	24.16	25.64	0.00	0.00
FBC	9	25.09	24.60	23.91	26.40	0.00	0.00
FBC	10	25.71	24.37	24.33	25.60	0.00	0.00
FBC	11	26.01	24.05	24.47	25.47	0.00	0.00
FBC	12	25.85	24.30	24.12	25.73	0.00	0.00
FBC	13	25.88	24.27	24.16	25.69	0.00	0.00
FBC	14	25.89	24.16	24.20	25.75	0.00	0.00
FBC	15	25.74	24.37	24.12	25.77	0.00	0.00
FBC	16	25.73	24.34	24.22	25.70	0.00	0.00
FBC	17	25.75	24.22	24.28	25.75	0.00	0.00
FBC	18	25.61	24.44	24.18	25.76	0.00	0.00
FBC	19	25.59	24.45	24.26	25.71	0.00	0.00
FBC	20	25.64	24.30	24.34	25.72	0.00	0.00
FBC	21	25.58	24.47	24.25	25.70	0.00	0.00
FBC	22	25.63	24.47	24.32	25.58	0.00	0.00
FBC	23	25.62	24.35	24.44	25.59	0.00	0.00
FBC	24	25.46	24.56	24.39	25.59	0.00	0.00
FBC	25	25.50	24.57	24.47	25.46	0.00	0.00
FBC	26	25.53	24.42	24.53	25.52	0.00	0.00
FBC	27	25.42	24.62	24.45	25.51	0.00	0.00
FBC	28	25.47	24.60	24.51	25.42	0.00	0.00
FBC	29	25.52	24.42	24.54	25.51	0.00	0.00
FBC	30	25.39	24.64	24.42	25.55	0.00	0.00
FBC	31	25.44	24.64	24.47	25.45	0.00	0.00
FBC	32	25.52	24.49	24.53	25.46	0.00	0.00
FBC	33	25.44	24.62	24.50	25.44	0.00	0.00
FBC	34	25.49	24.63	24.57	25.31	0.00	0.00
FBC	35	25.57	24.45	24.57	25.41	0.00	0.00
FBC	36	25.44	24.63	24.49	25.44	0.00	0.00
FBC	37	25.46	24.64	24.57	25.33	0.00	0.00
FBC	38	25.51	24.47	24.61	25.41	0.00	0.00
FBC	39	25.41	24.64	24.51	25.43	0.00	0.00
FBC	40	25.46	24.64	24.56	25.35	0.00	0.00
FBC	41	25.51	24.47	24.59	25.43	0.00	0.00
FBC	42	25.41	24.65	24.48	25.46	0.00	0.00
FBC	43	25.46	24.64	24.53	25.37	0.00	0.00
FBC	44	25.52	24.47	24.58	25.43	0.00	0.00
FBC	45	25.41	24.61	24.51	25.47	0.00	0.00
FBC	46	25.45	24.63	24.57	25.35	0.00	0.00
FBC	47	25.50	24.48	24.61	25.40	0.00	0.00
FBC	48	25.40	24.66	24.52	25.42	0.00	0.00
FBC	49	25.44	24.66	24.58	25.32	0.00	0.00
FBC	50	25.50	24.49	24.62	25.38	0.00	0.00
FBC	51	25.41	24.67	24.51	25.41	0.00	0.00
FBC	52	25.43	24.68	24.57	25.32	0.00	0.00
FBC	53	25.50	24.49	24.60	25.42	0.00	0.00
FBC	54	25.42	24.63	24.50	25.45	0.00	0.00
FBC	55	25.45	24.65	24.56	25.34	0.00	0.00
FBC	56	25.51	24.48	24.62	25.39	0.00	0.00
FBC	57	25.40	24.64	24.55	25.42	0.00	0.00
FBC	58	25.43	24.65	24.59	25.32	0.00	0.00
FBC	59	25.49	24.50	24.62	25.40	0.00	0.00
FBC	60	25.40	24.66	24.53	25.41	0.00	0.00
FBC	61	25.43	24.66	24.60	25.30	0.00	0.00
FBC	62	25.52	24.49	24.62	25.37	0.00	0.00
FBC	63	25.41	24.67	24.52	25.41	0.00	0.00
FBC	64	25.45	24.66	24.58	25.31	0.00	0.00
FBC	65	25.51	24.49	24.60	25.40	0.00	0.00
FBC	66	25.42	24.65	24.51	25.42	0.00	0.00
FBC	67	25.44	24.65	24.58	25.33	0.00	0.00
FBC	68	25.52	24.48	24.61	25.39	0.00	0.00
FBC	69	25.38	24.67	24.53	25.41	0.00	0.00
FBC	70	25.45	24.65	24.59	25.30	0.00	0.00
FBC	71	25.48	24.51	24.62	25.39	0.00	0.00
FBC	72	25.41	24.67	24.51	25.41	0.00	0.00
FBC	73	25.43	24.68	24.58	25.31	0.00	0.00
FBC	74	25.50	24.50	24.61	25.39	0.00	0.00
FBC	75	25.40	24.67	24.51	25.42	0.00	0.00
FBC	76	25.45	24.65	24.57	25.33	0.00	0.00
FBC	77	25.51	24.50	24.61	25.38	0.00	0.00
FBC	78	25.40	24.67	24.52	25.40	0.00	0.00
FBC	79	25.43	24.67	24.58	25.31	0.00	0.00
FBC	80	25.49	24.51	24.63	25.38	0.00	0.00
FBC	81	25.39	24.67	24.53	25.41	0.00	0.00
FBC	82	25.45	24.65	24.59	25.31	0.00	0.00
FBC	83	25.49	24.51	24.61	25.39	0.00	0.00
FBC	84	25.40	24.66	24.53	25.41	0.00	0.00
FBC	85	25.44	24.67	24.57	25.32	0.00	0.00
FBC	86	25.51	24.49	24.62	25.38	0.00	0.00
FBC	87	25.41	24.66	24.52	25.41	0.00	0.00
FBC	88	25.45	24.65	24.59	25.31	0.00	0.00
FBC	89	25.50	24.51	24.61	25.38	0.00	0.00
FBC	90	25.39	24.66	24.53	25.42	0.00	0.00
FBC	91	25.42	24.67	24.59	25.32	0.00	0.00
FBC	92	25.51	24.51	24.62	25.36	0.00	0.00
FBC	93	25.40	24.67	24.53	25.40	0.00	0.00
FBC	94	25.44	24.69	24.58	25.30	0.00	0.00
FBC	95	25.52	24.50	24.62	25.36	0.00	0.00
FBC	96	25.41	24.67	24.51	25.40	0.00	0.00
FBC	97	25.45	24.67	24.57	25.31	0.00	0.00
FBC	98	25.50	24.52	24.61	25.37	0.00	0.00
FBC	99	25.41	24.66	24.53	25.40	0.00	0.00
FBC	100	25.43	24.68	24.59	25.31	0.00	0.00
FBC	101	25.49	24.54	24.60	25.37	0.00	0.00
FBC	102	25.39	24.68	24.53	25.40	0.00	0.00
FBC	103	25.43	24.69	24.58	25.30	0.00	0.00
FBC	104	25.50	24.51	24.61	25.38	0.00	0.00
FBC	105	25.40	24.68	24.52	25.40	0.00	0.00
FBC	106	25.44	24.68	24.58	25.31	0.00	0.00
FBC	107	25.52	24.52	24.59	25.38	0.00	0.00
FBC	108	25.41	24.67	24.50	25.41	0.00	0.00
FBC	109	25.42	24.68	24.59	25.31	0.00	0.00
FBC	110	25.47	24.53	24.61	25.39	0.00	0.00
FBC	111	25.40	24.68	24.54	25.38	0.00	0.00
FBC	112	25.44	24.68	24.58	25.29	0.00	0.00
FBC	113	25.49	24.53	24.61	25.37	0.00	0.00
FBC	114	25.39	24.69	24.52	25.40	0.00	0.00
FBC	115	25.44	24.66	24.59	25.31	0.00	0.00
FBC	116	25.50	24.52	24.60	25.38	0.00	0.00
FBC	117	25.39	24.68	24.53	25.39	0.00	0.00
FBC	118	25.43	24.69	24.58	25.30	0.00	0.00
FBC	119	25.49	24.54	24.58	25.38	0.00	0.00
FBC	120	25.39	24.68	24.54	25.40	0.00	0.00
FBC	121	25.41	24.70	24.60	25.29	0.00	0.00
FBC	122	25.48	24.54	24.61	25.37	0.00	0.00
FBC	123	25.37	24.69	24.54	25.40	0.00	0.00
FBC	124	25.43	24.69	24.58	25.30	0.00	0.00
FBC	125	25.49	24.54	24.60	25.38	0.00	0.00
FBC	126	25.41	24.70	24.50	25.40	0.00	0.00
FBC	127	25.44	24.68	24.57	25.31	0.00	0.00
FBC	128	25.50	24.55	24.60	25.36	0.00	0.00
FBC	129	25.39	24.69	24.54	25.39	0.00	0.00
FBC	130	25.41	24.70	24.59	25.30	0.00	0.00
FBC	131	25.46	24.57	24.61	25.36	0.00	0.00
FBC	132	25.36	24.69	24.54	25.41	0.00	0.00
FBC	133	25.41	24.71	24.59	25.29	0.00	0.00
FBC	134	25.47	24.57	24.60	25.35	0.00	0.00
FBC	135	25.39	24.69	24.52	25.40	0.00	0.00
FBC	136	25.42	24.69	24.60	25.29	0.00	0.00
FBC	137	25.48	24.55	24.60	25.37	0.00	0.00
FBC	138	25.37	24.71	24.53	25.40	0.00	0.00
FBC	139	25.42	24.70	24.59	25.29	0.00	0.00
FBC	140	25.47	24.56	24.62	25.35	0.00	0.00
FBC	141	25.37	24.72	24.55	25.36	0.00	0.00
FBC	142	25.39	24.75	24.60	25.27	0.00	0.00
FBC	143	25.46	24.60	24.65	25.30	0.00	0.00
FBC	144	25.36	24.74	24.57	25.33	0.00	0.00
FBC	145	25.39	24.75	24.61	25.25	0.00	0.00
FBC	146	25.45	24.59	24.63	25.33	0.00	0.00
FBC	147	25.32	24.74	24.54	25.39	0.00	0.00
FBC	148	25.10	24.87	24.65	25.38	0.00	0.00
FBC	149	24.49	25.05	24.69	25.77	0.00	0.00
FBC	150	21.40	26.56	24.92	27.12	0.00	0.00
FBC	151	0.00	36.24	28.28	35.48	0.00	0.00
# ACGT raw counters for first fragments. Use `grep ^FTC | cut -f 2-` to extract this part. The columns are: A,C,G,T,N base counters
FTC	1129455023	1096546226	1090438287	1134944574	6822
# ACGT content per cycle for last fragments. Use `grep ^LBC | cut -f 2-` to extract this part. The columns are: cycle; A,C,G,T base counts as a percentage of all A/C/G/T bases [%]; and N and O counts as a percentage of all A/C/G/T bases [%]
LBC	1	26.03	24.66	22.51	26.80	0.01	0.00
LBC	2	27.73	22.11	25.11	25.04	0.00	0.00
LBC	3	25.23	24.74	22.67	27.37	0.00	0.00
LBC	4	26.31	25.56	23.26	24.87	0.00	0.00
LBC	5	25.42	23.90	24.88	25.79	0.00	0.00
LBC	6	26.11	23.31	25.30	25.28	0.00	0.00
LBC	7	25.46	24.38	24.44	25.72	0.00	0.00
LBC	8	26.02	24.13	24.52	25.33	0.00	0.00
LBC	9	25.22	24.58	24.08	26.12	0.00	0.00
LBC	10	25.75	24.36	24.36	25.53	0.00	0.00
LBC	11	25.99	24.06	24.52	25.44	0.00	0.00
LBC	12	25.86	24.29	24.11	25.73	0.00	0.00
LBC	13	25.84	24.25	24.19	25.73	0.00	0.00
LBC	14	25.85	24.14	24.26	25.74	0.00	0.00
LBC	15	25.73	24.31	24.16	25.80	0.00	0.00
LBC	16	25.71	24.31	24.24	25.74	0.00	0.00
LBC	17	25.74	24.21	24.31	25.74	0.00	0.00
LBC	18	25.61	24.41	24.20	25.78	0.00	0.00
LBC	19	25.58	24.44	24.28	25.69	0.00	0.00
LBC	20	25.65	24.26	24.41	25.68	0.00	0.00
LBC	21	25.60	24.45	24.26	25.69	0.00	0.00
LBC	22	25.60	24.48	24.36	25.56	0.00	0.00
LBC	23	25.59	24.35	24.50	25.55	0.00	0.00
LBC	24	25.46	24.56	24.41	25.57	0.00	0.00
LBC	25	25.46	24.55	24.51	25.48	0.00	0.00
LBC	26	25.52	24.42	24.59	25.48	0.00	0.00
LBC	27	25.43	24.59	24.46	25.52	0.00	0.00
LBC	28	25.45	24.60	24.53	25.42	0.00	0.00
LBC	29	25.52	24.43	24.59	25.47	0.00	0.00
LBC	30	25.41	24.61	24.44	25.54	0.00	0.00
LBC	31	25.42	24.63	24.51	25.45	0.00	0.00
LBC	32	25.52	24.46	24.60	25.42	0.00	0.00
LBC	33	25.45	24.59	24.52	25.44	0.00	0.00
LBC	34	25.50	24.60	24.59	25.31	0.00	0.00
LBC	35	25.56	24.45	24.63	25.35	0.00	0.00
LBC	36	25.46	24.59	24.52	25.44	0.00	0.00
LBC	37	25.47	24.62	24.58	25.34	0.00	0.00
LBC	38	25.54	24.45	24.64	25.38	0.00	0.00
LBC	39	25.45	24.62	24.51	25.43	0.00	0.00
LBC	40	25.45	24.62	24.58	25.35	0.00	0.00
LBC	41	25.50	24.48	24.63	25.38	0.00	0.00
LBC	42	25.44	24.62	24.51	25.44	0.00	0.00
LBC	43	25.46	24.63	24.56	25.35	0.00	0.00
LBC	44	25.53	24.45	24.64	25.38	0.00	0.00
LBC	45	25.44	24.59	24.53	25.44	0.00	0.00
LBC	46	25.46	24.61	24.60	25.33	0.00	0.00
LBC	47	25.52	24.47	24.64	25.37	0.00	0.00
LBC	48	25.43	24.63	24.54	25.41	0.00	0.00
LBC	49	25.44	24.63	24.61	25.32	0.00	0.00
LBC	50	25.50	24.48	24.67	25.35	0.00	0.00
LBC	51	25.44	24.63	24.53	25.40	0.00	0.00
LBC	52	25.46	24.63	24.60	25.32	0.00	0.00
LBC	53	25.51	24.48	24.64	25.36	0.00	0.00
LBC	54	25.45	24.61	24.52	25.42	0.00	0.00
LBC	55	25.47	24.62	24.58	25.33	0.00	0.00
LBC	56	25.53	24.46	24.65	25.36	0.00	0.00
LBC	57	25.43	24.61	24.55	25.41	0.00	0.00
LBC	58	25.45	24.64	24.61	25.30	0.00	0.00
LBC	59	25.52	24.50	24.65	25.34	0.00	0.00
LBC	60	25.47	24.61	24.53	25.39	0.00	0.00
LBC	61	25.45	24.63	24.61	25.31	0.00	0.00
LBC	62	25.50	24.49	24.66	25.35	0.00	0.00
LBC	63	25.45	24.62	24.53	25.40	0.00	0.00
LBC	64	25.46	24.62	24.60	25.32	0.00	0.00
LBC	65	25.52	24.48	24.65	25.35	0.00	0.00
LBC	66	25.43	24.63	24.53	25.41	0.00	0.00
LBC	67	25.46	24.63	24.61	25.30	0.00	0.00
LBC	68	25.51	24.48	24.65	25.35	0.00	0.00
LBC	69	25.42	24.64	24.54	25.40	0.00	0.00
LBC	70	25.45	24.64	24.61	25.30	0.00	0.00
LBC	71	25.51	24.48	24.65	25.36	0.00	0.00
LBC	72	25.44	24.63	24.52	25.41	0.00	0.00
LBC	73	25.45	24.65	24.59	25.32	0.00	0.00
LBC	74	25.52	24.49	24.63	25.35	0.00	0.00
LBC	75	25.46	24.61	24.52	25.41	0.00	0.00
LBC	76	25.45	24.63	24.60	25.31	0.00	0.00
LBC	77	25.53	24.48	24.65	25.34	0.00	0.00
LBC	78	25.44	24.62	24.53	25.41	0.00	0.00
LBC	79	25.46	24.63	24.59	25.32	0.00	0.00
LBC	80	25.51	24.48	24.66	25.35	0.00	0.00
LBC	81	25.45	24.62	24.53	25.40	0.00	0.00
LBC	82	25.45	24.65	24.58	25.31	0.00	0.00
LBC	83	25.52	24.48	24.64	25.36	0.00	0.00
LBC	84	25.45	24.63	24.52	25.41	0.00	0.00
LBC	85	25.47	24.63	24.59	25.31	0.00	0.00
LBC	86	25.53	24.49	24.63	25.35	0.00	0.00
LBC	87	25.44	24.62	24.53	25.41	0.00	0.00
LBC	88	25.47	24.63	24.60	25.31	0.00	0.00
LBC	89	25.54	24.50	24.63	25.34	0.00	0.00
LBC	90	25.43	24.64	24.54	25.39	0.00	0.00
LBC	91	25.45	24.64	24.62	25.30	0.00	0.00
LBC	92	25.54	24.49	24.64	25.33	0.00	0.00
LBC	93	25.46	24.62	24.52	25.40	0.00	0.00
LBC	94	25.47	24.65	24.58	25.31	0.00	0.00
LBC	95	25.55	24.48	24.62	25.34	0.00	0.00
LBC	96	25.46	24.62	24.51	25.40	0.00	0.00
LBC	97	25.47	24.65	24.57	25.31	0.00	0.00
LBC	98	25.52	24.51	24.63	25.34	0.00	0.00
LBC	99	25.46	24.62	24.52	25.40	0.00	0.00
LBC	100	25.46	24.64	24.59	25.31	0.00	0.00
LBC	101	25.51	24.50	24.64	25.34	0.00	0.00
LBC	102	25.44	24.63	24.53	25.40	0.00	0.00
LBC	103	25.46	24.64	24.58	25.32	0.00	0.00
LBC	104	25.53	24.48	24.63	25.36	0.00	0.00
LBC	105	25.47	24.62	24.49	25.41	0.00	0.00
LBC	106	25.49	24.64	24.57	25.31	0.00	0.00
LBC	107	25.54	24.48	24.62	25.36	0.00	0.00
LBC	108	25.48	24.63	24.51	25.38	0.00	0.00
LBC	109	25.47	24.64	24.57	25.31	0.00	0.00
LBC	110	25.54	24.51	24.62	25.33	0.00	0.00
LBC	111	25.44	24.64	24.53	25.39	0.00	0.00
LBC	112	25.45	24.65	24.59	25.31	0.00	0.00
LBC	113	25.53	24.51	24.63	25.33	0.00	0.00
LBC	114	25.45	24.64	24.52	25.39	0.00	0.00
LBC	115	25.47	24.64	24.59	25.31	0.00	0.00
LBC	116	25.55	24.49	24.62	25.34	0.00	0.00
LBC	117	25.46	24.62	24.53	25.40	0.00	0.00
LBC	118	25.47	24.65	24.57	25.31	0.00	0.00
LBC	119	25.53	24.49	24.63	25.35	0.00	0.00
LBC	120	25.47	24.63	24.52	25.39	0.00	0.00
LBC	121	25.47	24.65	24.58	25.30	0.00	0.00
LBC	122	25.53	24.51	24.63	25.33	0.00	0.00
LBC	123	25.47	24.63	24.52	25.39	0.00	0.00
LBC	124	25.47	24.64	24.58	25.31	0.00	0.00
LBC	125	25.52	24.51	24.63	25.35	0.00	0.00
LBC	126	25.45	24.63	24.52	25.40	0.00	0.00
LBC	127	25.48	24.63	24.58	25.32	0.00	0.00
LBC	128	25.55	24.50	24.62	25.33	0.00	0.00
LBC	129	25.45	24.63	24.52	25.41	0.00	0.00
LBC	130	25.47	24.64	24.59	25.30	0.00	0.00
LBC	131	25.52	24.50	24.65	25.33	0.00	0.00
LBC	132	25.46	24.65	24.52	25.37	0.00	0.00
LBC	133	25.48	24.64	24.59	25.29	0.00	0.00
LBC	134	25.54	24.51	24.62	25.32	0.00	0.00
LBC	135	25.46	24.64	24.51	25.38	0.00	0.00
LBC	136	25.46	24.65	24.60	25.30	0.00	0.00
LBC	137	25.54	24.50	24.63	25.34	0.00	0.00
LBC	138	25.48	24.62	24.52	25.38	0.00	0.00
LBC	139	25.48	24.64	24.59	25.29	0.00	0.00
LBC	140	25.53	24.53	24.63	25.31	0.00	0.00
LBC	141	25.45	24.65	24.54	25.36	0.00	0.00
LBC	142	25.46	24.68	24.61	25.26	0.00	0.00
LBC	143	25.51	24.55	24.66	25.28	0.00	0.00
LBC	144	25.46	24.67	24.57	25.31	0.00	0.00
LBC	145	25.46	24.68	24.62	25.24	0.00	0.00
LBC	146	25.51	24.54	24.65	25.30	0.00	0.00
LBC	147	25.42	24.69	24.53	25.37	0.00	0.00
LBC	148	25.18	24.80	24.65	25.37	0.00	0.00
LBC	149	24.57	25.00	24.72	25.72	0.00	0.00
LBC	150	21.50	26.46	24.90	27.14	0.00	0.00
LBC	151	0.00	35.89	28.07	36.03	0.00	0.00
# ACGT raw counters for last fragments. Use `grep ^LTC | cut -f 2-` to extract this part. The columns are: A,C,G,T,N base counters
LTC	1129716423	1094922464	1092422503	1134123921	14546
# Insert sizes. Use `grep ^IS | cut -f 2-` to extract this part. The columns are: insert size, pairs total, inward oriented pairs, outward oriented pairs, other pairs
IS	0	0	0	0	0
IS	1	0	0	0	0
IS	2	0	0	0	0
IS	3	0	0	0	0
IS	4	0	0	0	0
IS	5	0	0	0	0
IS	6	0	0	0	0
IS	7	0	0	0	0
IS	8	0	0	0	0
IS	9	0	0	0	0
IS	10	0	0	0	0
IS	11	0	0	0	0
IS	12	0	0	0	0
IS	13	0	0	0	0
IS	14	0	0	0	0
IS	15	0	0	0	0
IS	16	0	0	0	0
IS	17	0	0	0	0
IS	18	0	0	0	0
IS	19	0	0	0	0
IS	20	0	0	0	0
IS	21	0	0	0	0
IS	22	0	0	0	0
IS	23	0	0	0	0
IS	24	0	0	0	0
IS	25	0	0	0	0
IS	26	0	0	0	0
IS	27	0	0	0	0
IS	28	0	0	0	0
IS	29	0	0	0	0
IS	30	0	0	0	0
IS	31	0	0	0	0
IS	32	0	0	0	0
IS	33	0	0	0	0
IS	34	0	0	0	0
IS	35	0	0	0	0
IS	36	0	0	0	0
IS	37	0	0	0	0
IS	38	0	0	0	0
IS	39	0	0	0	0
IS	40	0	0	0	0
IS	41	0	0	0	0
IS	42	0	0	0	0
IS	43	0	0	0	0
IS	44	0	0	0	0
IS	45	0	0	0	0
IS	46	0	0	0	0
IS	47	0	0	0	0
IS	48	0	0	0	0
IS	49	0	0	0	0
IS	50	0	0	0	0
IS	51	0	0	0	0
IS	52	0	0	0	0
IS	53	0	0	0	0
IS	54	0	0	0	0
IS	55	0	0	0	0
IS	56	0	0	0	0
IS	57	0	0	0	0
IS	58	0	0	0	0
IS	59	0	0	0	0
IS	60	0	0	0	0
IS	61	0	0	0	0
IS	62	0	0	0	0
IS	63	0	0	0	0
IS	64	0	0	0	0
IS	65	0	0	0	0
IS	66	0	0	0	0
IS	67	0	0	0	0
IS	68	0	0	0	0
IS	69	0	0	0	0
IS	70	0	0	0	0
IS	71	0	0	0	0
IS	72	0	0	0	0
IS	73	0	0	0	0
IS	74	0	0	0	0
IS	75	0	0	0	0
IS	76	0	0	0	0
IS	77	0	0	0	0
IS	78	0	0	0	0
IS	79	0	0	0	0
IS	80	0	0	0	0
IS	81	0	0	0	0
IS	82	0	0	0	0
IS	83	0	0	0	0
IS	84	0	0	0	0
IS	85	0	0	0	0
IS	86	0	0	0	0
IS	87	0	0	0	0
IS	88	0	0	0	0
IS	89	0	0	0	0
IS	90	0	0	0	0
IS	91	0	0	0	0
IS	92	0	0	0	0
IS	93	0	0	0	0
IS	94	0	0	0	0
IS	95	0	0	0	0
IS	96	0	0	0	0
IS	97	0	0	0	0
IS	98	0	0	0	0
IS	99	0	0	0	0
IS	100	0	0	0	0
IS	101	0	0	0	0
IS	102	0	0	0	0
IS	103	0	0	0	0
IS	104	0	0	0	0
IS	105	0	0	0	0
IS	106	0	0	0	0
IS	107	0	0	0	0
IS	108	0	0	0	0
IS	109	0	0	0	0
IS	110	0	0	0	0
IS	111	0	0	0	0
IS	112	0	0	0	0
IS	113	0	0	0	0
IS	114	0	0	0	0
IS	115	0	0	0	0
IS	116	0	0	0	0
IS	117	0	0	0	0
IS	118	0	0	0	0
IS	119	0	0	0	0
IS	120	0	0	0	0
IS	121	0	0	0	0
IS	122	0	0	0	0
IS	123	0	0	0	0
IS	124	0	0	0	0
IS	125	0	0	0	0
IS	126	0	0	0	0
IS	127	0	0	0	0
IS	128	0	0	0	0
IS	129	0	0	0	0
IS	130	0	0	0	0
IS	131	0	0	0	0
IS	132	0	0	0	0
IS	133	0	0	0	0
IS	134	0	0	0	0
IS	135	0	0	0	0
IS	136	0	0	0	0
IS	137	0	0	0	0
IS	138	0	0	0	0
IS	139	0	0	0	0
IS	140	0	0	0	0
IS	141	0	0	0	0
IS	142	0	0	0	0
IS	143	0	0	0	0
IS	144	0	0	0	0
IS	145	0	0	0	0
IS	146	1	1	0	0
IS	147	0	0	0	0
IS	148	0	0	0	0
IS	149	0	0	0	0
IS	150	0	0	0	0
IS	151	0	0	0	0
IS	152	0	0	0	0
IS	153	0	0	0	0
IS	154	0	0	0	0
IS	155	0	0	0	0
IS	156	0	0	0	0
IS	157	1	1	0	0
IS	158	0	0	0	0
IS	159	0	0	0	0
IS	160	0	0	0	0
IS	161	0	0	0	0
IS	162	0	0	0	0
IS	163	0	0	0	0
IS	164	0	0	0	0
IS	165	0	0	0	0
IS	166	0	0	0	0
IS	167	0	0	0	0
IS	168	0	0	0	0
IS	169	0	0	0	0
IS	170	0	0	0	0
IS	171	0	0	0	0
IS	172	0	0	0	0
IS	173	0	0	0	0
IS	174	0	0	0	0
IS	175	0	0	0	0
IS	176	1	1	0	0
IS	177	0	0	0	0
IS	178	0	0	0	0
IS	179	0	0	0	0
IS	180	0	0	0	0
IS	181	0	0	0	0
IS	182	0	0	0	0
IS	183	0	0	0	0
IS	184	0	0	0	0
IS	185	0	0	0	0
IS	186	0	0	0	0
IS	187	0	0	0	0
IS	188	0	0	0	0
IS	189	0	0	0	0
IS	190	1	1	0	0
IS	191	0	0	0	0
IS	192	0	0	0	0
IS	193	0	0	0	0
IS	194	0	0	0	0
IS	195	0	0	0	0
IS	196	0	0	0	0
IS	197	0	0	0	0
IS	198	0	0	0	0
IS	199	0	0	0	0
IS	200	0	0	0	0
IS	201	0	0	0	0
IS	202	0	0	0	0
IS	203	0	0	0	0
IS	204	0	0	0	0
IS	205	0	0	0	0
IS	206	0	0	0	0
IS	207	0	0	0	0
IS	208	0	0	0	0
IS	209	1	1	0	0
IS	210	0	0	0	0
IS	211	0	0	0	0
IS	212	1	1	0	0
IS	213	0	0	0	0
IS	214	0	0	0	0
IS	215	1	1	0	0
IS	216	0	0	0	0
IS	217	1	1	0	0
IS	218	0	0	0	0
IS	219	0	0	0	0
IS	220	0	0	0	0
IS	221	0	0	0	0
IS	222	1	1	0	0
IS	223	0	0	0	0
IS	224	0	0	0	0
IS	225	0	0	0	0
IS	226	0	0	0	0
IS	227	0	0	0	0
IS	228	0	0	0	0
IS	229	0	0	0	0
IS	230	0	0	0	0
IS	231	0	0	0	0
IS	232	0	0	0	0
IS	233	0	0	0	0
IS	234	0	0	0	0
IS	235	0	0	0	0
IS	236	0	0	0	0
IS	237	1	1	0	0
IS	238	0	0	0	0
IS	239	0	0	0	0
IS	240	0	0	0	0
IS	241	0	0	0	0
IS	242	0	0	0	0
IS	243	0	0	0	0
IS	244	0	0	0	0
IS	245	0	0	0	0
IS	246	0	0	0	0
IS	247	0	0	0	0
IS	248	0	0	0	0
IS	249	0	0	0	0
IS	250	0	0	0	0
IS	251	0	0	0	0
IS	252	0	0	0	0
IS	253	0	0	0	0
IS	254	0	0	0	0
IS	255	0	0	0	0
IS	256	0	0	0	0
IS	257	0	0	0	0
IS	258	0	0	0	0
IS	259	0	0	0	0
IS	260	0	0	0	0
IS	261	0	0	0	0
IS	262	0	0	0	0
IS	263	0	0	0	0
IS	264	0	0	0	0
IS	265	0	0	0	0
IS	266	0	0	0	0
IS	267	0	0	0	0
IS	268	1	1	0	0
IS	269	0	0	0	0
IS	270	0	0	0	0
IS	271	0	0	0	0
IS	272	0	0	0	0
IS	273	1	1	0	0
IS	274	0	0	0	0
IS	275	0	0	0	0
IS	276	0	0	0	0
IS	277	0	0	0	0
IS	278	0	0	0	0
IS	279	0	0	0	0
IS	280	0	0	0	0
IS	281	0	0	0	0
IS	282	0	0	0	0
IS	283	0	0	0	0
IS	284	0	0	0	0
IS	285	0	0	0	0
IS	286	0	0	0	0
IS	287	0	0	0	0
IS	288	0	0	0	0
IS	289	0	0	0	0
IS	290	0	0	0	0
IS	291	0	0	0	0
IS	292	0	0	0	0
IS	293	0	0	0	0
IS	294	0	0	0	0
IS	295	0	0	0	0
IS	296	0	0	0	0
IS	297	0	0	0	0
IS	298	1	1	0	0
IS	299	0	0	0	0
IS	300	0	0	0	0
IS	301	0	0	0	0
IS	302	0	0	0	0
IS	303	0	0	0	0
IS	304	0	0	0	0
IS	305	0	0	0	0
IS	306	0	0	0	0
IS	307	0	0	0	0
IS	308	0	0	0	0
IS	309	0	0	0	0
IS	310	0	0	0	0
IS	311	0	0	0	0
IS	312	0	0	0	0
IS	313	0	0	0	0
IS	314	1	1	0	0
IS	315	0	0	0	0
IS	316	0	0	0	0
IS	317	0	0	0	0
IS	318	0	0	0	0
IS	319	0	0	0	0
IS	320	0	0	0	0
IS	321	1	1	0	0
IS	322	0	0	0	0
IS	323	0	0	0	0
IS	324	0	0	0	0
IS	325	0	0	0	0
IS	326	0	0	0	0
IS	327	0	0	0	0
IS	328	1	1	0	0
IS	329	0	0	0	0
IS	330	0	0	0	0
IS	331	1	1	0	0
IS	332	0	0	0	0
IS	333	0	0	0	0
IS	334	0	0	0	0
IS	335	0	0	0	0
IS	336	0	0	0	0
IS	337	0	0	0	0
IS	338	0	0	0	0
IS	339	1	1	0	0
IS	340	2	2	0	0
IS	341	1	1	0	0
IS	342	1	1	0	0
IS	343	0	0	0	0
IS	344	0	0	0	0
IS	345	0	0	0	0
IS	346	0	0	0	0
IS	347	0	0	0	0
IS	348	2	2	0	0
IS	349	2	2	0	0
IS	350	2	2	0	0
IS	351	1	1	0	0
IS	352	1	1	0	0
IS	353	1	1	0	0
IS	354	3	3	0	0
IS	355	3	3	0	0
IS	356	8	8	0	0
IS	357	2	2	0	0
IS	358	2	2	0	0
IS	359	5	5	0	0
IS	360	5	5	0	0
IS	361	4	4	0	0
IS	362	5	5	0	0
IS	363	6	6	0	0
IS	364	6	6	0	0
IS	365	10	10	0	0
IS	366	3	3	0	0
IS	367	4	4	0	0
IS	368	8	8	0	0
IS	369	9	9	0	0
IS	370	8	8	0	0
IS	371	5	5	0	0
IS	372	9	9	0	0
IS	373	11	11	0	0
IS	374	10	10	0	0
IS	375	12	12	0	0
IS	376	11	11	0	0
IS	377	13	13	0	0
IS	378	5	5	0	0
IS	379	9	9	0	0
IS	380	10	10	0	0
IS	381	10	10	0	0
IS	382	12	12	0	0
IS	383	14	14	0	0
IS	384	9	9	0	0
IS	385	7	7	0	0
IS	386	13	13	0	0
IS	387	13	13	0	0
IS	388	8	8	0	0
IS	389	7	7	0	0
IS	390	9	9	0	0
IS	391	8	8	0	0
IS	392	6	6	0	0
IS	393	5	5	0	0
IS	394	7	7	0	0
IS	395	2	2	0	0
IS	396	4	4	0	0
IS	397	5	5	0	0
IS	398	3	3	0	0
IS	399	0	0	0	0
IS	400	2	2	0	0
IS	401	4	4	0	0
IS	402	0	0	0	0
IS	403	1	1	0	0
IS	404	1	1	0	0
IS	405	1	1	0	0
IS	406	2	2	0	0
IS	407	1	1	0	0
IS	408	2	2	0	0
IS	409	0	0	0	0
IS	410	0	0	0	0
IS	411	0	0	0	0
IS	412	1	1	0	0
IS	413	0	0	0	0
IS	414	1	1	0	0
IS	415	0	0	0	0
IS	416	1	1	0	0
# Read lengths. Use `grep ^RL | cut -f 2-` to extract this part. The columns are: read length, count
RL	60	432
RL	61	380
RL	62	420
RL	63	403
RL	64	458
RL	65	496
RL	66	461
RL	67	472
RL	68	486
RL	69	510
RL	70	503
RL	71	497
RL	72	572
RL	73	563
RL	74	629
RL	75	623
RL	76	662
RL	77	647
RL	78	653
RL	79	685
RL	80	709
RL	81	784
RL	82	713
RL	83	752
RL	84	834
RL	85	858
RL	86	805
RL	87	832
RL	88	905
RL	89	929
RL	90	885
RL	91	983
RL	92	921
RL	93	986
RL	94	1001
RL	95	1052
RL	96	1033
RL	97	1045
RL	98	1219
RL	99	1108
RL	100	1186
RL	101	1183
RL	102	1296
RL	103	1210
RL	104	1327
RL	105	1277
RL	106	1317
RL	107	1407
RL	108	1359
RL	109	1503
RL	110	1453
RL	111	1593
RL	112	1591
RL	113	1595
RL	114	1677
RL	115	1716
RL	116	1875
RL	117	2002
RL	118	2027
RL	119	2085
RL	120	2228
RL	121	2332
RL	122	2363
RL	123	2368
RL	124	2516
RL	125	2505
RL	126	2718
RL	127	2832
RL	128	2871
RL	129	3054
RL	130	2997
RL	131	3350
RL	132	3472
RL	133	3533
RL	134	3655
RL	135	3591
RL	136	4034
RL	137	5001
RL	138	6399
RL	139	9940
RL	140	17320
RL	141	32979
RL	142	35358
RL	143	6754
RL	144	8995
RL	145	21612
RL	146	54121
RL	147	241872
RL	148	794443
RL	149	2977599
RL	150	13989510
RL	151	40839327
# Read lengths - first fragments. Use `grep ^FRL | cut -f 2-` to extract this part. The columns are: read length, count
FRL	60	214
FRL	61	184
FRL	62	207
FRL	63	196
FRL	64	223
FRL	65	246
FRL	66	225
FRL	67	233
FRL	68	241
FRL	69	256
FRL	70	246
FRL	71	245
FRL	72	284
FRL	73	279
FRL	74	304
FRL	75	308
FRL	76	327
FRL	77	320
FRL	78	317
FRL	79	338
FRL	80	345
FRL	81	391
FRL	82	350
FRL	83	367
FRL	84	410
FRL	85	422
FRL	86	395
FRL	87	406
FRL	88	442
FRL	89	461
FRL	90	429
FRL	91	482
FRL	92	450
FRL	93	476
FRL	94	489
FRL	95	514
FRL	96	507
FRL	97	513
FRL	98	602
FRL	99	546
FRL	100	574
FRL	101	583
FRL	102	645
FRL	103	604
FRL	104	651
FRL	105	633
FRL	106	650
FRL	107	707
FRL	108	678
FRL	109	748
FRL	110	726
FRL	111	798
FRL	112	787
FRL	113	794
FRL	114	836
FRL	115	855
FRL	116	944
FRL	117	1001
FRL	118	1007
FRL	119	1038
FRL	120	1106
FRL	121	1170
FRL	122	1178
FRL	123	1181
FRL	124	1260
FRL	125	1246
FRL	126	1353
FRL	127	1414
FRL	128	1433
FRL	129	1520
FRL	130	1493
FRL	131	1661
FRL	132	1735
FRL	133	1772
FRL	134	1826
FRL	135	1792
FRL	136	2007
FRL	137	2467
FRL	138	3229
FRL	139	4960
FRL	140	8684
FRL	141	16432
FRL	142	17854
FRL	143	3363
FRL	144	4463
FRL	145	10868
FRL	146	26891
FRL	147	120623
FRL	148	394357
FRL	149	1487657
FRL	150	6933747
FRL	151	20485426
# Read lengths - last fragments. Use `grep ^LRL | cut -f 2-` to extract this part. The columns are: read length, count
LRL	60	218
LRL	61	196
LRL	62	213
LRL	63	207
LRL	64	235
LRL	65	250
LRL	66	236
LRL	67	239
LRL	68	245
LRL	69	254
LRL	70	257
LRL	71	252
LRL	72	288
LRL	73	284
LRL	74	325
LRL	75	315
LRL	76	335
LRL	77	327
LRL	78	336
LRL	79	347
LRL	80	364
LRL	81	393
LRL	82	363
LRL	83	385
LRL	84	424
LRL	85	436
LRL	86	410
LRL	87	426
LRL	88	463
LRL	89	468
LRL	90	456
LRL	91	501
LRL	92	471
LRL	93	510
LRL	94	512
LRL	95	538
LRL	96	526
LRL	97	532
LRL	98	617
LRL	99	562
LRL	100	612
LRL	101	600
LRL	102	651
LRL	103	606
LRL	104	676
LRL	105	644
LRL	106	667
LRL	107	700
LRL	108	681
LRL	109	755
LRL	110	727
LRL	111	795
LRL	112	804
LRL	113	801
LRL	114	841
LRL	115	861
LRL	116	931
LRL	117	1001
LRL	118	1020
LRL	119	1047
LRL	120	1122
LRL	121	1162
LRL	122	1185
LRL	123	1187
LRL	124	1256
LRL	125	1259
LRL	126	1365
LRL	127	1418
LRL	128	1438
LRL	129	1534
LRL	130	1504
LRL	131	1689
LRL	132	1737
LRL	133	1761
LRL	134	1829
LRL	135	1799
LRL	136	2027
LRL	137	2534
LRL	138	3170
LRL	139	4980
LRL	140	8636
LRL	141	16547
LRL	142	17504
LRL	143	3391
LRL	144	4532
LRL	145	10744
LRL	146	27230
LRL	147	121249
LRL	148	400086
LRL	149	1489942
LRL	150	7055763
LRL	151	20353901
# Mapping qualities for reads !(UNMAP|SECOND|SUPPL|QCFAIL|DUP). Use `grep ^MAPQ | cut -f 2-` to extract this part. The columns are: mapq, count
MAPQ	0	3
MAPQ	1	56
MAPQ	2	3
MAPQ	3	2
MAPQ	6	20
MAPQ	12	4
MAPQ	17	2
MAPQ	18	2
MAPQ	22	4
MAPQ	23	5
MAPQ	24	6
MAPQ	25	2
MAPQ	27	4
MAPQ	30	6
MAPQ	32	2
MAPQ	33	2
MAPQ	34	4
MAPQ	35	4
MAPQ	37	4
MAPQ	38	4
MAPQ	39	2
MAPQ	40	16
MAPQ	42	613
# Indel distribution. Use `grep ^ID | cut -f 2-` to extract this part. The columns are: length, number of insertions, number of deletions
ID	1	12	22
ID	2	6	2
ID	3	2	2
ID	4	1	0
ID	6	2	0
# Indels per cycle. Use `grep ^IC | cut -f 2-` to extract this part. The columns are: cycle, number of insertions (fwd), .. (rev) , number of deletions (fwd), .. (rev)
IC	7	2	3	0	0
IC	9	0	1	0	0
IC	13	2	0	0	0
IC	16	0	0	1	0
IC	18	0	0	0	1
IC	23	1	0	0	0
IC	29	0	1	0	0
IC	35	0	0	1	0
IC	36	0	0	1	0
IC	37	0	1	0	0
IC	39	0	0	0	1
IC	52	0	0	1	0
IC	54	0	0	0	1
IC	56	0	0	1	0
IC	68	1	0	0	0
IC	70	0	0	0	1
IC	73	0	1	0	0
IC	78	1	0	0	0
IC	79	0	0	1	0
IC	82	0	1	0	0
IC	84	0	0	1	0
IC	85	0	0	0	1
IC	92	0	0	0	1
IC	97	0	0	1	0
IC	102	0	0	1	0
IC	107	0	0	1	0
IC	108	0	0	1	0
IC	111	0	0	0	1
IC	117	2	0	0	1
IC	121	1	0	0	0
IC	124	1	0	0	0
IC	127	1	0	0	0
IC	132	0	0	1	0
IC	136	0	1	0	1
IC	139	1	0	0	1
IC	140	0	0	1	1
IC	142	0	0	1	0
IC	145	0	0	1	0
IC	147	0	1	0	0
# Coverage distribution. Use `grep ^COV | cut -f 2-` to extract this part.
COV	[1-1]	1	106232
COV	[2-2]	2	4689
# GC-depth. Use `grep ^GCD | cut -f 2-` to extract this part. The columns are: GC%, unique sequence percentiles, 10th, 25th, 50th, 75th and 90th depth percentile
GCD	0.0	0.535	0.000	0.000	0.000	0.000	0.000
GCD	0.7	0.802	0.015	0.015	0.015	0.015	0.015
GCD	18.0	1.070	0.008	0.008	0.008	0.008	0.008
GCD	21.0	1.337	0.015	0.015	0.015	0.015	0.015
GCD	23.0	1.872	0.015	0.015	0.015	0.015	0.015
GCD	24.0	2.139	0.030	0.030	0.030	0.030	0.030
GCD	25.0	3.209	0.015	0.015	0.015	0.015	0.015
GCD	26.0	3.743	0.015	0.015	0.023	0.030	0.030
GCD	27.0	4.545	0.015	0.015	0.015	0.015	0.015
GCD	28.0	5.615	0.008	0.009	0.015	0.015	0.015
GCD	29.0	6.150	0.015	0.015	0.015	0.015	0.015
GCD	30.0	8.289	0.015	0.015	0.015	0.015	0.015
GCD	31.0	10.695	0.015	0.015	0.015	0.015	0.030
GCD	32.0	13.904	0.010	0.015	0.015	0.015	0.015
GCD	33.0	17.380	0.015	0.015	0.015	0.015	0.015
GCD	34.0	22.193	0.015	0.015	0.015	0.015	0.015
GCD	35.0	27.005	0.015	0.015	0.015	0.015	0.015
GCD	36.0	33.422	0.011	0.015	0.015	0.015	0.015
GCD	37.0	39.572	0.015	0.015	0.015	0.015	0.015
GCD	38.0	44.652	0.015	0.015	0.015	0.015	0.015
GCD	39.0	48.663	0.012	0.015	0.015	0.015	0.015
GCD	40.0	55.348	0.012	0.015	0.015	0.015	0.015
GCD	41.0	58.021	0.008	0.015	0.015	0.015	0.029
GCD	42.0	61.765	0.015	0.015	0.015	0.015	0.015
GCD	43.0	66.043	0.015	0.015	0.015	0.015	0.030
GCD	44.0	70.856	0.014	0.015	0.015	0.015	0.017
GCD	45.0	75.134	0.015	0.015	0.015	0.015	0.042
GCD	46.0	78.342	0.015	0.015	0.015	0.015	0.026
GCD	47.0	80.749	0.015	0.015	0.015	0.015	0.015
GCD	48.0	84.225	0.015	0.015	0.015	0.015	0.024
GCD	49.0	87.166	0.009	0.015	0.015	0.015	0.027
GCD	50.0	88.503	0.008	0.011	0.015	0.015	0.015
GCD	51.0	90.107	0.015	0.015	0.015	0.019	0.030
GCD	52.0	92.781	0.008	0.015	0.015	0.015	0.015
GCD	53.0	94.385	0.015	0.015	0.015	0.015	0.015
GCD	54.0	95.455	0.008	0.009	0.015	0.015	0.015
GCD	55.0	96.524	0.015	0.015	0.015	0.015	0.015
GCD	56.0	97.326	0.015	0.015	0.015	0.015	0.015
GCD	57.0	97.594	0.015	0.015	0.015	0.015	0.015
GCD	58.0	98.396	0.015	0.015	0.015	0.015	0.015
GCD	59.0	99.198	0.015	0.015	0.015	0.015	0.015
GCD	60.0	99.465	0.015	0.015	0.015	0.015	0.015
GCD	69.0	99.733	0.015	0.015	0.015	0.015	0.015
GCD	73.0	100.000	0.015	0.015	0.015	0.015	0.015
