# This file was produced by samtools stats (1.21+htslib-1.21) and can be plotted using plot-bamstats
# This file contains statistics for all reads.
# The command line was:  stats -@ 8 /maps/projects/course_1/scratch/group8/group-project-group-8/week18-preprocessing/retry/02_reads_preprocessing/gut_adult/ERR2641677/ERR2641677.host.bam
# CHK, Checksum	[2]Read Names	[3]Sequences	[4]Qualities
# CHK, CRC32 of reads which passed filtering followed by addition (32bit overflow)
CHK	e13744b8	ee364fd2	aec4a160
# Summary Numbers. Use `grep ^SN | cut -f 2-` to extract this part.
SN	raw total sequences:	43622094	# excluding supplementary and secondary reads
SN	filtered sequences:	0
SN	sequences:	43622094
SN	is sorted:	1
SN	1st fragments:	21811047
SN	last fragments:	21811047
SN	reads mapped:	16048
SN	reads mapped and paired:	15970	# paired-end technology bit set + both mates mapped
SN	reads unmapped:	43606046
SN	reads properly paired:	15958	# proper-pair bit set
SN	reads paired:	43622094	# paired-end technology bit set
SN	reads duplicated:	0	# PCR or optical duplicate bit set
SN	reads MQ0:	117	# mapped and MQ=0
SN	reads QC failed:	0
SN	non-primary alignments:	0
SN	supplementary alignments:	0
SN	total length:	6539871690	# ignores clipping
SN	total first fragment length:	3270031846	# ignores clipping
SN	total last fragment length:	3269839844	# ignores clipping
SN	bases mapped:	2402010	# ignores clipping
SN	bases mapped (cigar):	2402010	# more accurate
SN	bases trimmed:	0
SN	bases duplicated:	0
SN	mismatches:	17153	# from NM fields
SN	error rate:	7.141103e-03	# mismatches / bases mapped (cigar)
SN	average length:	150
SN	average first fragment length:	150
SN	average last fragment length:	150
SN	maximum length:	150
SN	maximum first fragment length:	150
SN	maximum last fragment length:	150
SN	average quality:	37.7
SN	insert size average:	296.3
SN	insert size standard deviation:	63.2
SN	inward oriented pairs:	7971
SN	outward oriented pairs:	9
SN	pairs with other orientation:	2
SN	pairs on different chromosomes:	3
SN	percentage of properly paired reads (%):	0.0
# First Fragment Qualities. Use `grep ^FFQ | cut -f 2-` to extract this part.
# Columns correspond to qualities and rows to cycles. First column is the cycle number.
FFQ	1	0	0	215159	0	0	0	0	0	0	0	0	0	195316	0	0	0	0	0	0	0	0	0	0	0	0	0	0	396653	0	0	0	0	21003919	0	0	0	0	0	0	0	0	0	0
FFQ	2	0	0	251	0	0	0	0	0	0	0	0	0	221666	0	0	0	0	0	0	0	0	0	0	0	0	0	0	415312	0	0	0	0	21173791	0	0	0	0	27	0	0	0	0	0
FFQ	3	0	0	0	0	0	0	0	0	0	0	0	0	207813	0	0	0	0	0	0	0	0	0	37	0	0	0	0	404171	0	0	0	0	3487846	0	0	0	0	17711180	0	0	0	0	0
FFQ	4	0	0	6	0	0	0	0	0	0	0	0	0	185775	0	0	0	0	0	0	0	0	0	20404	0	0	0	0	345997	0	0	0	0	1264609	0	0	0	0	19994256	0	0	0	0	0
FFQ	5	0	0	0	0	0	0	0	0	0	0	0	0	150003	0	0	0	0	0	0	0	0	0	52982	0	0	0	0	248657	0	0	0	0	786022	0	0	0	0	20573383	0	0	0	0	0
FFQ	6	0	0	301	0	0	0	0	0	0	0	0	0	109476	0	0	0	0	0	0	0	0	0	48261	0	0	0	0	192757	0	0	0	0	585305	0	0	0	0	1711970	0	0	0	19162977	0
FFQ	7	0	0	0	0	0	0	0	0	0	0	0	0	103986	0	0	0	0	0	0	0	0	0	47002	0	0	0	0	183906	0	0	0	0	518333	0	0	0	0	1453135	0	0	0	19504685	0
FFQ	8	0	0	10	0	0	0	0	0	0	0	0	0	100012	0	0	0	0	0	0	0	0	0	50350	0	0	0	0	167597	0	0	0	0	491630	0	0	0	0	1339361	0	0	0	19662087	0
FFQ	9	0	0	0	0	0	0	0	0	0	0	0	0	93062	0	0	0	0	0	0	0	0	0	52303	0	0	0	0	155162	0	0	0	0	477117	0	0	0	0	1298889	0	0	0	19734514	0
FFQ	10	0	0	213	0	0	0	0	0	0	0	0	0	96661	0	0	0	0	0	0	0	0	0	54076	0	0	0	0	160739	0	0	0	0	491235	0	0	0	0	1293750	0	0	0	19714373	0
FFQ	11	0	0	3	0	0	0	0	0	0	0	0	0	96986	0	0	0	0	0	0	0	0	0	61596	0	0	0	0	155166	0	0	0	0	484945	0	0	0	0	1280787	0	0	0	19731564	0
FFQ	12	0	0	0	0	0	0	0	0	0	0	0	0	98524	0	0	0	0	0	0	0	0	0	63317	0	0	0	0	160338	0	0	0	0	501402	0	0	0	0	1292419	0	0	0	19695047	0
FFQ	13	0	0	167	0	0	0	0	0	0	0	0	0	92480	0	0	0	0	0	0	0	0	0	71848	0	0	0	0	157555	0	0	0	0	487524	0	0	0	0	1274175	0	0	0	19727298	0
FFQ	14	0	0	0	0	0	0	0	0	0	0	0	0	94947	0	0	0	0	0	0	0	0	0	81654	0	0	0	0	160310	0	0	0	0	484900	0	0	0	0	1258156	0	0	0	19731080	0
FFQ	15	0	0	0	0	0	0	0	0	0	0	0	0	94860	0	0	0	0	0	0	0	0	0	91656	0	0	0	0	164884	0	0	0	0	472525	0	0	0	0	1259263	0	0	0	19727859	0
FFQ	16	0	0	0	0	0	0	0	0	0	0	0	0	93868	0	0	0	0	0	0	0	0	0	101656	0	0	0	0	169751	0	0	0	0	466169	0	0	0	0	1243645	0	0	0	19735958	0
FFQ	17	0	0	0	0	0	0	0	0	0	0	0	0	95291	0	0	0	0	0	0	0	0	0	107415	0	0	0	0	170640	0	0	0	0	460896	0	0	0	0	1246771	0	0	0	19730034	0
FFQ	18	0	0	0	0	0	0	0	0	0	0	0	0	96111	0	0	0	0	0	0	0	0	0	110854	0	0	0	0	172440	0	0	0	0	459548	0	0	0	0	1243203	0	0	0	19728891	0
FFQ	19	0	0	0	0	0	0	0	0	0	0	0	0	97366	0	0	0	0	0	0	0	0	0	111272	0	0	0	0	173620	0	0	0	0	461406	0	0	0	0	1253190	0	0	0	19714193	0
FFQ	20	0	0	0	0	0	0	0	0	0	0	0	0	97786	0	0	0	0	0	0	0	0	0	111037	0	0	0	0	171028	0	0	0	0	457890	0	0	0	0	1254416	0	0	0	19718890	0
FFQ	21	0	0	0	0	0	0	0	0	0	0	0	0	283761	0	0	0	0	0	0	0	0	0	129546	0	0	0	0	193263	0	0	0	0	527292	0	0	0	0	1308826	0	0	0	19368359	0
FFQ	22	0	0	0	0	0	0	0	0	0	0	0	0	104143	0	0	0	0	0	0	0	0	0	118687	0	0	0	0	178054	0	0	0	0	561380	0	0	0	0	1396976	0	0	0	19451807	0
FFQ	23	0	0	206	0	0	0	0	0	0	0	0	0	109215	0	0	0	0	0	0	0	0	0	121558	0	0	0	0	193876	0	0	0	0	472164	0	0	0	0	1369100	0	0	0	19544928	0
FFQ	24	0	0	0	0	0	0	0	0	0	0	0	0	104301	0	0	0	0	0	0	0	0	0	121453	0	0	0	0	215074	0	0	0	0	428336	0	0	0	0	1303878	0	0	0	19638005	0
FFQ	25	0	0	600	0	0	0	0	0	0	0	0	0	104975	0	0	0	0	0	0	0	0	0	124052	0	0	0	0	227515	0	0	0	0	412314	0	0	0	0	1294774	0	0	0	19646817	0
FFQ	26	0	0	0	0	0	0	0	0	0	0	0	0	142920	0	0	0	0	0	0	0	0	0	127880	0	0	0	0	247521	0	0	0	0	388767	0	0	0	0	1296938	0	0	0	19607021	0
FFQ	27	0	0	0	0	0	0	0	0	0	0	0	0	142129	0	0	0	0	0	0	0	0	0	132109	0	0	0	0	253529	0	0	0	0	377888	0	0	0	0	1287768	0	0	0	19617624	0
FFQ	28	0	0	0	0	0	0	0	0	0	0	0	0	149028	0	0	0	0	0	0	0	0	0	137085	0	0	0	0	259881	0	0	0	0	382821	0	0	0	0	1308500	0	0	0	19573732	0
FFQ	29	0	0	0	0	0	0	0	0	0	0	0	0	149377	0	0	0	0	0	0	0	0	0	138834	0	0	0	0	261215	0	0	0	0	384629	0	0	0	0	1316524	0	0	0	19560468	0
FFQ	30	0	0	0	0	0	0	0	0	0	0	0	0	154726	0	0	0	0	0	0	0	0	0	140695	0	0	0	0	265971	0	0	0	0	388027	0	0	0	0	1326343	0	0	0	19535285	0
FFQ	31	0	0	0	0	0	0	0	0	0	0	0	0	190832	0	0	0	0	0	0	0	0	0	148834	0	0	0	0	273228	0	0	0	0	390021	0	0	0	0	1336825	0	0	0	19471307	0
FFQ	32	0	0	0	0	0	0	0	0	0	0	0	0	154797	0	0	0	0	0	0	0	0	0	147835	0	0	0	0	279205	0	0	0	0	393768	0	0	0	0	1357936	0	0	0	19477506	0
FFQ	33	0	0	27	0	0	0	0	0	0	0	0	0	160279	0	0	0	0	0	0	0	0	0	145314	0	0	0	0	271560	0	0	0	0	394968	0	0	0	0	1364409	0	0	0	19474490	0
FFQ	34	0	0	4	0	0	0	0	0	0	0	0	0	159791	0	0	0	0	0	0	0	0	0	145219	0	0	0	0	270148	0	0	0	0	395055	0	0	0	0	1354587	0	0	0	19486243	0
FFQ	35	0	0	0	0	0	0	0	0	0	0	0	0	162594	0	0	0	0	0	0	0	0	0	146585	0	0	0	0	272273	0	0	0	0	396389	0	0	0	0	1361500	0	0	0	19471706	0
FFQ	36	0	0	0	0	0	0	0	0	0	0	0	0	159831	0	0	0	0	0	0	0	0	0	145038	0	0	0	0	271463	0	0	0	0	395006	0	0	0	0	1364237	0	0	0	19475472	0
FFQ	37	0	0	8	0	0	0	0	0	0	0	0	0	163503	0	0	0	0	0	0	0	0	0	147034	0	0	0	0	274119	0	0	0	0	398532	0	0	0	0	1371196	0	0	0	19456655	0
FFQ	38	0	0	0	0	0	0	0	0	0	0	0	0	166488	0	0	0	0	0	0	0	0	0	148898	0	0	0	0	278044	0	0	0	0	400713	0	0	0	0	1380798	0	0	0	19436106	0
FFQ	39	0	0	79	0	0	0	0	0	0	0	0	0	170417	0	0	0	0	0	0	0	0	0	150674	0	0	0	0	279779	0	0	0	0	404635	0	0	0	0	1396363	0	0	0	19409100	0
FFQ	40	0	0	0	0	0	0	0	0	0	0	0	0	171708	0	0	0	0	0	0	0	0	0	152246	0	0	0	0	280784	0	0	0	0	407853	0	0	0	0	1401168	0	0	0	19397288	0
FFQ	41	0	0	0	0	0	0	0	0	0	0	0	0	174539	0	0	0	0	0	0	0	0	0	153660	0	0	0	0	285861	0	0	0	0	411327	0	0	0	0	1420382	0	0	0	19365278	0
FFQ	42	0	0	0	0	0	0	0	0	0	0	0	0	174834	0	0	0	0	0	0	0	0	0	154194	0	0	0	0	284876	0	0	0	0	410216	0	0	0	0	1418044	0	0	0	19368883	0
FFQ	43	0	0	6	0	0	0	0	0	0	0	0	0	176407	0	0	0	0	0	0	0	0	0	154816	0	0	0	0	285789	0	0	0	0	411244	0	0	0	0	1416370	0	0	0	19366415	0
FFQ	44	0	0	16	0	0	0	0	0	0	0	0	0	180913	0	0	0	0	0	0	0	0	0	157619	0	0	0	0	290546	0	0	0	0	416229	0	0	0	0	1435154	0	0	0	19330570	0
FFQ	45	0	0	16	0	0	0	0	0	0	0	0	0	186168	0	0	0	0	0	0	0	0	0	160477	0	0	0	0	294669	0	0	0	0	418942	0	0	0	0	1451746	0	0	0	19299029	0
FFQ	46	0	0	40	0	0	0	0	0	0	0	0	0	184820	0	0	0	0	0	0	0	0	0	160789	0	0	0	0	293830	0	0	0	0	421663	0	0	0	0	1462281	0	0	0	19287624	0
FFQ	47	0	0	0	0	0	0	0	0	0	0	0	0	188568	0	0	0	0	0	0	0	0	0	162438	0	0	0	0	297385	0	0	0	0	425296	0	0	0	0	1474304	0	0	0	19263056	0
FFQ	48	0	0	0	0	0	0	0	0	0	0	0	0	188313	0	0	0	0	0	0	0	0	0	162719	0	0	0	0	298845	0	0	0	0	425967	0	0	0	0	1474751	0	0	0	19260452	0
FFQ	49	0	0	0	0	0	0	0	0	0	0	0	0	191164	0	0	0	0	0	0	0	0	0	164095	0	0	0	0	299517	0	0	0	0	427467	0	0	0	0	1483178	0	0	0	19245626	0
FFQ	50	0	0	0	0	0	0	0	0	0	0	0	0	197645	0	0	0	0	0	0	0	0	0	166986	0	0	0	0	305861	0	0	0	0	433143	0	0	0	0	1504522	0	0	0	19202890	0
FFQ	51	0	0	0	0	0	0	0	0	0	0	0	0	196121	0	0	0	0	0	0	0	0	0	168144	0	0	0	0	307968	0	0	0	0	434646	0	0	0	0	1518235	0	0	0	19185933	0
FFQ	52	0	0	6	0	0	0	0	0	0	0	0	0	198742	0	0	0	0	0	0	0	0	0	168241	0	0	0	0	309973	0	0	0	0	432131	0	0	0	0	1517430	0	0	0	19184524	0
FFQ	53	0	0	0	0	0	0	0	0	0	0	0	0	201408	0	0	0	0	0	0	0	0	0	169632	0	0	0	0	312979	0	0	0	0	434810	0	0	0	0	1526316	0	0	0	19165902	0
FFQ	54	0	0	118	0	0	0	0	0	0	0	0	0	205211	0	0	0	0	0	0	0	0	0	172592	0	0	0	0	317787	0	0	0	0	438781	0	0	0	0	1549464	0	0	0	19127094	0
FFQ	55	0	0	0	0	0	0	0	0	0	0	0	0	210763	0	0	0	0	0	0	0	0	0	176518	0	0	0	0	321436	0	0	0	0	443022	0	0	0	0	1562927	0	0	0	19096381	0
FFQ	56	0	0	0	0	0	0	0	0	0	0	0	0	216266	0	0	0	0	0	0	0	0	0	178657	0	0	0	0	327720	0	0	0	0	448518	0	0	0	0	1577973	0	0	0	19061913	0
FFQ	57	0	0	2	0	0	0	0	0	0	0	0	0	217913	0	0	0	0	0	0	0	0	0	180541	0	0	0	0	328984	0	0	0	0	453676	0	0	0	0	1586351	0	0	0	19043580	0
FFQ	58	0	0	0	0	0	0	0	0	0	0	0	0	217300	0	0	0	0	0	0	0	0	0	180179	0	0	0	0	328977	0	0	0	0	465943	0	0	0	0	1576652	0	0	0	19041996	0
FFQ	59	0	0	183	0	0	0	0	0	0	0	0	0	218270	0	0	0	0	0	0	0	0	0	180134	0	0	0	0	330734	0	0	0	0	488329	0	0	0	0	1563365	0	0	0	19030032	0
FFQ	60	0	0	175	0	0	0	0	0	0	0	0	0	223247	0	0	0	0	0	0	0	0	0	183306	0	0	0	0	333576	0	0	0	0	505299	0	0	0	0	1562448	0	0	0	19002996	0
FFQ	61	0	0	0	0	0	0	0	0	0	0	0	0	225989	0	0	0	0	0	0	0	0	0	184924	0	0	0	0	335800	0	0	0	0	521645	0	0	0	0	1554657	0	0	0	18987741	0
FFQ	62	0	0	0	0	0	0	0	0	0	0	0	0	229083	0	0	0	0	0	0	0	0	0	187131	0	0	0	0	340446	0	0	0	0	528063	0	0	0	0	1573725	0	0	0	18952048	0
FFQ	63	0	0	202	0	0	0	0	0	0	0	0	0	233678	0	0	0	0	0	0	0	0	0	189791	0	0	0	0	342728	0	0	0	0	539508	0	0	0	0	1583852	0	0	0	18920477	0
FFQ	64	0	0	7	0	0	0	0	0	0	0	0	0	233819	0	0	0	0	0	0	0	0	0	190093	0	0	0	0	343563	0	0	0	0	541147	0	0	0	0	1590647	0	0	0	18910679	0
FFQ	65	0	0	226	0	0	0	0	0	0	0	0	0	239479	0	0	0	0	0	0	0	0	0	193416	0	0	0	0	347604	0	0	0	0	543789	0	0	0	0	1602139	0	0	0	18883027	0
FFQ	66	0	0	0	0	0	0	0	0	0	0	0	0	241383	0	0	0	0	0	0	0	0	0	194250	0	0	0	0	350317	0	0	0	0	548671	0	0	0	0	1614361	0	0	0	18860425	0
FFQ	67	0	0	306	0	0	0	0	0	0	0	0	0	244145	0	0	0	0	0	0	0	0	0	195917	0	0	0	0	353188	0	0	0	0	550481	0	0	0	0	1632774	0	0	0	18832313	0
FFQ	68	0	0	0	0	0	0	0	0	0	0	0	0	257623	0	0	0	0	0	0	0	0	0	206850	0	0	0	0	372085	0	0	0	0	582194	0	0	0	0	1703991	0	0	0	18686098	0
FFQ	69	0	0	0	0	0	0	0	0	0	0	0	0	266736	0	0	0	0	0	0	0	0	0	212542	0	0	0	0	380034	0	0	0	0	591688	0	0	0	0	1732442	0	0	0	18625144	0
FFQ	70	0	0	0	0	0	0	0	0	0	0	0	0	271985	0	0	0	0	0	0	0	0	0	213404	0	0	0	0	380185	0	0	0	0	591857	0	0	0	0	1733872	0	0	0	18617031	0
FFQ	71	0	0	0	0	0	0	0	0	0	0	0	0	272983	0	0	0	0	0	0	0	0	0	213369	0	0	0	0	380556	0	0	0	0	590188	0	0	0	0	1742362	0	0	0	18608613	0
FFQ	72	0	0	54	0	0	0	0	0	0	0	0	0	281636	0	0	0	0	0	0	0	0	0	217425	0	0	0	0	385084	0	0	0	0	599467	0	0	0	0	1759875	0	0	0	18564310	0
FFQ	73	0	0	0	0	0	0	0	0	0	0	0	0	281198	0	0	0	0	0	0	0	0	0	218241	0	0	0	0	384244	0	0	0	0	601045	0	0	0	0	1751582	0	0	0	18571304	0
FFQ	74	0	0	0	0	0	0	0	0	0	0	0	0	284355	0	0	0	0	0	0	0	0	0	219609	0	0	0	0	387752	0	0	0	0	609924	0	0	0	0	1759637	0	0	0	18546033	0
FFQ	75	0	0	110	0	0	0	0	0	0	0	0	0	286294	0	0	0	0	0	0	0	0	0	220124	0	0	0	0	389393	0	0	0	0	628383	0	0	0	0	1755091	0	0	0	18527627	0
FFQ	76	0	0	0	0	0	0	0	0	0	0	0	0	292812	0	0	0	0	0	0	0	0	0	225269	0	0	0	0	397795	0	0	0	0	609641	0	0	0	0	1801105	0	0	0	18480118	0
FFQ	77	0	0	0	0	0	0	0	0	0	0	0	0	280189	0	0	0	0	0	0	0	0	0	634203	0	0	0	0	570411	0	0	0	0	1936673	0	0	0	0	5192560	0	0	0	13192456	0
FFQ	78	0	0	0	0	0	0	0	0	0	0	0	0	268443	0	0	0	0	0	0	0	0	0	307953	0	0	0	0	443936	0	0	0	0	1054516	0	0	0	0	2627965	0	0	0	17103438	0
FFQ	79	0	0	0	0	0	0	0	0	0	0	0	0	244017	0	0	0	0	0	0	0	0	0	236108	0	0	0	0	380052	0	0	0	0	773912	0	0	0	0	1949938	0	0	0	18221965	0
FFQ	80	0	0	93	0	0	0	0	0	0	0	0	0	230446	0	0	0	0	0	0	0	0	0	206251	0	0	0	0	353820	0	0	0	0	664230	0	0	0	0	1690893	0	0	0	18659998	0
FFQ	81	0	0	0	0	0	0	0	0	0	0	0	0	227483	0	0	0	0	0	0	0	0	0	197177	0	0	0	0	340287	0	0	0	0	620478	0	0	0	0	1579503	0	0	0	18840554	0
FFQ	82	0	0	0	0	0	0	0	0	0	0	0	0	226955	0	0	0	0	0	0	0	0	0	199695	0	0	0	0	329668	0	0	0	0	602512	0	0	0	0	1543731	0	0	0	18902654	0
FFQ	83	0	0	0	0	0	0	0	0	0	0	0	0	229812	0	0	0	0	0	0	0	0	0	212758	0	0	0	0	317269	0	0	0	0	600925	0	0	0	0	1542954	0	0	0	18901220	0
FFQ	84	0	0	0	0	0	0	0	0	0	0	0	0	230672	0	0	0	0	0	0	0	0	0	224147	0	0	0	0	309594	0	0	0	0	597628	0	0	0	0	1542828	0	0	0	18899825	0
FFQ	85	0	0	0	0	0	0	0	0	0	0	0	0	230096	0	0	0	0	0	0	0	0	0	234711	0	0	0	0	295951	0	0	0	0	594826	0	0	0	0	1542595	0	0	0	18906235	0
FFQ	86	0	0	104	0	0	0	0	0	0	0	0	0	234929	0	0	0	0	0	0	0	0	0	239981	0	0	0	0	295662	0	0	0	0	598350	0	0	0	0	1552130	0	0	0	18882969	0
FFQ	87	0	0	0	0	0	0	0	0	0	0	0	0	235622	0	0	0	0	0	0	0	0	0	243690	0	0	0	0	294533	0	0	0	0	601413	0	0	0	0	1563924	0	0	0	18864664	0
FFQ	88	0	0	0	0	0	0	0	0	0	0	0	0	242422	0	0	0	0	0	0	0	0	0	247234	0	0	0	0	299919	0	0	0	0	606236	0	0	0	0	1580053	0	0	0	18827711	0
FFQ	89	0	0	0	0	0	0	0	0	0	0	0	0	246555	0	0	0	0	0	0	0	0	0	251225	0	0	0	0	302793	0	0	0	0	615633	0	0	0	0	1601148	0	0	0	18785969	0
FFQ	90	0	0	0	0	0	0	0	0	0	0	0	0	258115	0	0	0	0	0	0	0	0	0	259417	0	0	0	0	310246	0	0	0	0	627601	0	0	0	0	1634106	0	0	0	18713539	0
FFQ	91	0	0	357	0	0	0	0	0	0	0	0	0	256788	0	0	0	0	0	0	0	0	0	260494	0	0	0	0	309520	0	0	0	0	628678	0	0	0	0	1637263	0	0	0	18709652	0
FFQ	92	0	0	2	0	0	0	0	0	0	0	0	0	263353	0	0	0	0	0	0	0	0	0	263700	0	0	0	0	315307	0	0	0	0	634924	0	0	0	0	1657316	0	0	0	18667863	0
FFQ	93	0	0	0	0	0	0	0	0	0	0	0	0	269521	0	0	0	0	0	0	0	0	0	268306	0	0	0	0	319734	0	0	0	0	644142	0	0	0	0	1678931	0	0	0	18621542	0
FFQ	94	0	0	308	0	0	0	0	0	0	0	0	0	273230	0	0	0	0	0	0	0	0	0	270696	0	0	0	0	321377	0	0	0	0	649270	0	0	0	0	1695766	0	0	0	18591282	0
FFQ	95	0	0	6	0	0	0	0	0	0	0	0	0	278406	0	0	0	0	0	0	0	0	0	273297	0	0	0	0	323287	0	0	0	0	653475	0	0	0	0	1706726	0	0	0	18566437	0
FFQ	96	0	0	1079	0	0	0	0	0	0	0	0	0	284611	0	0	0	0	0	0	0	0	0	279402	0	0	0	0	330081	0	0	0	0	661171	0	0	0	0	1728227	0	0	0	18516745	0
FFQ	97	0	0	74	0	0	0	0	0	0	0	0	0	286836	0	0	0	0	0	0	0	0	0	280849	0	0	0	0	332379	0	0	0	0	668411	0	0	0	0	1743998	0	0	0	18488487	0
FFQ	98	0	0	0	0	0	0	0	0	0	0	0	0	288703	0	0	0	0	0	0	0	0	0	283625	0	0	0	0	332776	0	0	0	0	671198	0	0	0	0	1749453	0	0	0	18474984	0
FFQ	99	0	0	0	0	0	0	0	0	0	0	0	0	292042	0	0	0	0	0	0	0	0	0	284592	0	0	0	0	333986	0	0	0	0	672720	0	0	0	0	1757958	0	0	0	18459151	0
FFQ	100	0	0	0	0	0	0	0	0	0	0	0	0	296823	0	0	0	0	0	0	0	0	0	287165	0	0	0	0	339242	0	0	0	0	679483	0	0	0	0	1773523	0	0	0	18423906	0
FFQ	101	0	0	0	0	0	0	0	0	0	0	0	0	304737	0	0	0	0	0	0	0	0	0	292406	0	0	0	0	343311	0	0	0	0	684160	0	0	0	0	1788601	0	0	0	18386619	0
FFQ	102	0	0	0	0	0	0	0	0	0	0	0	0	306721	0	0	0	0	0	0	0	0	0	295956	0	0	0	0	348387	0	0	0	0	697562	0	0	0	0	1810272	0	0	0	18340644	0
FFQ	103	0	0	0	0	0	0	0	0	0	0	0	0	313417	0	0	0	0	0	0	0	0	0	297624	0	0	0	0	348734	0	0	0	0	701768	0	0	0	0	1809045	0	0	0	18328611	0
FFQ	104	0	0	0	0	0	0	0	0	0	0	0	0	313844	0	0	0	0	0	0	0	0	0	300542	0	0	0	0	352151	0	0	0	0	718453	0	0	0	0	1814178	0	0	0	18299714	0
FFQ	105	0	0	0	0	0	0	0	0	0	0	0	0	321333	0	0	0	0	0	0	0	0	0	304625	0	0	0	0	355157	0	0	0	0	736355	0	0	0	0	1816438	0	0	0	18264639	0
FFQ	106	0	0	0	0	0	0	0	0	0	0	0	0	329291	0	0	0	0	0	0	0	0	0	310698	0	0	0	0	361463	0	0	0	0	753364	0	0	0	0	1842379	0	0	0	18201038	0
FFQ	107	0	0	0	0	0	0	0	0	0	0	0	0	336152	0	0	0	0	0	0	0	0	0	315873	0	0	0	0	364920	0	0	0	0	774106	0	0	0	0	1850170	0	0	0	18156691	0
FFQ	108	0	0	0	0	0	0	0	0	0	0	0	0	345721	0	0	0	0	0	0	0	0	0	321622	0	0	0	0	372973	0	0	0	0	789643	0	0	0	0	1873205	0	0	0	18094460	0
FFQ	109	0	0	74	0	0	0	0	0	0	0	0	0	351789	0	0	0	0	0	0	0	0	0	327051	0	0	0	0	377140	0	0	0	0	799787	0	0	0	0	1890579	0	0	0	18050899	0
FFQ	110	0	0	52	0	0	0	0	0	0	0	0	0	356312	0	0	0	0	0	0	0	0	0	328421	0	0	0	0	378357	0	0	0	0	802869	0	0	0	0	1899448	0	0	0	18031531	0
FFQ	111	0	0	574	0	0	0	0	0	0	0	0	0	362983	0	0	0	0	0	0	0	0	0	332662	0	0	0	0	386435	0	0	0	0	811619	0	0	0	0	1927466	0	0	0	17974931	0
FFQ	112	0	0	371	0	0	0	0	0	0	0	0	0	372772	0	0	0	0	0	0	0	0	0	340911	0	0	0	0	395494	0	0	0	0	826470	0	0	0	0	1955498	0	0	0	17904822	0
FFQ	113	0	0	109	0	0	0	0	0	0	0	0	0	384148	0	0	0	0	0	0	0	0	0	349746	0	0	0	0	405046	0	0	0	0	840632	0	0	0	0	1995042	0	0	0	17821326	0
FFQ	114	0	0	63	0	0	0	0	0	0	0	0	0	387898	0	0	0	0	0	0	0	0	0	351327	0	0	0	0	407653	0	0	0	0	844701	0	0	0	0	1996315	0	0	0	17807757	0
FFQ	115	0	0	1	0	0	0	0	0	0	0	0	0	392620	0	0	0	0	0	0	0	0	0	356121	0	0	0	0	416270	0	0	0	0	848070	0	0	0	0	2014858	0	0	0	17767417	0
FFQ	116	0	0	66	0	0	0	0	0	0	0	0	0	400089	0	0	0	0	0	0	0	0	0	360734	0	0	0	0	422924	0	0	0	0	857730	0	0	0	0	2051691	0	0	0	17701806	0
FFQ	117	0	0	4	0	0	0	0	0	0	0	0	0	406244	0	0	0	0	0	0	0	0	0	366714	0	0	0	0	426812	0	0	0	0	863691	0	0	0	0	2098003	0	0	0	17633232	0
FFQ	118	0	0	9	0	0	0	0	0	0	0	0	0	425345	0	0	0	0	0	0	0	0	0	376437	0	0	0	0	429586	0	0	0	0	875252	0	0	0	0	2178656	0	0	0	17509055	0
FFQ	119	0	0	5	0	0	0	0	0	0	0	0	0	424253	0	0	0	0	0	0	0	0	0	386979	0	0	0	0	436533	0	0	0	0	887346	0	0	0	0	2313381	0	0	0	17345491	0
FFQ	120	0	0	20	0	0	0	0	0	0	0	0	0	442328	0	0	0	0	0	0	0	0	0	399672	0	0	0	0	444320	0	0	0	0	912626	0	0	0	0	2442019	0	0	0	17152627	0
FFQ	121	0	0	202	0	0	0	0	0	0	0	0	0	447389	0	0	0	0	0	0	0	0	0	407183	0	0	0	0	446378	0	0	0	0	923900	0	0	0	0	2514473	0	0	0	17053723	0
FFQ	122	0	0	136	0	0	0	0	0	0	0	0	0	459346	0	0	0	0	0	0	0	0	0	416114	0	0	0	0	449105	0	0	0	0	934846	0	0	0	0	2636241	0	0	0	16897085	0
FFQ	123	0	0	0	0	0	0	0	0	0	0	0	0	460372	0	0	0	0	0	0	0	0	0	422450	0	0	0	0	450260	0	0	0	0	936216	0	0	0	0	2705786	0	0	0	16817371	0
FFQ	124	0	0	0	0	0	0	0	0	0	0	0	0	469821	0	0	0	0	0	0	0	0	0	427704	0	0	0	0	459897	0	0	0	0	939723	0	0	0	0	2770992	0	0	0	16723887	0
FFQ	125	0	0	0	0	0	0	0	0	0	0	0	0	480133	0	0	0	0	0	0	0	0	0	436043	0	0	0	0	464899	0	0	0	0	949230	0	0	0	0	2837270	0	0	0	16624057	0
FFQ	126	0	0	0	0	0	0	0	0	0	0	0	0	496119	0	0	0	0	0	0	0	0	0	448213	0	0	0	0	481346	0	0	0	0	961953	0	0	0	0	2884754	0	0	0	16518835	0
FFQ	127	0	0	0	0	0	0	0	0	0	0	0	0	509787	0	0	0	0	0	0	0	0	0	459050	0	0	0	0	506897	0	0	0	0	963090	0	0	0	0	2943339	0	0	0	16408638	0
FFQ	128	0	0	5	0	0	0	0	0	0	0	0	0	517565	0	0	0	0	0	0	0	0	0	465101	0	0	0	0	538698	0	0	0	0	943372	0	0	0	0	2995081	0	0	0	16330566	0
FFQ	129	0	0	235	0	0	0	0	0	0	0	0	0	519378	0	0	0	0	0	0	0	0	0	464615	0	0	0	0	567491	0	0	0	0	918686	0	0	0	0	3031873	0	0	0	16287662	0
FFQ	130	0	0	2	0	0	0	0	0	0	0	0	0	540387	0	0	0	0	0	0	0	0	0	479739	0	0	0	0	593651	0	0	0	0	927434	0	0	0	0	3096079	0	0	0	16152144	0
FFQ	131	0	0	3	0	0	0	0	0	0	0	0	0	554304	0	0	0	0	0	0	0	0	0	487236	0	0	0	0	620525	0	0	0	0	922352	0	0	0	0	3149036	0	0	0	16055477	0
FFQ	132	0	0	0	0	0	0	0	0	0	0	0	0	614246	0	0	0	0	0	0	0	0	0	503956	0	0	0	0	643109	0	0	0	0	933905	0	0	0	0	3198547	0	0	0	15894673	0
FFQ	133	0	0	0	0	0	0	0	0	0	0	0	0	603278	0	0	0	0	0	0	0	0	0	516665	0	0	0	0	648177	0	0	0	0	948900	0	0	0	0	3270668	0	0	0	15800218	0
FFQ	134	0	0	0	0	0	0	0	0	0	0	0	0	638742	0	0	0	0	0	0	0	0	0	483715	0	0	0	0	652462	0	0	0	0	957028	0	0	0	0	3333923	0	0	0	15721496	0
FFQ	135	0	0	221	0	0	0	0	0	0	0	0	0	678000	0	0	0	0	0	0	0	0	0	475600	0	0	0	0	660538	0	0	0	0	968411	0	0	0	0	3390575	0	0	0	15613476	0
FFQ	136	0	0	94	0	0	0	0	0	0	0	0	0	728055	0	0	0	0	0	0	0	0	0	439750	0	0	0	0	650281	0	0	0	0	973522	0	0	0	0	3440321	0	0	0	15554206	0
FFQ	137	0	0	0	0	0	0	0	0	0	0	0	0	753838	0	0	0	0	0	0	0	0	0	436766	0	0	0	0	655926	0	0	0	0	979696	0	0	0	0	3469475	0	0	0	15489792	0
FFQ	138	0	0	0	0	0	0	0	0	3066	0	0	0	790088	0	0	0	0	0	0	0	0	0	436180	0	0	0	0	662960	0	0	0	0	1008292	0	0	0	0	3519669	0	0	0	15364169	0
FFQ	139	0	0	0	0	0	0	0	0	5719	0	0	0	809827	0	0	0	0	0	0	0	0	0	442883	0	0	0	0	673041	0	0	0	0	1036974	0	0	0	0	3568341	0	0	0	15245850	0
FFQ	140	0	0	187	0	0	0	0	0	12173	0	0	0	824558	0	0	0	0	0	0	0	0	0	459594	0	0	0	0	683924	0	0	0	0	1080395	0	0	0	0	3598330	0	0	0	15119669	0
FFQ	141	0	0	8	0	0	0	0	0	35567	0	0	0	820580	0	0	0	0	0	0	0	0	0	467740	0	0	0	0	677516	0	0	0	0	1173299	0	0	0	0	3547496	0	0	0	15047308	0
FFQ	142	0	0	211	0	0	0	0	0	70437	0	0	0	812098	0	0	0	0	0	0	0	0	0	485906	0	0	0	0	674384	0	0	0	0	1310414	0	0	0	0	3474745	0	0	0	14917330	0
FFQ	143	0	0	462	0	0	0	0	0	85196	0	0	0	823452	0	0	0	0	0	0	0	0	0	504901	0	0	0	0	687479	0	0	0	0	1374004	0	0	0	0	3498345	0	0	0	14769717	0
FFQ	144	0	0	1072	0	0	0	0	0	97724	0	0	0	838006	0	0	0	0	0	0	0	0	0	520034	0	0	0	0	694492	0	0	0	0	1430448	0	0	0	0	3516673	0	0	0	14644324	0
FFQ	145	0	0	35	0	0	0	0	0	148022	0	0	0	801764	0	0	0	0	0	0	0	0	0	538809	0	0	0	0	683189	0	0	0	0	1595766	0	0	0	0	3401524	0	0	0	14572861	0
FFQ	146	0	0	53	0	0	0	0	0	184668	0	0	0	785016	0	0	0	0	0	0	0	0	0	553834	0	0	0	0	678430	0	0	0	0	1712523	0	0	0	0	3327816	0	0	0	14498807	0
FFQ	147	0	0	0	0	0	0	0	0	205340	0	0	0	779071	0	0	0	0	0	0	0	0	0	569169	0	0	0	0	692677	0	0	0	0	1776717	0	0	0	0	3264411	0	0	0	14452938	0
FFQ	148	0	0	350	0	0	0	0	0	218520	0	0	0	789564	0	0	0	0	0	0	0	0	0	585894	0	0	0	0	712831	0	0	0	0	1824649	0	0	0	0	3246443	0	0	0	14361167	0
FFQ	149	0	0	34	0	0	0	0	0	231885	0	0	0	802645	0	0	0	0	0	0	0	0	0	606139	0	0	0	0	749393	0	0	0	0	1865725	0	0	0	0	3213391	0	0	0	14269334	0
FFQ	150	0	0	0	0	0	0	0	0	475728	0	0	0	1524279	0	0	0	0	0	0	0	0	0	1177777	0	0	0	0	1357680	0	0	0	0	3089366	0	0	0	0	4296129	0	0	0	9816554	0
# Last Fragment Qualities. Use `grep ^LFQ | cut -f 2-` to extract this part.
# Columns correspond to qualities and rows to cycles. First column is the cycle number.
LFQ	1	0	0	233600	0	0	0	0	0	0	0	0	0	701375	0	0	0	0	0	0	0	0	0	0	0	0	0	0	941926	0	0	0	0	19934140	0	0	0	0	6	0	0	0	0	0
LFQ	2	0	0	1	0	0	0	0	0	0	0	0	0	524013	0	0	0	0	0	0	0	0	0	0	0	0	0	0	655661	0	0	0	0	20630950	0	0	0	0	422	0	0	0	0	0
LFQ	3	0	0	0	0	0	0	0	0	0	0	0	0	633476	0	0	0	0	0	0	0	0	0	166	0	0	0	0	805825	0	0	0	0	6002585	0	0	0	0	14368995	0	0	0	0	0
LFQ	4	0	0	2	0	0	0	0	0	0	0	0	0	466734	0	0	0	0	0	0	0	0	0	83974	0	0	0	0	525945	0	0	0	0	2080016	0	0	0	0	18654376	0	0	0	0	0
LFQ	5	0	0	52	0	0	0	0	0	0	0	0	0	404349	0	0	0	0	0	0	0	0	0	262563	0	0	0	0	280775	0	0	0	0	1266954	0	0	0	0	19596350	0	0	0	4	0
LFQ	6	0	0	0	0	0	0	0	0	0	0	0	0	359874	0	0	0	0	0	0	0	0	0	222176	0	0	0	0	323985	0	0	0	0	985096	0	0	0	0	3062254	0	0	0	16857662	0
LFQ	7	0	0	0	0	0	0	0	0	0	0	0	0	344084	0	0	0	0	0	0	0	0	0	192601	0	0	0	0	297598	0	0	0	0	824015	0	0	0	0	2489492	0	0	0	17663257	0
LFQ	8	0	0	367	0	0	0	0	0	0	0	0	0	345247	0	0	0	0	0	0	0	0	0	222106	0	0	0	0	301858	0	0	0	0	754562	0	0	0	0	2313150	0	0	0	17873757	0
LFQ	9	0	0	0	0	0	0	0	0	0	0	0	0	332355	0	0	0	0	0	0	0	0	0	223362	0	0	0	0	338754	0	0	0	0	640973	0	0	0	0	2097429	0	0	0	18178174	0
LFQ	10	0	0	0	0	0	0	0	0	0	0	0	0	334673	0	0	0	0	0	0	0	0	0	237481	0	0	0	0	411876	0	0	0	0	553413	0	0	0	0	2050659	0	0	0	18222945	0
LFQ	11	0	0	0	0	0	0	0	0	0	0	0	0	344002	0	0	0	0	0	0	0	0	0	249873	0	0	0	0	423997	0	0	0	0	569477	0	0	0	0	2068929	0	0	0	18154769	0
LFQ	12	0	0	4	0	0	0	0	0	0	0	0	0	352146	0	0	0	0	0	0	0	0	0	255642	0	0	0	0	430275	0	0	0	0	575977	0	0	0	0	2053230	0	0	0	18143773	0
LFQ	13	0	0	0	0	0	0	0	0	0	0	0	0	358192	0	0	0	0	0	0	0	0	0	260192	0	0	0	0	434840	0	0	0	0	581135	0	0	0	0	2060815	0	0	0	18115873	0
LFQ	14	0	0	0	0	0	0	0	0	0	0	0	0	370513	0	0	0	0	0	0	0	0	0	272172	0	0	0	0	446170	0	0	0	0	596041	0	0	0	0	2071400	0	0	0	18054751	0
LFQ	15	0	0	0	0	0	0	0	0	0	0	0	0	384957	0	0	0	0	0	0	0	0	0	269133	0	0	0	0	445506	0	0	0	0	590044	0	0	0	0	2084289	0	0	0	18037118	0
LFQ	16	0	0	0	0	0	0	0	0	0	0	0	0	379895	0	0	0	0	0	0	0	0	0	276209	0	0	0	0	458380	0	0	0	0	604608	0	0	0	0	2112505	0	0	0	17979450	0
LFQ	17	0	0	1	0	0	0	0	0	0	0	0	0	383752	0	0	0	0	0	0	0	0	0	274146	0	0	0	0	457219	0	0	0	0	604610	0	0	0	0	2135653	0	0	0	17955666	0
LFQ	18	0	0	27	0	0	0	0	0	0	0	0	0	388748	0	0	0	0	0	0	0	0	0	276021	0	0	0	0	460118	0	0	0	0	609310	0	0	0	0	2133998	0	0	0	17942825	0
LFQ	19	0	0	0	0	0	0	0	0	0	0	0	0	393077	0	0	0	0	0	0	0	0	0	276774	0	0	0	0	466318	0	0	0	0	614368	0	0	0	0	2154215	0	0	0	17906295	0
LFQ	20	0	0	0	0	0	0	0	0	0	0	0	0	397622	0	0	0	0	0	0	0	0	0	275001	0	0	0	0	467674	0	0	0	0	612168	0	0	0	0	2176258	0	0	0	17882324	0
LFQ	21	0	0	0	0	0	0	0	0	0	0	0	0	402587	0	0	0	0	0	0	0	0	0	276293	0	0	0	0	468841	0	0	0	0	614522	0	0	0	0	2178242	0	0	0	17870562	0
LFQ	22	0	0	0	0	0	0	0	0	0	0	0	0	415932	0	0	0	0	0	0	0	0	0	281128	0	0	0	0	477303	0	0	0	0	621757	0	0	0	0	2206746	0	0	0	17808181	0
LFQ	23	0	0	0	0	0	0	0	0	0	0	0	0	422052	0	0	0	0	0	0	0	0	0	284766	0	0	0	0	481054	0	0	0	0	629410	0	0	0	0	2230838	0	0	0	17762927	0
LFQ	24	0	0	0	0	0	0	0	0	0	0	0	0	427153	0	0	0	0	0	0	0	0	0	289828	0	0	0	0	487575	0	0	0	0	634621	0	0	0	0	2248327	0	0	0	17723543	0
LFQ	25	0	0	0	0	0	0	0	0	0	0	0	0	437769	0	0	0	0	0	0	0	0	0	294764	0	0	0	0	495528	0	0	0	0	644564	0	0	0	0	2279622	0	0	0	17658800	0
LFQ	26	0	0	0	0	0	0	0	0	0	0	0	0	460737	0	0	0	0	0	0	0	0	0	303750	0	0	0	0	507079	0	0	0	0	658647	0	0	0	0	2321403	0	0	0	17559431	0
LFQ	27	0	0	267	0	0	0	0	0	0	0	0	0	468744	0	0	0	0	0	0	0	0	0	315724	0	0	0	0	528695	0	0	0	0	674653	0	0	0	0	2373729	0	0	0	17449235	0
LFQ	28	0	0	376	0	0	0	0	0	0	0	0	0	472301	0	0	0	0	0	0	0	0	0	318076	0	0	0	0	529105	0	0	0	0	682867	0	0	0	0	2398086	0	0	0	17410236	0
LFQ	29	0	0	0	0	0	0	0	0	0	0	0	0	470108	0	0	0	0	0	0	0	0	0	317190	0	0	0	0	525510	0	0	0	0	682614	0	0	0	0	2397797	0	0	0	17417828	0
LFQ	30	0	0	67	0	0	0	0	0	0	0	0	0	478354	0	0	0	0	0	0	0	0	0	320222	0	0	0	0	530179	0	0	0	0	684574	0	0	0	0	2401909	0	0	0	17395742	0
LFQ	31	0	0	86	0	0	0	0	0	0	0	0	0	481313	0	0	0	0	0	0	0	0	0	323392	0	0	0	0	534350	0	0	0	0	690503	0	0	0	0	2426107	0	0	0	17355296	0
LFQ	32	0	0	69	0	0	0	0	0	0	0	0	0	483893	0	0	0	0	0	0	0	0	0	324568	0	0	0	0	539114	0	0	0	0	693231	0	0	0	0	2427635	0	0	0	17342537	0
LFQ	33	0	0	14	0	0	0	0	0	0	0	0	0	492711	0	0	0	0	0	0	0	0	0	326513	0	0	0	0	544197	0	0	0	0	695069	0	0	0	0	2438430	0	0	0	17314113	0
LFQ	34	0	0	1	0	0	0	0	0	0	0	0	0	501909	0	0	0	0	0	0	0	0	0	333102	0	0	0	0	555300	0	0	0	0	702006	0	0	0	0	2469847	0	0	0	17248882	0
LFQ	35	0	0	58	0	0	0	0	0	0	0	0	0	522290	0	0	0	0	0	0	0	0	0	342752	0	0	0	0	570470	0	0	0	0	718267	0	0	0	0	2512203	0	0	0	17145007	0
LFQ	36	0	0	0	0	0	0	0	0	0	0	0	0	524624	0	0	0	0	0	0	0	0	0	351920	0	0	0	0	588748	0	0	0	0	729995	0	0	0	0	2561711	0	0	0	17054049	0
LFQ	37	0	0	0	0	0	0	0	0	0	0	0	0	532182	0	0	0	0	0	0	0	0	0	353311	0	0	0	0	591386	0	0	0	0	750783	0	0	0	0	2579254	0	0	0	17004131	0
LFQ	38	0	0	47	0	0	0	0	0	0	0	0	0	550218	0	0	0	0	0	0	0	0	0	363900	0	0	0	0	607864	0	0	0	0	809044	0	0	0	0	2599150	0	0	0	16880824	0
LFQ	39	0	0	49	0	0	0	0	0	0	0	0	0	559941	0	0	0	0	0	0	0	0	0	371105	0	0	0	0	617979	0	0	0	0	866405	0	0	0	0	2608111	0	0	0	16787457	0
LFQ	40	0	0	40	0	0	0	0	0	0	0	0	0	611529	0	0	0	0	0	0	0	0	0	387173	0	0	0	0	637967	0	0	0	0	903643	0	0	0	0	2650759	0	0	0	16619936	0
LFQ	41	0	0	0	0	0	0	0	0	0	0	0	0	588305	0	0	0	0	0	0	0	0	0	393932	0	0	0	0	654986	0	0	0	0	920894	0	0	0	0	2694847	0	0	0	16558083	0
LFQ	42	0	0	0	0	0	0	0	0	0	0	0	0	592525	0	0	0	0	0	0	0	0	0	392853	0	0	0	0	650238	0	0	0	0	928924	0	0	0	0	2722073	0	0	0	16524434	0
LFQ	43	0	0	16	0	0	0	0	0	0	0	0	0	607146	0	0	0	0	0	0	0	0	0	400146	0	0	0	0	660311	0	0	0	0	942233	0	0	0	0	2754732	0	0	0	16446463	0
LFQ	44	0	0	0	0	0	0	0	0	0	0	0	0	617949	0	0	0	0	0	0	0	0	0	407259	0	0	0	0	670578	0	0	0	0	956613	0	0	0	0	2779185	0	0	0	16379463	0
LFQ	45	0	0	6	0	0	0	0	0	0	0	0	0	628376	0	0	0	0	0	0	0	0	0	412200	0	0	0	0	678519	0	0	0	0	979627	0	0	0	0	2796214	0	0	0	16316105	0
LFQ	46	0	0	0	0	0	0	0	0	0	0	0	0	640812	0	0	0	0	0	0	0	0	0	419435	0	0	0	0	688402	0	0	0	0	1005681	0	0	0	0	2812768	0	0	0	16243949	0
LFQ	47	0	0	0	0	0	0	0	0	0	0	0	0	649695	0	0	0	0	0	0	0	0	0	424629	0	0	0	0	697304	0	0	0	0	1041013	0	0	0	0	2809125	0	0	0	16189281	0
LFQ	48	0	0	11	0	0	0	0	0	0	0	0	0	663883	0	0	0	0	0	0	0	0	0	430021	0	0	0	0	703687	0	0	0	0	1085420	0	0	0	0	2800212	0	0	0	16127813	0
LFQ	49	0	0	45	0	0	0	0	0	0	0	0	0	677546	0	0	0	0	0	0	0	0	0	439460	0	0	0	0	716012	0	0	0	0	1118793	0	0	0	0	2819559	0	0	0	16039632	0
LFQ	50	0	0	0	0	0	0	0	0	0	0	0	0	688392	0	0	0	0	0	0	0	0	0	445759	0	0	0	0	725360	0	0	0	0	1150467	0	0	0	0	2819368	0	0	0	15981701	0
LFQ	51	0	0	0	0	0	0	0	0	0	0	0	0	696837	0	0	0	0	0	0	0	0	0	451473	0	0	0	0	733582	0	0	0	0	1164340	0	0	0	0	2846912	0	0	0	15917903	0
LFQ	52	0	0	49	0	0	0	0	0	0	0	0	0	717529	0	0	0	0	0	0	0	0	0	459912	0	0	0	0	744313	0	0	0	0	1185783	0	0	0	0	2876744	0	0	0	15826717	0
LFQ	53	0	0	58	0	0	0	0	0	0	0	0	0	721863	0	0	0	0	0	0	0	0	0	467004	0	0	0	0	755701	0	0	0	0	1202485	0	0	0	0	2889785	0	0	0	15774151	0
LFQ	54	0	0	0	0	0	0	0	0	0	0	0	0	732321	0	0	0	0	0	0	0	0	0	473486	0	0	0	0	757154	0	0	0	0	1206954	0	0	0	0	2916952	0	0	0	15724180	0
LFQ	55	0	0	0	0	0	0	0	0	0	0	0	0	748131	0	0	0	0	0	0	0	0	0	487868	0	0	0	0	762518	0	0	0	0	1221461	0	0	0	0	2942892	0	0	0	15648177	0
LFQ	56	0	0	0	0	0	0	0	0	0	0	0	0	757179	0	0	0	0	0	0	0	0	0	503994	0	0	0	0	758054	0	0	0	0	1234251	0	0	0	0	2964132	0	0	0	15593437	0
LFQ	57	0	0	0	0	0	0	0	0	0	0	0	0	773556	0	0	0	0	0	0	0	0	0	537276	0	0	0	0	749930	0	0	0	0	1252717	0	0	0	0	3005012	0	0	0	15492556	0
LFQ	58	0	0	0	0	0	0	0	0	0	0	0	0	780580	0	0	0	0	0	0	0	0	0	569877	0	0	0	0	720929	0	0	0	0	1258375	0	0	0	0	3016013	0	0	0	15465273	0
LFQ	59	0	0	0	0	0	0	0	0	0	0	0	0	798658	0	0	0	0	0	0	0	0	0	611814	0	0	0	0	699739	0	0	0	0	1269789	0	0	0	0	3050131	0	0	0	15380916	0
LFQ	60	0	0	61	0	0	0	0	0	0	0	0	0	815960	0	0	0	0	0	0	0	0	0	641144	0	0	0	0	696769	0	0	0	0	1293078	0	0	0	0	3092283	0	0	0	15271752	0
LFQ	61	0	0	0	0	0	0	0	0	0	0	0	0	825724	0	0	0	0	0	0	0	0	0	649980	0	0	0	0	701411	0	0	0	0	1305371	0	0	0	0	3116076	0	0	0	15212192	0
LFQ	62	0	0	124	0	0	0	0	0	0	0	0	0	828996	0	0	0	0	0	0	0	0	0	657997	0	0	0	0	697075	0	0	0	0	1309578	0	0	0	0	3130828	0	0	0	15185890	0
LFQ	63	0	0	0	0	0	0	0	0	0	0	0	0	846397	0	0	0	0	0	0	0	0	0	666776	0	0	0	0	704215	0	0	0	0	1319928	0	0	0	0	3145109	0	0	0	15127802	0
LFQ	64	0	0	433	0	0	0	0	0	0	0	0	0	871966	0	0	0	0	0	0	0	0	0	683392	0	0	0	0	717162	0	0	0	0	1340063	0	0	0	0	3174684	0	0	0	15022238	0
LFQ	65	0	0	43	0	0	0	0	0	0	0	0	0	882938	0	0	0	0	0	0	0	0	0	693280	0	0	0	0	724662	0	0	0	0	1355439	0	0	0	0	3197426	0	0	0	14955873	0
LFQ	66	0	0	0	0	0	0	0	0	0	0	0	0	896313	0	0	0	0	0	0	0	0	0	700231	0	0	0	0	730498	0	0	0	0	1369486	0	0	0	0	3219291	0	0	0	14893560	0
LFQ	67	0	0	0	0	0	0	0	0	0	0	0	0	917069	0	0	0	0	0	0	0	0	0	711801	0	0	0	0	741425	0	0	0	0	1382166	0	0	0	0	3248380	0	0	0	14808252	0
LFQ	68	0	0	326	0	0	0	0	0	0	0	0	0	917246	0	0	0	0	0	0	0	0	0	722191	0	0	0	0	747044	0	0	0	0	1399514	0	0	0	0	3274608	0	0	0	14747876	0
LFQ	69	0	0	6	0	0	0	0	0	0	0	0	0	932443	0	0	0	0	0	0	0	0	0	727640	0	0	0	0	752668	0	0	0	0	1406736	0	0	0	0	3284267	0	0	0	14704776	0
LFQ	70	0	0	0	0	0	0	0	0	0	0	0	0	958843	0	0	0	0	0	0	0	0	0	741193	0	0	0	0	764980	0	0	0	0	1424272	0	0	0	0	3309124	0	0	0	14609865	0
LFQ	71	0	0	0	0	0	0	0	0	0	0	0	0	1020198	0	0	0	0	0	0	0	0	0	764838	0	0	0	0	777200	0	0	0	0	1443715	0	0	0	0	3328857	0	0	0	14473201	0
LFQ	72	0	0	0	0	0	0	0	0	0	0	0	0	1030935	0	0	0	0	0	0	0	0	0	787012	0	0	0	0	793791	0	0	0	0	1471272	0	0	0	0	3368734	0	0	0	14356036	0
LFQ	73	0	0	0	0	0	0	0	0	0	0	0	0	1005683	0	0	0	0	0	0	0	0	0	793976	0	0	0	0	799462	0	0	0	0	1491673	0	0	0	0	3400734	0	0	0	14316008	0
LFQ	74	0	0	0	0	0	0	0	0	0	0	0	0	1034334	0	0	0	0	0	0	0	0	0	795853	0	0	0	0	804371	0	0	0	0	1502511	0	0	0	0	3420657	0	0	0	14249504	0
LFQ	75	0	0	0	0	0	0	0	0	0	0	0	0	1057399	0	0	0	0	0	0	0	0	0	813899	0	0	0	0	817666	0	0	0	0	1525824	0	0	0	0	3455346	0	0	0	14136802	0
LFQ	76	0	0	60	0	0	0	0	0	0	0	0	0	1075406	0	0	0	0	0	0	0	0	0	834693	0	0	0	0	831008	0	0	0	0	1555990	0	0	0	0	3499047	0	0	0	14010446	0
LFQ	77	0	0	0	0	0	0	0	0	0	0	0	0	1066370	0	0	0	0	0	0	0	0	0	1948828	0	0	0	0	1307942	0	0	0	0	3985870	0	0	0	0	5988744	0	0	0	7508636	0
LFQ	78	0	0	0	0	0	0	0	0	0	0	0	0	971924	0	0	0	0	0	0	0	0	0	1102085	0	0	0	0	918587	0	0	0	0	2579795	0	0	0	0	4736253	0	0	0	11497497	0
LFQ	79	0	0	0	0	0	0	0	0	0	0	0	0	877277	0	0	0	0	0	0	0	0	0	828321	0	0	0	0	782604	0	0	0	0	1894858	0	0	0	0	3845645	0	0	0	13577172	0
LFQ	80	0	0	0	0	0	0	0	0	0	0	0	0	843387	0	0	0	0	0	0	0	0	0	732882	0	0	0	0	733780	0	0	0	0	1610377	0	0	0	0	3431728	0	0	0	14453455	0
LFQ	81	0	0	470	0	0	0	0	0	0	0	0	0	806687	0	0	0	0	0	0	0	0	0	687604	0	0	0	0	702655	0	0	0	0	1487746	0	0	0	0	3216457	0	0	0	14903735	0
LFQ	82	0	0	7	0	0	0	0	0	0	0	0	0	827748	0	0	0	0	0	0	0	0	0	680933	0	0	0	0	704297	0	0	0	0	1442499	0	0	0	0	3140536	0	0	0	15009057	0
LFQ	83	0	0	16	0	0	0	0	0	0	0	0	0	821738	0	0	0	0	0	0	0	0	0	678796	0	0	0	0	706619	0	0	0	0	1435567	0	0	0	0	3122869	0	0	0	15039189	0
LFQ	84	0	0	297	0	0	0	0	0	0	0	0	0	838064	0	0	0	0	0	0	0	0	0	685249	0	0	0	0	716617	0	0	0	0	1439618	0	0	0	0	3117711	0	0	0	15006986	0
LFQ	85	0	0	0	0	0	0	0	0	0	0	0	0	861567	0	0	0	0	0	0	0	0	0	702036	0	0	0	0	734332	0	0	0	0	1457814	0	0	0	0	3142823	0	0	0	14905681	0
LFQ	86	0	0	0	0	0	0	0	0	0	0	0	0	873405	0	0	0	0	0	0	0	0	0	706967	0	0	0	0	742758	0	0	0	0	1466081	0	0	0	0	3158745	0	0	0	14856000	0
LFQ	87	0	0	0	0	0	0	0	0	0	0	0	0	892709	0	0	0	0	0	0	0	0	0	719501	0	0	0	0	754815	0	0	0	0	1484440	0	0	0	0	3201633	0	0	0	14750573	0
LFQ	88	0	0	0	0	0	0	0	0	0	0	0	0	911354	0	0	0	0	0	0	0	0	0	733405	0	0	0	0	764518	0	0	0	0	1496167	0	0	0	0	3256126	0	0	0	14641824	0
LFQ	89	0	0	0	0	0	0	0	0	0	0	0	0	928061	0	0	0	0	0	0	0	0	0	754046	0	0	0	0	768807	0	0	0	0	1519714	0	0	0	0	3400137	0	0	0	14432371	0
LFQ	90	0	0	5	0	0	0	0	0	0	0	0	0	943145	0	0	0	0	0	0	0	0	0	765615	0	0	0	0	772400	0	0	0	0	1527969	0	0	0	0	3505112	0	0	0	14288585	0
LFQ	91	0	0	0	0	0	0	0	0	0	0	0	0	983020	0	0	0	0	0	0	0	0	0	796955	0	0	0	0	783673	0	0	0	0	1557535	0	0	0	0	3646052	0	0	0	14035313	0
LFQ	92	0	0	0	0	0	0	0	0	0	0	0	0	980078	0	0	0	0	0	0	0	0	0	818579	0	0	0	0	779080	0	0	0	0	1574749	0	0	0	0	3831236	0	0	0	13818526	0
LFQ	93	0	0	0	0	0	0	0	0	0	0	0	0	1009887	0	0	0	0	0	0	0	0	0	836509	0	0	0	0	784368	0	0	0	0	1592815	0	0	0	0	3984580	0	0	0	13593792	0
LFQ	94	0	0	32	0	0	0	0	0	0	0	0	0	1021261	0	0	0	0	0	0	0	0	0	854659	0	0	0	0	784647	0	0	0	0	1602530	0	0	0	0	4149491	0	0	0	13389073	0
LFQ	95	0	0	244	0	0	0	0	0	0	0	0	0	1038352	0	0	0	0	0	0	0	0	0	869623	0	0	0	0	798313	0	0	0	0	1612031	0	0	0	0	4182929	0	0	0	13299896	0
LFQ	96	0	0	0	0	0	0	0	0	0	0	0	0	1056876	0	0	0	0	0	0	0	0	0	880207	0	0	0	0	844068	0	0	0	0	1582502	0	0	0	0	4262181	0	0	0	13175230	0
LFQ	97	0	0	0	0	0	0	0	0	0	0	0	0	1079537	0	0	0	0	0	0	0	0	0	896001	0	0	0	0	881417	0	0	0	0	1575215	0	0	0	0	4326308	0	0	0	13042291	0
LFQ	98	0	0	0	0	0	0	0	0	0	0	0	0	1106031	0	0	0	0	0	0	0	0	0	915229	0	0	0	0	928787	0	0	0	0	1571908	0	0	0	0	4383452	0	0	0	12895060	0
LFQ	99	0	0	2	0	0	0	0	0	0	0	0	0	1139125	0	0	0	0	0	0	0	0	0	935745	0	0	0	0	989622	0	0	0	0	1550701	0	0	0	0	4472521	0	0	0	12712451	0
LFQ	100	0	0	0	0	0	0	0	0	0	0	0	0	1157702	0	0	0	0	0	0	0	0	0	955628	0	0	0	0	1030597	0	0	0	0	1541020	0	0	0	0	4525654	0	0	0	12589252	0
LFQ	101	0	0	0	0	0	0	0	0	0	0	0	0	1191194	0	0	0	0	0	0	0	0	0	953249	0	0	0	0	1054973	0	0	0	0	1540895	0	0	0	0	4581387	0	0	0	12477837	0
LFQ	102	0	0	17	0	0	0	0	0	0	0	0	0	1230113	0	0	0	0	0	0	0	0	0	945572	0	0	0	0	1077268	0	0	0	0	1532461	0	0	0	0	4624696	0	0	0	12389102	0
LFQ	103	0	0	0	0	0	0	0	0	0	0	0	0	1294983	0	0	0	0	0	0	0	0	0	960766	0	0	0	0	1101817	0	0	0	0	1566046	0	0	0	0	4693496	0	0	0	12181763	0
LFQ	104	0	0	0	0	0	0	0	0	0	0	0	0	1388369	0	0	0	0	0	0	0	0	0	919706	0	0	0	0	1100381	0	0	0	0	1581234	0	0	0	0	4768151	0	0	0	12040701	0
LFQ	105	0	0	4	0	0	0	0	0	0	0	0	0	1463254	0	0	0	0	0	0	0	0	0	886040	0	0	0	0	1098408	0	0	0	0	1590166	0	0	0	0	4831891	0	0	0	11928431	0
LFQ	106	0	0	0	0	0	0	0	0	0	0	0	0	1534305	0	0	0	0	0	0	0	0	0	864101	0	0	0	0	1106900	0	0	0	0	1605903	0	0	0	0	4881007	0	0	0	11805652	0
LFQ	107	0	0	0	0	0	0	0	0	3715	0	0	0	1610079	0	0	0	0	0	0	0	0	0	866048	0	0	0	0	1122226	0	0	0	0	1646915	0	0	0	0	4939366	0	0	0	11609181	0
LFQ	108	0	0	0	0	0	0	0	0	7284	0	0	0	1642650	0	0	0	0	0	0	0	0	0	880689	0	0	0	0	1136572	0	0	0	0	1673532	0	0	0	0	4965493	0	0	0	11491008	0
LFQ	109	0	0	0	0	0	0	0	0	34546	0	0	0	1691507	0	0	0	0	0	0	0	0	0	903408	0	0	0	0	1152910	0	0	0	0	1778278	0	0	0	0	4977952	0	0	0	11258315	0
LFQ	110	0	0	0	0	0	0	0	0	53144	0	0	0	1728976	0	0	0	0	0	0	0	0	0	930220	0	0	0	0	1156452	0	0	0	0	1859253	0	0	0	0	4981094	0	0	0	11087446	0
LFQ	111	0	0	7	0	0	0	0	0	114318	0	0	0	1708251	0	0	0	0	0	0	0	0	0	934014	0	0	0	0	1141601	0	0	0	0	2004575	0	0	0	0	4869827	0	0	0	11023664	0
LFQ	112	0	0	100	0	0	0	0	0	188192	0	0	0	1679834	0	0	0	0	0	0	0	0	0	959674	0	0	0	0	1130399	0	0	0	0	2171935	0	0	0	0	4729069	0	0	0	10936713	0
LFQ	113	0	0	123	0	0	0	0	0	271904	0	0	0	1627028	0	0	0	0	0	0	0	0	0	992839	0	0	0	0	1117091	0	0	0	0	2362074	0	0	0	0	4586492	0	0	0	10838066	0
LFQ	114	0	0	4	0	0	0	0	0	357721	0	0	0	1583914	0	0	0	0	0	0	0	0	0	1022954	0	0	0	0	1109197	0	0	0	0	2547817	0	0	0	0	4447965	0	0	0	10725689	0
LFQ	115	0	0	0	0	0	0	0	0	381396	0	0	0	1601604	0	0	0	0	0	0	0	0	0	1044526	0	0	0	0	1135502	0	0	0	0	2591600	0	0	0	0	4423800	0	0	0	10616455	0
LFQ	116	0	0	445	0	0	0	0	0	407107	0	0	0	1629550	0	0	0	0	0	0	0	0	0	1079049	0	0	0	0	1157311	0	0	0	0	2659025	0	0	0	0	4428669	0	0	0	10433393	0
LFQ	117	0	0	38	0	0	0	0	0	455344	0	0	0	1643102	0	0	0	0	0	0	0	0	0	1113303	0	0	0	0	1182165	0	0	0	0	2758386	0	0	0	0	4343897	0	0	0	10297964	0
LFQ	118	0	0	4	0	0	0	0	0	465186	0	0	0	1635835	0	0	0	0	0	0	0	0	0	1132354	0	0	0	0	1245249	0	0	0	0	2780992	0	0	0	0	4252475	0	0	0	10281735	0
LFQ	119	0	0	0	0	0	0	0	0	501824	0	0	0	1689077	0	0	0	0	0	0	0	0	0	1170273	0	0	0	0	1280817	0	0	0	0	2842428	0	0	0	0	4244994	0	0	0	10064060	0
LFQ	120	0	0	0	0	0	0	0	0	518213	0	0	0	1747942	0	0	0	0	0	0	0	0	0	1221672	0	0	0	0	1373643	0	0	0	0	2884473	0	0	0	0	4150791	0	0	0	9896354	0
LFQ	121	0	0	0	0	0	0	0	0	532681	0	0	0	1772561	0	0	0	0	0	0	0	0	0	1259531	0	0	0	0	1481408	0	0	0	0	2907568	0	0	0	0	4030013	0	0	0	9808949	0
LFQ	122	0	0	0	0	0	0	0	0	551830	0	0	0	1796687	0	0	0	0	0	0	0	0	0	1300632	0	0	0	0	1608948	0	0	0	0	2941497	0	0	0	0	3888671	0	0	0	9704043	0
LFQ	123	0	0	28	0	0	0	0	0	558815	0	0	0	1933152	0	0	0	0	0	0	0	0	0	1357585	0	0	0	0	1651074	0	0	0	0	2944708	0	0	0	0	3849548	0	0	0	9496958	0
LFQ	124	0	0	0	0	0	0	0	0	586183	0	0	0	1922334	0	0	0	0	0	0	0	0	0	1405513	0	0	0	0	1751990	0	0	0	0	2993294	0	0	0	0	3766091	0	0	0	9365994	0
LFQ	125	0	0	0	0	0	0	0	0	592859	0	0	0	1946464	0	0	0	0	0	0	0	0	0	1404266	0	0	0	0	1781104	0	0	0	0	2999602	0	0	0	0	3764738	0	0	0	9301948	0
LFQ	126	0	0	0	0	0	0	0	0	599796	0	0	0	1974149	0	0	0	0	0	0	0	0	0	1423470	0	0	0	0	1857088	0	0	0	0	2991641	0	0	0	0	3717651	0	0	0	9226762	0
LFQ	127	0	0	0	0	0	0	0	0	614180	0	0	0	2027784	0	0	0	0	0	0	0	0	0	1449634	0	0	0	0	1888456	0	0	0	0	2983719	0	0	0	0	3753834	0	0	0	9072518	0
LFQ	128	0	0	0	0	0	0	0	0	634284	0	0	0	2091441	0	0	0	0	0	0	0	0	0	1488546	0	0	0	0	1951732	0	0	0	0	3005593	0	0	0	0	3725462	0	0	0	8892624	0
LFQ	129	0	0	0	0	0	0	0	0	647653	0	0	0	2148777	0	0	0	0	0	0	0	0	0	1526882	0	0	0	0	2003387	0	0	0	0	3005891	0	0	0	0	3776467	0	0	0	8680121	0
LFQ	130	0	0	0	0	0	0	0	0	662176	0	0	0	2215828	0	0	0	0	0	0	0	0	0	1564867	0	0	0	0	2074363	0	0	0	0	2980952	0	0	0	0	3823095	0	0	0	8467318	0
LFQ	131	0	0	0	0	0	0	0	0	671892	0	0	0	2248322	0	0	0	0	0	0	0	0	0	1589160	0	0	0	0	2096020	0	0	0	0	2999902	0	0	0	0	3837477	0	0	0	8345213	0
LFQ	132	0	0	104	0	0	0	0	0	698605	0	0	0	2366262	0	0	0	0	0	0	0	0	0	1654493	0	0	0	0	2208502	0	0	0	0	2928072	0	0	0	0	3923338	0	0	0	8007999	0
LFQ	133	0	0	347	0	0	0	0	0	730518	0	0	0	2477479	0	0	0	0	0	0	0	0	0	1707158	0	0	0	0	2261025	0	0	0	0	2919778	0	0	0	0	3959057	0	0	0	7731381	0
LFQ	134	0	0	355	0	0	0	0	0	740153	0	0	0	2531216	0	0	0	0	0	0	0	0	0	1771951	0	0	0	0	2340246	0	0	0	0	2895880	0	0	0	0	4020504	0	0	0	7485746	0
LFQ	135	0	0	0	0	0	0	0	0	752277	0	0	0	2603885	0	0	0	0	0	0	0	0	0	1803347	0	0	0	0	2453282	0	0	0	0	2809498	0	0	0	0	4108954	0	0	0	7254167	0
LFQ	136	0	0	0	0	0	0	0	0	763563	0	0	0	2698444	0	0	0	0	0	0	0	0	0	1859457	0	0	0	0	2596455	0	0	0	0	2672055	0	0	0	0	4263714	0	0	0	6930962	0
LFQ	137	0	0	378	0	0	0	0	0	792395	0	0	0	2764472	0	0	0	0	0	0	0	0	0	1906853	0	0	0	0	2596538	0	0	0	0	2720123	0	0	0	0	4204019	0	0	0	6798680	0
LFQ	138	0	0	0	0	0	0	0	0	817533	0	0	0	2839879	0	0	0	0	0	0	0	0	0	1940294	0	0	0	0	2633094	0	0	0	0	2748752	0	0	0	0	4175886	0	0	0	6626173	0
LFQ	139	0	0	13	0	0	0	0	0	823350	0	0	0	2905525	0	0	0	0	0	0	0	0	0	1983770	0	0	0	0	2740654	0	0	0	0	2656896	0	0	0	0	4296829	0	0	0	6371556	0
LFQ	140	0	0	0	0	0	0	0	0	834550	0	0	0	2946866	0	0	0	0	0	0	0	0	0	2003729	0	0	0	0	2785937	0	0	0	0	2618558	0	0	0	0	4326766	0	0	0	6256457	0
LFQ	141	0	0	20	0	0	0	0	0	838713	0	0	0	2987943	0	0	0	0	0	0	0	0	0	2034090	0	0	0	0	2865842	0	0	0	0	2558381	0	0	0	0	4391040	0	0	0	6084216	0
LFQ	142	0	0	39	0	0	0	0	0	858859	0	0	0	3043395	0	0	0	0	0	0	0	0	0	2054892	0	0	0	0	2876050	0	0	0	0	2556915	0	0	0	0	4364465	0	0	0	5976255	0
LFQ	143	0	0	0	0	0	0	0	0	887508	0	0	0	3129881	0	0	0	0	0	0	0	0	0	2087070	0	0	0	0	2902040	0	0	0	0	2551171	0	0	0	0	4339524	0	0	0	5830671	0
LFQ	144	0	0	0	0	0	0	0	0	902014	0	0	0	3185971	0	0	0	0	0	0	0	0	0	2126179	0	0	0	0	2940929	0	0	0	0	2558828	0	0	0	0	4335516	0	0	0	5677646	0
LFQ	145	0	0	0	0	0	0	0	0	923819	0	0	0	3253509	0	0	0	0	0	0	0	0	0	2154880	0	0	0	0	2946386	0	0	0	0	2582207	0	0	0	0	4291132	0	0	0	5574347	0
LFQ	146	0	0	0	0	0	0	0	0	946814	0	0	0	3326797	0	0	0	0	0	0	0	0	0	2196823	0	0	0	0	2988001	0	0	0	0	2570348	0	0	0	0	4293008	0	0	0	5403668	0
LFQ	147	0	0	1141	0	0	0	0	0	988422	0	0	0	3449623	0	0	0	0	0	0	0	0	0	2253838	0	0	0	0	3016957	0	0	0	0	2598528	0	0	0	0	4225416	0	0	0	5190708	0
LFQ	148	0	0	151	0	0	0	0	0	998639	0	0	0	3505484	0	0	0	0	0	0	0	0	0	2298001	0	0	0	0	3071833	0	0	0	0	2584658	0	0	0	0	4241551	0	0	0	5023408	0
LFQ	149	0	0	0	0	0	0	0	0	1019818	0	0	0	3551260	0	0	0	0	0	0	0	0	0	2318516	0	0	0	0	3089599	0	0	0	0	2584281	0	0	0	0	4228556	0	0	0	4930823	0
LFQ	150	0	0	0	0	0	0	0	0	1611924	0	0	0	5264628	0	0	0	0	0	0	0	0	0	3132402	0	0	0	0	3438437	0	0	0	0	2424081	0	0	0	0	3240127	0	0	0	2610221	0
# GC Content of first fragments. Use `grep ^GCF | cut -f 2-` to extract this part.
GCF	4.52	0
GCF	9.30	1
GCF	10.05	2
GCF	10.80	3
GCF	11.31	0
GCF	12.06	3
GCF	12.81	8
GCF	13.32	11
GCF	13.82	28
GCF	14.32	30
GCF	14.82	46
GCF	15.33	75
GCF	15.83	124
GCF	16.33	130
GCF	16.83	166
GCF	17.34	267
GCF	17.84	487
GCF	18.34	490
GCF	18.84	729
GCF	19.35	1219
GCF	19.85	1755
GCF	20.35	1765
GCF	20.85	2594
GCF	21.36	3640
GCF	21.86	5458
GCF	22.36	5480
GCF	22.86	7739
GCF	23.37	11153
GCF	23.87	15278
GCF	24.37	15312
GCF	24.87	21145
GCF	25.38	27773
GCF	25.88	35729
GCF	26.38	35766
GCF	26.88	46826
GCF	27.39	57969
GCF	27.89	73507
GCF	28.39	73590
GCF	28.89	89624
GCF	29.40	107566
GCF	29.90	126997
GCF	30.40	127055
GCF	30.90	148963
GCF	31.41	171940
GCF	31.91	195645
GCF	32.41	195785
GCF	32.91	221165
GCF	33.42	248920
GCF	33.92	277908
GCF	34.42	307599
GCF	34.92	307689
GCF	35.43	340031
GCF	35.93	372886
GCF	36.43	404060
GCF	36.93	404199
GCF	37.44	438763
GCF	37.94	471320
GCF	38.44	504624
GCF	38.94	504648
GCF	39.45	535925
GCF	39.95	569172
GCF	40.45	601022
GCF	40.95	601211
GCF	41.46	628536
GCF	41.96	653695
GCF	42.46	672445
GCF	42.96	672514
GCF	43.47	685730
GCF	43.97	697035
GCF	44.47	699345
GCF	44.97	699366
GCF	45.48	695652
GCF	45.98	682398
GCF	46.48	666088
GCF	46.98	665808
GCF	47.49	644647
GCF	47.99	618676
GCF	48.49	589349
GCF	48.99	589242
GCF	49.50	557825
GCF	50.00	526713
GCF	50.50	491995
GCF	51.01	491849
GCF	51.51	461760
GCF	52.01	429267
GCF	52.51	396929
GCF	53.02	396857
GCF	53.52	365521
GCF	54.02	341380
GCF	54.52	316177
GCF	55.03	316136
GCF	55.53	296015
GCF	56.03	276973
GCF	56.53	259658
GCF	57.04	259583
GCF	57.54	244673
GCF	58.04	230766
GCF	58.54	217191
GCF	59.05	217118
GCF	59.55	205391
GCF	60.05	195260
GCF	60.55	184715
GCF	61.06	184703
GCF	61.56	173518
GCF	62.06	163656
GCF	62.56	151153
GCF	63.07	151107
GCF	63.57	138570
GCF	64.07	125047
GCF	64.57	113099
GCF	65.08	113070
GCF	65.58	100206
GCF	66.08	87391
GCF	66.58	76454
GCF	67.09	64959
GCF	67.59	64905
GCF	68.09	53824
GCF	68.59	44729
GCF	69.10	36752
GCF	69.60	36714
GCF	70.10	28797
GCF	70.60	22929
GCF	71.11	17606
GCF	71.61	17585
GCF	72.11	13771
GCF	72.61	10387
GCF	73.12	7651
GCF	73.62	7640
GCF	74.12	5613
GCF	74.62	3927
GCF	75.13	2841
GCF	75.63	2835
GCF	76.13	1966
GCF	76.63	1438
GCF	77.14	890
GCF	77.64	892
GCF	78.14	536
GCF	78.64	331
GCF	79.15	178
GCF	79.65	174
GCF	80.15	84
GCF	80.65	50
GCF	81.16	24
GCF	81.66	21
GCF	82.16	8
GCF	82.66	6
GCF	83.42	3
GCF	84.92	1
# GC Content of last fragments. Use `grep ^GCL | cut -f 2-` to extract this part.
GCL	3.77	0
GCL	8.29	1
GCL	9.30	4
GCL	10.05	6
GCL	10.80	5
GCL	11.31	10
GCL	11.81	21
GCL	12.31	24
GCL	12.81	20
GCL	13.32	45
GCL	13.82	61
GCL	14.32	64
GCL	14.82	89
GCL	15.33	181
GCL	15.83	229
GCL	16.33	231
GCL	16.83	330
GCL	17.34	542
GCL	17.84	792
GCL	18.34	810
GCL	18.84	1181
GCL	19.35	1645
GCL	19.85	2486
GCL	20.35	2502
GCL	20.85	3523
GCL	21.36	4929
GCL	21.86	6975
GCL	22.36	7004
GCL	22.86	9571
GCL	23.37	13030
GCL	23.87	17825
GCL	24.37	17860
GCL	24.87	23755
GCL	25.38	31548
GCL	25.88	40235
GCL	26.38	40301
GCL	26.88	50529
GCL	27.39	62417
GCL	27.89	77429
GCL	28.39	77515
GCL	28.89	93961
GCL	29.40	112257
GCL	29.90	131022
GCL	30.40	131067
GCL	30.90	153407
GCL	31.41	176766
GCL	31.91	200356
GCL	32.41	200492
GCL	32.91	225507
GCL	33.42	251329
GCL	33.92	280026
GCL	34.42	309779
GCL	34.92	309895
GCL	35.43	340710
GCL	35.93	373101
GCL	36.43	404846
GCL	36.93	404892
GCL	37.44	435501
GCL	37.94	469693
GCL	38.44	499084
GCL	38.94	499020
GCL	39.45	533408
GCL	39.95	562567
GCL	40.45	594159
GCL	40.95	594322
GCL	41.46	620675
GCL	41.96	643103
GCL	42.46	662135
GCL	42.96	662144
GCL	43.47	676834
GCL	43.97	686038
GCL	44.47	688413
GCL	44.97	688419
GCL	45.48	684580
GCL	45.98	673638
GCL	46.48	655854
GCL	46.98	655569
GCL	47.49	637354
GCL	47.99	610340
GCL	48.49	581727
GCL	48.99	581639
GCL	49.50	552681
GCL	50.00	521760
GCL	50.50	490513
GCL	51.01	490444
GCL	51.51	457768
GCL	52.01	424863
GCL	52.51	397146
GCL	53.02	397083
GCL	53.52	367978
GCL	54.02	340514
GCL	54.52	318176
GCL	55.03	318081
GCL	55.53	295510
GCL	56.03	277191
GCL	56.53	260020
GCL	57.04	259964
GCL	57.54	243765
GCL	58.04	230249
GCL	58.54	217655
GCL	59.05	217527
GCL	59.55	206173
GCL	60.05	195192
GCL	60.55	185104
GCL	61.06	185071
GCL	61.56	175099
GCL	62.06	164033
GCL	62.56	152133
GCL	63.07	152120
GCL	63.57	141537
GCL	64.07	128358
GCL	64.57	116353
GCL	65.08	116324
GCL	65.58	105163
GCL	66.08	93050
GCL	66.58	81406
GCL	67.09	70763
GCL	67.59	70717
GCL	68.09	60300
GCL	68.59	50289
GCL	69.10	41638
GCL	69.60	41615
GCL	70.10	33986
GCL	70.60	27070
GCL	71.11	21704
GCL	71.61	21686
GCL	72.11	17200
GCL	72.61	13313
GCL	73.12	10255
GCL	73.62	10231
GCL	74.12	7639
GCL	74.62	5461
GCL	75.13	4038
GCL	75.63	4030
GCL	76.13	2935
GCL	76.63	2106
GCL	77.39	1425
GCL	78.14	1019
GCL	78.64	640
GCL	79.15	392
GCL	79.65	382
GCL	80.15	240
GCL	80.65	160
GCL	81.16	85
GCL	81.66	81
GCL	82.16	47
GCL	82.66	29
GCL	83.42	16
GCL	84.17	3
GCL	84.67	7
GCL	85.18	4
GCL	85.68	3
GCL	86.43	2
GCL	87.19	0
GCL	87.69	1
GCL	88.94	0
GCL	90.20	1
GCL	90.70	2
GCL	91.21	1
# ACGT content per cycle. Use `grep ^GCC | cut -f 2-` to extract this part. The columns are: cycle; A,C,G,T base counts as a percentage of all A/C/G/T bases [%]; and N and O counts as a percentage of all A/C/G/T bases [%]
GCC	1	21.68	23.80	42.32	12.20	1.04	0.00
GCC	2	20.61	23.16	15.84	40.38	0.00	0.00
GCC	3	28.01	22.89	19.25	29.84	0.00	0.00
GCC	4	19.15	27.82	14.38	38.65	0.00	0.00
GCC	5	30.00	18.81	14.10	37.09	0.00	0.00
GCC	6	34.25	16.27	27.74	21.75	0.00	0.00
GCC	7	29.35	20.00	25.13	25.52	0.00	0.00
GCC	8	35.35	19.72	23.17	21.76	0.00	0.00
GCC	9	19.50	34.81	22.74	22.96	0.00	0.00
GCC	10	26.33	25.33	17.93	30.42	0.00	0.00
GCC	11	24.07	18.48	32.30	25.14	0.00	0.00
GCC	12	24.28	23.17	21.76	30.79	0.00	0.00
GCC	13	22.49	24.09	26.35	27.06	0.00	0.00
GCC	14	21.42	30.07	21.68	26.83	0.00	0.00
GCC	15	28.06	24.15	24.43	23.36	0.00	0.00
GCC	16	28.04	22.65	24.07	25.24	0.00	0.00
GCC	17	28.08	22.46	22.19	27.28	0.00	0.00
GCC	18	28.14	22.19	22.42	27.25	0.00	0.00
GCC	19	27.54	22.43	23.08	26.95	0.00	0.00
GCC	20	27.34	22.86	22.81	26.99	0.00	0.00
GCC	21	27.26	22.84	22.79	27.11	0.00	0.00
GCC	22	26.83	22.95	23.11	27.12	0.00	0.00
GCC	23	26.95	23.06	22.80	27.18	0.00	0.00
GCC	24	27.14	22.79	22.95	27.12	0.00	0.00
GCC	25	26.73	22.93	23.24	27.10	0.00	0.00
GCC	26	26.88	23.06	22.90	27.15	0.00	0.00
GCC	27	27.20	22.84	23.04	26.93	0.00	0.00
GCC	28	26.97	23.00	23.21	26.82	0.00	0.00
GCC	29	27.10	23.08	22.91	26.91	0.00	0.00
GCC	30	27.31	22.86	22.96	26.87	0.00	0.00
GCC	31	26.98	23.01	23.15	26.86	0.00	0.00
GCC	32	27.12	23.04	22.82	27.02	0.00	0.00
GCC	33	27.28	22.81	22.88	27.03	0.00	0.00
GCC	34	26.86	22.92	23.11	27.11	0.00	0.00
GCC	35	26.96	23.05	22.83	27.15	0.00	0.00
GCC	36	27.16	22.80	22.96	27.08	0.00	0.00
GCC	37	26.83	22.95	23.20	27.02	0.00	0.00
GCC	38	26.97	23.05	22.91	27.07	0.00	0.00
GCC	39	27.15	22.87	22.99	26.99	0.00	0.00
GCC	40	26.90	22.98	23.22	26.89	0.00	0.00
GCC	41	27.02	23.11	22.86	27.01	0.00	0.00
GCC	42	27.24	22.90	22.93	26.93	0.00	0.00
GCC	43	26.89	22.97	23.17	26.97	0.00	0.00
GCC	44	27.02	23.08	22.85	27.05	0.00	0.00
GCC	45	27.21	22.82	22.92	27.05	0.00	0.00
GCC	46	26.84	22.95	23.15	27.07	0.00	0.00
GCC	47	26.99	23.04	22.84	27.14	0.00	0.00
GCC	48	27.20	22.82	22.96	27.02	0.00	0.00
GCC	49	26.86	22.96	23.20	26.98	0.00	0.00
GCC	50	27.00	23.06	22.88	27.07	0.00	0.00
GCC	51	27.17	22.92	22.95	26.96	0.00	0.00
GCC	52	26.86	23.05	23.15	26.94	0.00	0.00
GCC	53	27.01	23.12	22.85	27.02	0.00	0.00
GCC	54	27.19	22.92	22.93	26.96	0.00	0.00
GCC	55	26.91	22.98	23.12	27.00	0.00	0.00
GCC	56	27.01	23.10	22.84	27.05	0.00	0.00
GCC	57	27.21	22.88	22.90	27.00	0.00	0.00
GCC	58	26.85	22.98	23.14	27.03	0.00	0.00
GCC	59	26.99	23.04	22.88	27.09	0.00	0.00
GCC	60	27.17	22.81	23.00	27.01	0.00	0.00
GCC	61	26.85	23.01	23.18	26.95	0.00	0.00
GCC	62	26.98	23.09	22.88	27.04	0.00	0.00
GCC	63	27.15	22.93	22.96	26.96	0.00	0.00
GCC	64	26.88	23.03	23.16	26.93	0.00	0.00
GCC	65	26.99	23.12	22.84	27.04	0.00	0.00
GCC	66	27.17	22.88	22.94	27.00	0.00	0.00
GCC	67	26.87	22.99	23.15	26.99	0.00	0.00
GCC	68	27.02	23.09	22.83	27.06	0.00	0.00
GCC	69	27.15	22.89	22.94	27.02	0.00	0.00
GCC	70	26.87	22.98	23.18	26.97	0.00	0.00
GCC	71	26.96	23.06	22.89	27.09	0.00	0.00
GCC	72	27.16	22.89	22.98	26.97	0.00	0.00
GCC	73	26.84	23.03	23.16	26.97	0.00	0.00
GCC	74	26.95	23.15	22.88	27.02	0.00	0.00
GCC	75	27.17	22.93	22.95	26.95	0.00	0.00
GCC	76	26.83	23.04	23.15	26.98	0.00	0.00
GCC	77	27.00	23.10	22.87	27.03	0.00	0.00
GCC	78	27.20	22.92	22.92	26.96	0.00	0.00
GCC	79	26.87	22.97	23.17	26.98	0.00	0.00
GCC	80	27.03	23.08	22.86	27.03	0.00	0.00
GCC	81	27.17	22.88	22.93	27.02	0.00	0.00
GCC	82	26.83	22.98	23.19	27.00	0.00	0.00
GCC	83	26.97	23.09	22.87	27.08	0.00	0.00
GCC	84	27.14	22.90	22.98	26.97	0.00	0.00
GCC	85	26.86	23.03	23.17	26.94	0.00	0.00
GCC	86	26.98	23.12	22.87	27.04	0.00	0.00
GCC	87	27.15	22.93	22.95	26.96	0.00	0.00
GCC	88	26.85	23.02	23.16	26.97	0.00	0.00
GCC	89	26.98	23.10	22.88	27.04	0.00	0.00
GCC	90	27.17	22.87	22.96	27.00	0.00	0.00
GCC	91	26.85	23.04	23.15	26.96	0.00	0.00
GCC	92	26.97	23.07	22.86	27.09	0.00	0.00
GCC	93	27.12	22.90	22.98	27.01	0.00	0.00
GCC	94	26.83	23.03	23.17	26.97	0.00	0.00
GCC	95	26.97	23.08	22.88	27.07	0.00	0.00
GCC	96	27.09	22.96	22.97	26.98	0.00	0.00
GCC	97	26.85	23.05	23.15	26.94	0.00	0.00
GCC	98	26.97	23.13	22.88	27.02	0.00	0.00
GCC	99	27.14	22.94	22.94	26.98	0.00	0.00
GCC	100	26.84	23.02	23.14	26.99	0.00	0.00
GCC	101	26.97	23.14	22.84	27.06	0.00	0.00
GCC	102	27.15	22.93	22.92	27.00	0.00	0.00
GCC	103	26.84	23.05	23.13	26.98	0.00	0.00
GCC	104	26.96	23.11	22.87	27.06	0.00	0.00
GCC	105	27.14	22.90	22.98	26.99	0.00	0.00
GCC	106	26.83	23.05	23.17	26.94	0.00	0.00
GCC	107	26.96	23.14	22.86	27.04	0.00	0.00
GCC	108	27.13	22.94	22.96	26.97	0.00	0.00
GCC	109	26.84	23.07	23.14	26.95	0.00	0.00
GCC	110	26.95	23.14	22.87	27.04	0.00	0.00
GCC	111	27.11	22.97	22.94	26.98	0.00	0.00
GCC	112	26.82	23.08	23.14	26.96	0.00	0.00
GCC	113	26.94	23.12	22.89	27.05	0.00	0.00
GCC	114	27.09	22.96	22.94	27.01	0.00	0.00
GCC	115	26.82	23.05	23.17	26.96	0.00	0.00
GCC	116	26.95	23.13	22.87	27.04	0.00	0.00
GCC	117	27.09	22.98	22.95	26.97	0.00	0.00
GCC	118	26.82	23.05	23.16	26.97	0.00	0.00
GCC	119	26.95	23.15	22.86	27.03	0.00	0.00
GCC	120	27.09	22.99	22.94	26.97	0.00	0.00
GCC	121	26.82	23.08	23.15	26.94	0.00	0.00
GCC	122	26.91	23.19	22.87	27.04	0.00	0.00
GCC	123	27.08	22.99	22.97	26.96	0.00	0.00
GCC	124	26.80	23.08	23.15	26.97	0.00	0.00
GCC	125	26.91	23.16	22.87	27.05	0.00	0.00
GCC	126	27.08	22.96	22.96	26.99	0.00	0.00
GCC	127	26.78	23.09	23.16	26.98	0.00	0.00
GCC	128	26.92	23.18	22.86	27.05	0.00	0.00
GCC	129	27.05	23.01	22.98	26.97	0.00	0.00
GCC	130	26.81	23.10	23.14	26.95	0.00	0.00
GCC	131	26.90	23.18	22.90	27.01	0.00	0.00
GCC	132	27.06	23.01	22.97	26.95	0.00	0.00
GCC	133	26.80	23.12	23.15	26.94	0.00	0.00
GCC	134	26.90	23.23	22.86	27.01	0.00	0.00
GCC	135	27.04	23.00	22.96	26.99	0.00	0.00
GCC	136	26.78	23.12	23.17	26.92	0.00	0.00
GCC	137	26.87	23.20	22.87	27.07	0.00	0.00
GCC	138	27.04	23.05	22.94	26.97	0.00	0.00
GCC	139	26.77	23.14	23.13	26.96	0.00	0.00
GCC	140	26.87	23.22	22.88	27.04	0.00	0.00
GCC	141	27.02	23.06	22.98	26.94	0.00	0.00
GCC	142	26.72	23.19	23.19	26.90	0.00	0.00
GCC	143	26.85	23.28	22.88	26.99	0.00	0.00
GCC	144	27.00	23.10	23.00	26.90	0.00	0.00
GCC	145	26.73	23.23	23.16	26.88	0.00	0.00
GCC	146	26.85	23.28	22.92	26.96	0.00	0.00
GCC	147	26.97	23.12	23.00	26.91	0.00	0.00
GCC	148	26.70	23.24	23.17	26.90	0.00	0.00
GCC	149	26.81	23.29	22.92	26.98	0.00	0.00
GCC	150	26.83	23.19	22.93	27.05	0.00	0.00
# ACGT content per cycle, read oriented. Use `grep ^GCT | cut -f 2-` to extract this part. The columns are: cycle; A,C,G,T base counts as a percentage of all A/C/G/T bases [%]
GCT	1	21.68	23.80	42.32	12.20
GCT	2	20.61	23.17	15.84	40.39
GCT	3	28.01	22.89	19.25	29.85
GCT	4	19.15	27.82	14.38	38.65
GCT	5	30.00	18.81	14.10	37.09
GCT	6	34.25	16.26	27.74	21.74
GCT	7	29.35	20.00	25.13	25.52
GCT	8	35.35	19.72	23.17	21.76
GCT	9	19.50	34.81	22.73	22.96
GCT	10	26.32	25.33	17.93	30.42
GCT	11	24.07	18.48	32.30	25.14
GCT	12	24.28	23.17	21.76	30.79
GCT	13	22.49	24.09	26.35	27.06
GCT	14	21.42	30.07	21.68	26.83
GCT	15	28.06	24.15	24.43	23.36
GCT	16	28.04	22.65	24.07	25.24
GCT	17	28.08	22.46	22.19	27.28
GCT	18	28.14	22.19	22.42	27.25
GCT	19	27.54	22.43	23.07	26.95
GCT	20	27.34	22.86	22.81	26.99
GCT	21	27.26	22.84	22.79	27.11
GCT	22	26.83	22.95	23.11	27.12
GCT	23	26.95	23.06	22.80	27.18
GCT	24	27.14	22.79	22.95	27.12
GCT	25	26.73	22.93	23.24	27.10
GCT	26	26.88	23.06	22.90	27.15
GCT	27	27.20	22.84	23.04	26.93
GCT	28	26.97	23.00	23.21	26.82
GCT	29	27.10	23.08	22.91	26.91
GCT	30	27.31	22.86	22.96	26.87
GCT	31	26.98	23.01	23.15	26.86
GCT	32	27.12	23.04	22.82	27.02
GCT	33	27.28	22.81	22.88	27.03
GCT	34	26.86	22.92	23.11	27.11
GCT	35	26.96	23.05	22.83	27.15
GCT	36	27.16	22.80	22.96	27.08
GCT	37	26.82	22.95	23.20	27.02
GCT	38	26.97	23.05	22.91	27.07
GCT	39	27.15	22.87	22.99	26.99
GCT	40	26.90	22.98	23.22	26.89
GCT	41	27.02	23.11	22.86	27.01
GCT	42	27.24	22.90	22.93	26.93
GCT	43	26.89	22.97	23.17	26.97
GCT	44	27.02	23.08	22.85	27.05
GCT	45	27.21	22.82	22.92	27.05
GCT	46	26.84	22.95	23.15	27.07
GCT	47	26.99	23.04	22.84	27.14
GCT	48	27.20	22.82	22.96	27.02
GCT	49	26.86	22.96	23.20	26.98
GCT	50	27.00	23.06	22.88	27.07
GCT	51	27.17	22.92	22.95	26.96
GCT	52	26.86	23.05	23.15	26.94
GCT	53	27.01	23.12	22.85	27.02
GCT	54	27.19	22.92	22.93	26.96
GCT	55	26.91	22.98	23.12	27.00
GCT	56	27.01	23.10	22.84	27.05
GCT	57	27.21	22.88	22.90	27.00
GCT	58	26.85	22.98	23.14	27.03
GCT	59	26.99	23.04	22.88	27.09
GCT	60	27.17	22.81	23.00	27.01
GCT	61	26.85	23.01	23.18	26.95
GCT	62	26.98	23.09	22.88	27.04
GCT	63	27.15	22.93	22.96	26.96
GCT	64	26.88	23.03	23.16	26.93
GCT	65	26.99	23.12	22.84	27.05
GCT	66	27.17	22.88	22.94	27.00
GCT	67	26.87	22.99	23.15	26.99
GCT	68	27.02	23.09	22.83	27.06
GCT	69	27.15	22.89	22.94	27.02
GCT	70	26.87	22.98	23.18	26.97
GCT	71	26.96	23.06	22.89	27.09
GCT	72	27.16	22.89	22.98	26.97
GCT	73	26.84	23.03	23.16	26.97
GCT	74	26.95	23.14	22.88	27.02
GCT	75	27.17	22.93	22.95	26.95
GCT	76	26.83	23.04	23.15	26.98
GCT	77	27.00	23.10	22.87	27.03
GCT	78	27.20	22.92	22.92	26.96
GCT	79	26.87	22.97	23.17	26.98
GCT	80	27.03	23.08	22.86	27.03
GCT	81	27.17	22.88	22.93	27.02
GCT	82	26.83	22.99	23.19	27.00
GCT	83	26.97	23.09	22.87	27.08
GCT	84	27.14	22.90	22.98	26.97
GCT	85	26.86	23.03	23.17	26.94
GCT	86	26.98	23.12	22.87	27.04
GCT	87	27.16	22.93	22.95	26.96
GCT	88	26.85	23.02	23.16	26.97
GCT	89	26.98	23.10	22.87	27.04
GCT	90	27.17	22.87	22.96	27.00
GCT	91	26.85	23.04	23.15	26.96
GCT	92	26.97	23.07	22.86	27.09
GCT	93	27.12	22.90	22.98	27.01
GCT	94	26.83	23.03	23.17	26.97
GCT	95	26.97	23.08	22.87	27.07
GCT	96	27.09	22.96	22.97	26.98
GCT	97	26.85	23.06	23.15	26.94
GCT	98	26.97	23.13	22.88	27.02
GCT	99	27.14	22.94	22.94	26.98
GCT	100	26.84	23.02	23.14	26.99
GCT	101	26.97	23.14	22.84	27.06
GCT	102	27.15	22.93	22.92	27.00
GCT	103	26.84	23.05	23.13	26.98
GCT	104	26.96	23.11	22.87	27.06
GCT	105	27.14	22.90	22.98	26.99
GCT	106	26.83	23.05	23.17	26.94
GCT	107	26.96	23.14	22.86	27.04
GCT	108	27.13	22.94	22.96	26.97
GCT	109	26.84	23.07	23.14	26.95
GCT	110	26.95	23.14	22.87	27.04
GCT	111	27.11	22.97	22.94	26.98
GCT	112	26.82	23.08	23.14	26.96
GCT	113	26.94	23.12	22.89	27.05
GCT	114	27.09	22.96	22.94	27.01
GCT	115	26.82	23.05	23.17	26.96
GCT	116	26.95	23.13	22.87	27.04
GCT	117	27.09	22.98	22.95	26.97
GCT	118	26.82	23.05	23.16	26.97
GCT	119	26.95	23.15	22.86	27.03
GCT	120	27.09	22.99	22.94	26.97
GCT	121	26.82	23.08	23.15	26.94
GCT	122	26.91	23.19	22.87	27.04
GCT	123	27.08	22.99	22.97	26.96
GCT	124	26.80	23.08	23.15	26.97
GCT	125	26.91	23.16	22.87	27.05
GCT	126	27.08	22.96	22.96	26.99
GCT	127	26.78	23.09	23.16	26.98
GCT	128	26.92	23.18	22.86	27.05
GCT	129	27.05	23.01	22.97	26.97
GCT	130	26.81	23.10	23.14	26.95
GCT	131	26.90	23.18	22.90	27.01
GCT	132	27.06	23.01	22.97	26.95
GCT	133	26.80	23.12	23.15	26.94
GCT	134	26.90	23.23	22.86	27.01
GCT	135	27.04	23.00	22.96	27.00
GCT	136	26.78	23.12	23.17	26.92
GCT	137	26.87	23.20	22.87	27.07
GCT	138	27.04	23.05	22.94	26.97
GCT	139	26.77	23.14	23.13	26.96
GCT	140	26.87	23.22	22.88	27.04
GCT	141	27.02	23.06	22.98	26.94
GCT	142	26.72	23.19	23.19	26.90
GCT	143	26.85	23.28	22.88	26.99
GCT	144	27.00	23.10	23.00	26.90
GCT	145	26.73	23.23	23.16	26.88
GCT	146	26.85	23.28	22.92	26.96
GCT	147	26.97	23.12	23.00	26.91
GCT	148	26.70	23.24	23.17	26.90
GCT	149	26.81	23.29	22.92	26.98
GCT	150	26.83	23.19	22.93	27.05
# ACGT content per cycle for first fragments. Use `grep ^FBC | cut -f 2-` to extract this part. The columns are: cycle; A,C,G,T base counts as a percentage of all A/C/G/T bases [%]; and N and O counts as a percentage of all A/C/G/T bases [%]
FBC	1	21.66	23.76	42.42	12.16	1.00	0.00
FBC	2	20.64	23.17	15.88	40.31	0.00	0.00
FBC	3	28.02	22.91	19.23	29.83	0.00	0.00
FBC	4	19.16	27.79	14.40	38.65	0.00	0.00
FBC	5	29.99	18.82	14.10	37.09	0.00	0.00
FBC	6	34.24	16.27	27.74	21.75	0.00	0.00
FBC	7	29.35	20.01	25.17	25.47	0.00	0.00
FBC	8	35.35	19.74	23.21	21.71	0.00	0.00
FBC	9	19.50	34.84	22.75	22.91	0.00	0.00
FBC	10	26.33	25.36	17.95	30.36	0.00	0.00
FBC	11	24.08	18.49	32.34	25.09	0.00	0.00
FBC	12	24.29	23.20	21.77	30.74	0.00	0.00
FBC	13	22.49	24.12	26.38	27.01	0.00	0.00
FBC	14	21.42	30.10	21.70	26.78	0.00	0.00
FBC	15	28.07	24.17	24.44	23.32	0.00	0.00
FBC	16	28.07	22.65	24.09	25.19	0.00	0.00
FBC	17	28.10	22.46	22.20	27.23	0.00	0.00
FBC	18	28.16	22.20	22.43	27.21	0.00	0.00
FBC	19	27.56	22.44	23.08	26.92	0.00	0.00
FBC	20	27.36	22.87	22.81	26.96	0.00	0.00
FBC	21	27.28	22.83	22.85	27.04	0.00	0.00
FBC	22	26.81	22.98	23.14	27.08	0.00	0.00
FBC	23	26.96	23.08	22.83	27.13	0.00	0.00
FBC	24	27.15	22.79	22.96	27.10	0.00	0.00
FBC	25	26.74	22.93	23.27	27.07	0.00	0.00
FBC	26	26.90	23.06	22.92	27.12	0.00	0.00
FBC	27	27.21	22.84	23.05	26.90	0.00	0.00
FBC	28	26.97	23.02	23.25	26.76	0.00	0.00
FBC	29	27.12	23.07	22.92	26.88	0.00	0.00
FBC	30	27.30	22.87	23.00	26.84	0.00	0.00
FBC	31	26.96	23.05	23.20	26.79	0.00	0.00
FBC	32	27.12	23.06	22.84	26.98	0.00	0.00
FBC	33	27.29	22.82	22.87	27.02	0.00	0.00
FBC	34	26.85	22.91	23.14	27.10	0.00	0.00
FBC	35	26.96	23.06	22.85	27.13	0.00	0.00
FBC	36	27.18	22.79	22.97	27.07	0.00	0.00
FBC	37	26.82	22.96	23.22	27.01	0.00	0.00
FBC	38	26.97	23.05	22.92	27.06	0.00	0.00
FBC	39	27.16	22.85	23.01	26.98	0.00	0.00
FBC	40	26.90	22.99	23.24	26.87	0.00	0.00
FBC	41	27.04	23.10	22.87	26.99	0.00	0.00
FBC	42	27.26	22.89	22.93	26.92	0.00	0.00
FBC	43	26.88	22.98	23.19	26.95	0.00	0.00
FBC	44	27.04	23.08	22.86	27.02	0.00	0.00
FBC	45	27.22	22.80	22.93	27.05	0.00	0.00
FBC	46	26.84	22.95	23.16	27.05	0.00	0.00
FBC	47	27.01	23.03	22.83	27.12	0.00	0.00
FBC	48	27.22	22.81	22.96	27.00	0.00	0.00
FBC	49	26.87	22.96	23.21	26.96	0.00	0.00
FBC	50	27.01	23.05	22.89	27.05	0.00	0.00
FBC	51	27.17	22.93	22.94	26.95	0.00	0.00
FBC	52	26.87	23.05	23.16	26.92	0.00	0.00
FBC	53	27.02	23.12	22.87	26.99	0.00	0.00
FBC	54	27.21	22.91	22.93	26.95	0.00	0.00
FBC	55	26.91	22.96	23.13	26.99	0.00	0.00
FBC	56	27.02	23.07	22.87	27.05	0.00	0.00
FBC	57	27.21	22.88	22.91	27.00	0.00	0.00
FBC	58	26.86	22.98	23.15	27.01	0.00	0.00
FBC	59	27.00	23.01	22.89	27.10	0.00	0.00
FBC	60	27.18	22.82	23.00	27.00	0.00	0.00
FBC	61	26.86	23.01	23.20	26.94	0.00	0.00
FBC	62	27.00	23.08	22.90	27.02	0.00	0.00
FBC	63	27.17	22.91	22.97	26.95	0.00	0.00
FBC	64	26.88	23.02	23.17	26.92	0.00	0.00
FBC	65	27.00	23.10	22.86	27.04	0.00	0.00
FBC	66	27.19	22.88	22.93	27.00	0.00	0.00
FBC	67	26.89	22.97	23.16	26.98	0.00	0.00
FBC	68	27.03	23.07	22.83	27.07	0.00	0.00
FBC	69	27.16	22.88	22.94	27.03	0.00	0.00
FBC	70	26.89	22.96	23.19	26.96	0.00	0.00
FBC	71	26.99	23.04	22.89	27.08	0.00	0.00
FBC	72	27.16	22.88	22.97	26.98	0.00	0.00
FBC	73	26.85	23.02	23.18	26.95	0.00	0.00
FBC	74	26.97	23.11	22.89	27.03	0.00	0.00
FBC	75	27.20	22.90	22.95	26.94	0.00	0.00
FBC	76	26.85	23.02	23.15	26.98	0.00	0.00
FBC	77	27.00	23.09	22.88	27.03	0.00	0.00
FBC	78	27.23	22.89	22.91	26.97	0.00	0.00
FBC	79	26.88	22.96	23.19	26.97	0.00	0.00
FBC	80	27.04	23.06	22.87	27.03	0.00	0.00
FBC	81	27.17	22.87	22.92	27.05	0.00	0.00
FBC	82	26.83	22.96	23.20	27.00	0.00	0.00
FBC	83	26.97	23.07	22.86	27.09	0.00	0.00
FBC	84	27.16	22.88	22.98	26.99	0.00	0.00
FBC	85	26.86	23.02	23.18	26.95	0.00	0.00
FBC	86	27.00	23.08	22.89	27.03	0.00	0.00
FBC	87	27.17	22.90	22.94	26.98	0.00	0.00
FBC	88	26.86	22.99	23.18	26.97	0.00	0.00
FBC	89	26.99	23.09	22.88	27.04	0.00	0.00
FBC	90	27.19	22.83	22.97	27.00	0.00	0.00
FBC	91	26.85	23.01	23.17	26.98	0.00	0.00
FBC	92	26.96	23.05	22.89	27.11	0.00	0.00
FBC	93	27.13	22.87	22.99	27.01	0.00	0.00
FBC	94	26.84	23.01	23.18	26.97	0.00	0.00
FBC	95	26.99	23.05	22.90	27.06	0.00	0.00
FBC	96	27.11	22.94	22.98	26.97	0.00	0.00
FBC	97	26.88	23.02	23.16	26.93	0.00	0.00
FBC	98	26.99	23.10	22.90	27.01	0.00	0.00
FBC	99	27.15	22.91	22.94	26.99	0.00	0.00
FBC	100	26.87	22.99	23.15	26.99	0.00	0.00
FBC	101	26.98	23.11	22.85	27.06	0.00	0.00
FBC	102	27.17	22.89	22.93	27.01	0.00	0.00
FBC	103	26.86	23.00	23.15	26.99	0.00	0.00
FBC	104	26.99	23.07	22.88	27.06	0.00	0.00
FBC	105	27.17	22.86	22.97	27.00	0.00	0.00
FBC	106	26.87	23.00	23.19	26.94	0.00	0.00
FBC	107	26.98	23.10	22.87	27.05	0.00	0.00
FBC	108	27.14	22.90	22.97	26.99	0.00	0.00
FBC	109	26.86	23.03	23.16	26.95	0.00	0.00
FBC	110	26.99	23.09	22.88	27.04	0.00	0.00
FBC	111	27.14	22.92	22.95	26.99	0.00	0.00
FBC	112	26.85	23.04	23.15	26.96	0.00	0.00
FBC	113	26.98	23.06	22.91	27.05	0.00	0.00
FBC	114	27.10	22.92	22.95	27.03	0.00	0.00
FBC	115	26.84	23.01	23.19	26.97	0.00	0.00
FBC	116	26.98	23.08	22.89	27.05	0.00	0.00
FBC	117	27.12	22.93	22.96	26.99	0.00	0.00
FBC	118	26.86	23.00	23.18	26.96	0.00	0.00
FBC	119	26.99	23.09	22.88	27.04	0.00	0.00
FBC	120	27.13	22.94	22.95	26.98	0.00	0.00
FBC	121	26.85	23.02	23.17	26.96	0.00	0.00
FBC	122	26.95	23.11	22.89	27.05	0.00	0.00
FBC	123	27.11	22.93	22.97	27.00	0.00	0.00
FBC	124	26.84	23.01	23.17	26.98	0.00	0.00
FBC	125	26.96	23.09	22.88	27.07	0.00	0.00
FBC	126	27.13	22.89	22.97	27.01	0.00	0.00
FBC	127	26.80	23.04	23.18	26.99	0.00	0.00
FBC	128	26.96	23.10	22.89	27.05	0.00	0.00
FBC	129	27.09	22.93	22.99	26.99	0.00	0.00
FBC	130	26.86	23.02	23.15	26.97	0.00	0.00
FBC	131	26.95	23.10	22.93	27.02	0.00	0.00
FBC	132	27.11	22.91	23.01	26.97	0.00	0.00
FBC	133	26.86	23.03	23.15	26.97	0.00	0.00
FBC	134	26.95	23.13	22.88	27.04	0.00	0.00
FBC	135	27.09	22.89	22.98	27.04	0.00	0.00
FBC	136	26.84	23.03	23.18	26.95	0.00	0.00
FBC	137	26.93	23.09	22.89	27.09	0.00	0.00
FBC	138	27.11	22.91	22.96	27.02	0.00	0.00
FBC	139	26.85	23.02	23.16	26.98	0.00	0.00
FBC	140	26.94	23.10	22.89	27.08	0.00	0.00
FBC	141	27.10	22.94	22.98	26.98	0.00	0.00
FBC	142	26.79	23.05	23.23	26.94	0.00	0.00
FBC	143	26.91	23.16	22.91	27.02	0.00	0.00
FBC	144	27.07	22.98	23.00	26.96	0.00	0.00
FBC	145	26.80	23.10	23.17	26.92	0.00	0.00
FBC	146	26.93	23.12	22.94	27.01	0.00	0.00
FBC	147	27.07	22.96	23.00	26.96	0.00	0.00
FBC	148	26.79	23.08	23.18	26.95	0.00	0.00
FBC	149	26.91	23.13	22.92	27.05	0.00	0.00
FBC	150	26.99	22.99	22.98	27.04	0.00	0.00
# ACGT raw counters for first fragments. Use `grep ^FTC | cut -f 2-` to extract this part. The columns are: A,C,G,T,N base counters
FTC	879387980	752947732	753091997	884378955	225182
# ACGT content per cycle for last fragments. Use `grep ^LBC | cut -f 2-` to extract this part. The columns are: cycle; A,C,G,T base counts as a percentage of all A/C/G/T bases [%]; and N and O counts as a percentage of all A/C/G/T bases [%]
LBC	1	21.71	23.84	42.22	12.24	1.08	0.00
LBC	2	20.58	23.16	15.80	40.46	0.00	0.00
LBC	3	28.00	22.87	19.27	29.85	0.00	0.00
LBC	4	19.14	27.85	14.37	38.65	0.00	0.00
LBC	5	30.01	18.80	14.11	37.08	0.00	0.00
LBC	6	34.25	16.27	27.75	21.74	0.00	0.00
LBC	7	29.35	19.98	25.09	25.57	0.00	0.00
LBC	8	35.35	19.70	23.13	21.82	0.00	0.00
LBC	9	19.50	34.77	22.72	23.01	0.00	0.00
LBC	10	26.32	25.29	17.91	30.48	0.00	0.00
LBC	11	24.07	18.48	32.26	25.19	0.00	0.00
LBC	12	24.27	23.15	21.75	30.83	0.00	0.00
LBC	13	22.50	24.07	26.32	27.12	0.00	0.00
LBC	14	21.41	30.03	21.67	26.88	0.00	0.00
LBC	15	28.04	24.14	24.42	23.40	0.00	0.00
LBC	16	28.02	22.64	24.05	25.30	0.00	0.00
LBC	17	28.05	22.45	22.18	27.32	0.00	0.00
LBC	18	28.11	22.18	22.41	27.30	0.00	0.00
LBC	19	27.52	22.42	23.07	26.99	0.00	0.00
LBC	20	27.31	22.85	22.81	27.03	0.00	0.00
LBC	21	27.23	22.85	22.74	27.17	0.00	0.00
LBC	22	26.85	22.92	23.08	27.15	0.00	0.00
LBC	23	26.95	23.04	22.77	27.24	0.00	0.00
LBC	24	27.14	22.78	22.93	27.15	0.00	0.00
LBC	25	26.71	22.93	23.21	27.14	0.00	0.00
LBC	26	26.87	23.06	22.88	27.18	0.00	0.00
LBC	27	27.18	22.83	23.03	26.96	0.00	0.00
LBC	28	26.96	22.99	23.17	26.88	0.00	0.00
LBC	29	27.08	23.08	22.89	26.94	0.00	0.00
LBC	30	27.31	22.86	22.93	26.90	0.00	0.00
LBC	31	26.99	22.98	23.10	26.93	0.00	0.00
LBC	32	27.12	23.02	22.79	27.07	0.00	0.00
LBC	33	27.28	22.79	22.88	27.05	0.00	0.00
LBC	34	26.86	22.93	23.08	27.13	0.00	0.00
LBC	35	26.97	23.04	22.82	27.17	0.00	0.00
LBC	36	27.15	22.81	22.96	27.09	0.00	0.00
LBC	37	26.83	22.95	23.18	27.04	0.00	0.00
LBC	38	26.96	23.05	22.90	27.09	0.00	0.00
LBC	39	27.15	22.88	22.97	27.00	0.00	0.00
LBC	40	26.91	22.97	23.21	26.91	0.00	0.00
LBC	41	27.01	23.13	22.84	27.03	0.00	0.00
LBC	42	27.22	22.91	22.92	26.95	0.00	0.00
LBC	43	26.90	22.97	23.14	26.99	0.00	0.00
LBC	44	27.00	23.09	22.83	27.08	0.00	0.00
LBC	45	27.21	22.83	22.91	27.05	0.00	0.00
LBC	46	26.84	22.94	23.13	27.09	0.00	0.00
LBC	47	26.97	23.04	22.84	27.15	0.00	0.00
LBC	48	27.18	22.82	22.96	27.04	0.00	0.00
LBC	49	26.85	22.97	23.18	27.00	0.00	0.00
LBC	50	26.99	23.06	22.86	27.08	0.00	0.00
LBC	51	27.17	22.91	22.96	26.96	0.00	0.00
LBC	52	26.86	23.05	23.14	26.95	0.00	0.00
LBC	53	27.00	23.12	22.83	27.05	0.00	0.00
LBC	54	27.17	22.94	22.93	26.97	0.00	0.00
LBC	55	26.90	22.99	23.10	27.01	0.00	0.00
LBC	56	27.00	23.12	22.82	27.06	0.00	0.00
LBC	57	27.22	22.89	22.90	26.99	0.00	0.00
LBC	58	26.84	22.97	23.14	27.05	0.00	0.00
LBC	59	26.97	23.07	22.86	27.09	0.00	0.00
LBC	60	27.17	22.81	22.99	27.03	0.00	0.00
LBC	61	26.85	23.02	23.17	26.97	0.00	0.00
LBC	62	26.97	23.11	22.85	27.07	0.00	0.00
LBC	63	27.13	22.94	22.95	26.97	0.00	0.00
LBC	64	26.88	23.04	23.14	26.94	0.00	0.00
LBC	65	26.99	23.15	22.82	27.05	0.00	0.00
LBC	66	27.16	22.89	22.95	27.00	0.00	0.00
LBC	67	26.86	23.01	23.13	27.00	0.00	0.00
LBC	68	27.00	23.11	22.82	27.06	0.00	0.00
LBC	69	27.14	22.91	22.94	27.01	0.00	0.00
LBC	70	26.86	22.99	23.17	26.98	0.00	0.00
LBC	71	26.94	23.08	22.89	27.09	0.00	0.00
LBC	72	27.15	22.90	22.99	26.95	0.00	0.00
LBC	73	26.83	23.04	23.15	26.98	0.00	0.00
LBC	74	26.93	23.18	22.88	27.02	0.00	0.00
LBC	75	27.15	22.96	22.94	26.96	0.00	0.00
LBC	76	26.81	23.07	23.14	26.99	0.00	0.00
LBC	77	26.99	23.11	22.86	27.03	0.00	0.00
LBC	78	27.18	22.94	22.92	26.95	0.00	0.00
LBC	79	26.87	22.99	23.15	26.99	0.00	0.00
LBC	80	27.01	23.10	22.85	27.03	0.00	0.00
LBC	81	27.17	22.90	22.94	27.00	0.00	0.00
LBC	82	26.83	23.01	23.17	27.00	0.00	0.00
LBC	83	26.96	23.12	22.87	27.06	0.00	0.00
LBC	84	27.13	22.92	22.98	26.96	0.00	0.00
LBC	85	26.87	23.04	23.16	26.93	0.00	0.00
LBC	86	26.95	23.15	22.85	27.04	0.00	0.00
LBC	87	27.14	22.95	22.96	26.95	0.00	0.00
LBC	88	26.84	23.04	23.15	26.96	0.00	0.00
LBC	89	26.98	23.12	22.87	27.04	0.00	0.00
LBC	90	27.15	22.91	22.94	27.00	0.00	0.00
LBC	91	26.85	23.06	23.14	26.95	0.00	0.00
LBC	92	26.98	23.10	22.83	27.08	0.00	0.00
LBC	93	27.11	22.92	22.97	27.00	0.00	0.00
LBC	94	26.82	23.06	23.15	26.96	0.00	0.00
LBC	95	26.94	23.12	22.86	27.08	0.00	0.00
LBC	96	27.08	22.98	22.96	26.99	0.00	0.00
LBC	97	26.82	23.09	23.14	26.95	0.00	0.00
LBC	98	26.94	23.17	22.85	27.03	0.00	0.00
LBC	99	27.12	22.97	22.94	26.96	0.00	0.00
LBC	100	26.82	23.06	23.14	26.98	0.00	0.00
LBC	101	26.95	23.17	22.83	27.05	0.00	0.00
LBC	102	27.14	22.96	22.91	27.00	0.00	0.00
LBC	103	26.82	23.10	23.11	26.97	0.00	0.00
LBC	104	26.93	23.15	22.86	27.05	0.00	0.00
LBC	105	27.11	22.93	22.98	26.98	0.00	0.00
LBC	106	26.80	23.10	23.15	26.95	0.00	0.00
LBC	107	26.95	23.19	22.84	27.03	0.00	0.00
LBC	108	27.12	22.99	22.95	26.95	0.00	0.00
LBC	109	26.82	23.12	23.11	26.94	0.00	0.00
LBC	110	26.91	23.20	22.86	27.03	0.00	0.00
LBC	111	27.09	23.01	22.94	26.96	0.00	0.00
LBC	112	26.80	23.12	23.12	26.96	0.00	0.00
LBC	113	26.90	23.19	22.86	27.05	0.00	0.00
LBC	114	27.07	23.01	22.93	26.99	0.00	0.00
LBC	115	26.80	23.10	23.15	26.94	0.00	0.00
LBC	116	26.92	23.18	22.86	27.03	0.00	0.00
LBC	117	27.06	23.03	22.95	26.96	0.00	0.00
LBC	118	26.78	23.11	23.13	26.98	0.00	0.00
LBC	119	26.91	23.21	22.85	27.02	0.00	0.00
LBC	120	27.05	23.05	22.94	26.97	0.00	0.00
LBC	121	26.80	23.15	23.14	26.91	0.00	0.00
LBC	122	26.86	23.26	22.85	27.03	0.00	0.00
LBC	123	27.05	23.06	22.97	26.92	0.00	0.00
LBC	124	26.75	23.16	23.14	26.95	0.00	0.00
LBC	125	26.86	23.23	22.86	27.04	0.00	0.00
LBC	126	27.03	23.04	22.95	26.98	0.00	0.00
LBC	127	26.75	23.14	23.14	26.97	0.00	0.00
LBC	128	26.87	23.26	22.83	27.04	0.00	0.00
LBC	129	27.00	23.09	22.96	26.95	0.00	0.00
LBC	130	26.77	23.18	23.12	26.93	0.00	0.00
LBC	131	26.85	23.26	22.88	27.01	0.00	0.00
LBC	132	27.02	23.11	22.93	26.93	0.00	0.00
LBC	133	26.74	23.20	23.15	26.91	0.00	0.00
LBC	134	26.84	23.33	22.84	26.98	0.00	0.00
LBC	135	27.00	23.11	22.93	26.95	0.00	0.00
LBC	136	26.72	23.22	23.17	26.89	0.00	0.00
LBC	137	26.80	23.32	22.85	27.04	0.00	0.00
LBC	138	26.96	23.18	22.93	26.92	0.00	0.00
LBC	139	26.70	23.26	23.10	26.94	0.00	0.00
LBC	140	26.80	23.34	22.87	26.99	0.00	0.00
LBC	141	26.95	23.18	22.98	26.89	0.00	0.00
LBC	142	26.66	23.33	23.15	26.86	0.00	0.00
LBC	143	26.80	23.40	22.84	26.96	0.00	0.00
LBC	144	26.92	23.23	23.00	26.85	0.00	0.00
LBC	145	26.65	23.35	23.15	26.85	0.00	0.00
LBC	146	26.76	23.43	22.90	26.91	0.00	0.00
LBC	147	26.87	23.29	22.99	26.85	0.01	0.00
LBC	148	26.61	23.40	23.15	26.85	0.00	0.00
LBC	149	26.70	23.45	22.93	26.92	0.00	0.00
LBC	150	26.66	23.39	22.89	27.06	0.00	0.00
# ACGT raw counters for last fragments. Use `grep ^LTC | cut -f 2-` to extract this part. The columns are: A,C,G,T,N base counters
LTC	877875644	755017557	752102272	884603614	240757
# Insert sizes. Use `grep ^IS | cut -f 2-` to extract this part. The columns are: insert size, pairs total, inward oriented pairs, outward oriented pairs, other pairs
IS	0	2	0	1	1
IS	1	0	0	0	0
IS	2	0	0	0	0
IS	3	0	0	0	0
IS	4	0	0	0	0
IS	5	0	0	0	0
IS	6	0	0	0	0
IS	7	0	0	0	0
IS	8	0	0	0	0
IS	9	0	0	0	0
IS	10	0	0	0	0
IS	11	0	0	0	0
IS	12	0	0	0	0
IS	13	0	0	0	0
IS	14	0	0	0	0
IS	15	0	0	0	0
IS	16	0	0	0	0
IS	17	0	0	0	0
IS	18	0	0	0	0
IS	19	0	0	0	0
IS	20	0	0	0	0
IS	21	0	0	0	0
IS	22	0	0	0	0
IS	23	0	0	0	0
IS	24	0	0	0	0
IS	25	0	0	0	0
IS	26	0	0	0	0
IS	27	0	0	0	0
IS	28	0	0	0	0
IS	29	0	0	0	0
IS	30	0	0	0	0
IS	31	0	0	0	0
IS	32	0	0	0	0
IS	33	0	0	0	0
IS	34	0	0	0	0
IS	35	0	0	0	0
IS	36	0	0	0	0
IS	37	0	0	0	0
IS	38	0	0	0	0
IS	39	0	0	0	0
IS	40	0	0	0	0
IS	41	0	0	0	0
IS	42	0	0	0	0
IS	43	0	0	0	0
IS	44	0	0	0	0
IS	45	0	0	0	0
IS	46	0	0	0	0
IS	47	0	0	0	0
IS	48	0	0	0	0
IS	49	0	0	0	0
IS	50	0	0	0	0
IS	51	0	0	0	0
IS	52	0	0	0	0
IS	53	0	0	0	0
IS	54	0	0	0	0
IS	55	0	0	0	0
IS	56	0	0	0	0
IS	57	0	0	0	0
IS	58	0	0	0	0
IS	59	0	0	0	0
IS	60	0	0	0	0
IS	61	1	1	0	0
IS	62	0	0	0	0
IS	63	0	0	0	0
IS	64	0	0	0	0
IS	65	2	1	1	0
IS	66	0	0	0	0
IS	67	1	0	1	0
IS	68	0	0	0	0
IS	69	0	0	0	0
IS	70	0	0	0	0
IS	71	0	0	0	0
IS	72	1	1	0	0
IS	73	0	0	0	0
IS	74	0	0	0	0
IS	75	1	0	1	0
IS	76	0	0	0	0
IS	77	0	0	0	0
IS	78	0	0	0	0
IS	79	1	0	1	0
IS	80	0	0	0	0
IS	81	0	0	0	0
IS	82	0	0	0	0
IS	83	0	0	0	0
IS	84	0	0	0	0
IS	85	0	0	0	0
IS	86	0	0	0	0
IS	87	0	0	0	0
IS	88	0	0	0	0
IS	89	0	0	0	0
IS	90	0	0	0	0
IS	91	0	0	0	0
IS	92	0	0	0	0
IS	93	0	0	0	0
IS	94	0	0	0	0
IS	95	0	0	0	0
IS	96	0	0	0	0
IS	97	0	0	0	0
IS	98	0	0	0	0
IS	99	0	0	0	0
IS	100	0	0	0	0
IS	101	0	0	0	0
IS	102	0	0	0	0
IS	103	0	0	0	0
IS	104	0	0	0	0
IS	105	1	1	0	0
IS	106	0	0	0	0
IS	107	0	0	0	0
IS	108	0	0	0	0
IS	109	0	0	0	0
IS	110	0	0	0	0
IS	111	0	0	0	0
IS	112	0	0	0	0
IS	113	0	0	0	0
IS	114	1	0	1	0
IS	115	0	0	0	0
IS	116	0	0	0	0
IS	117	0	0	0	0
IS	118	0	0	0	0
IS	119	0	0	0	0
IS	120	0	0	0	0
IS	121	0	0	0	0
IS	122	0	0	0	0
IS	123	0	0	0	0
IS	124	0	0	0	0
IS	125	0	0	0	0
IS	126	0	0	0	0
IS	127	0	0	0	0
IS	128	0	0	0	0
IS	129	0	0	0	0
IS	130	0	0	0	0
IS	131	0	0	0	0
IS	132	2	1	1	0
IS	133	0	0	0	0
IS	134	0	0	0	0
IS	135	0	0	0	0
IS	136	0	0	0	0
IS	137	0	0	0	0
IS	138	0	0	0	0
IS	139	1	0	1	0
IS	140	0	0	0	0
IS	141	0	0	0	0
IS	142	1	1	0	0
IS	143	0	0	0	0
IS	144	0	0	0	0
IS	145	0	0	0	0
IS	146	0	0	0	0
IS	147	1	0	1	0
IS	148	0	0	0	0
IS	149	0	0	0	0
IS	150	0	0	0	0
IS	151	0	0	0	0
IS	152	0	0	0	0
IS	153	2	2	0	0
IS	154	0	0	0	0
IS	155	0	0	0	0
IS	156	0	0	0	0
IS	157	0	0	0	0
IS	158	0	0	0	0
IS	159	0	0	0	0
IS	160	1	1	0	0
IS	161	0	0	0	0
IS	162	1	1	0	0
IS	163	1	1	0	0
IS	164	0	0	0	0
IS	165	0	0	0	0
IS	166	1	1	0	0
IS	167	1	1	0	0
IS	168	1	1	0	0
IS	169	0	0	0	0
IS	170	1	1	0	0
IS	171	1	1	0	0
IS	172	3	3	0	0
IS	173	0	0	0	0
IS	174	0	0	0	0
IS	175	3	3	0	0
IS	176	0	0	0	0
IS	177	2	2	0	0
IS	178	0	0	0	0
IS	179	3	3	0	0
IS	180	4	4	0	0
IS	181	0	0	0	0
IS	182	4	4	0	0
IS	183	15	15	0	0
IS	184	7	7	0	0
IS	185	17	17	0	0
IS	186	10	10	0	0
IS	187	13	13	0	0
IS	188	17	17	0	0
IS	189	18	18	0	0
IS	190	14	14	0	0
IS	191	21	21	0	0
IS	192	11	11	0	0
IS	193	22	22	0	0
IS	194	24	24	0	0
IS	195	28	28	0	0
IS	196	41	41	0	0
IS	197	25	25	0	0
IS	198	37	37	0	0
IS	199	22	22	0	0
IS	200	26	26	0	0
IS	201	21	21	0	0
IS	202	35	35	0	0
IS	203	36	36	0	0
IS	204	30	30	0	0
IS	205	30	30	0	0
IS	206	42	42	0	0
IS	207	38	38	0	0
IS	208	33	33	0	0
IS	209	21	21	0	0
IS	210	36	36	0	0
IS	211	22	22	0	0
IS	212	47	47	0	0
IS	213	40	40	0	0
IS	214	34	34	0	0
IS	215	40	40	0	0
IS	216	28	28	0	0
IS	217	25	25	0	0
IS	218	35	35	0	0
IS	219	25	25	0	0
IS	220	31	31	0	0
IS	221	35	35	0	0
IS	222	42	42	0	0
IS	223	34	34	0	0
IS	224	36	36	0	0
IS	225	40	40	0	0
IS	226	28	28	0	0
IS	227	29	29	0	0
IS	228	36	36	0	0
IS	229	33	33	0	0
IS	230	44	44	0	0
IS	231	33	33	0	0
IS	232	38	38	0	0
IS	233	32	32	0	0
IS	234	51	51	0	0
IS	235	42	42	0	0
IS	236	43	43	0	0
IS	237	38	38	0	0
IS	238	51	51	0	0
IS	239	34	34	0	0
IS	240	34	34	0	0
IS	241	44	44	0	0
IS	242	39	39	0	0
IS	243	30	30	0	0
IS	244	52	52	0	0
IS	245	34	34	0	0
IS	246	39	39	0	0
IS	247	42	42	0	0
IS	248	44	44	0	0
IS	249	39	39	0	0
IS	250	40	40	0	0
IS	251	33	33	0	0
IS	252	49	49	0	0
IS	253	35	35	0	0
IS	254	41	41	0	0
IS	255	33	33	0	0
IS	256	52	52	0	0
IS	257	39	39	0	0
IS	258	38	38	0	0
IS	259	46	46	0	0
IS	260	45	45	0	0
IS	261	51	51	0	0
IS	262	31	31	0	0
IS	263	52	52	0	0
IS	264	43	43	0	0
IS	265	32	32	0	0
IS	266	32	32	0	0
IS	267	50	50	0	0
IS	268	25	25	0	0
IS	269	46	46	0	0
IS	270	49	49	0	0
IS	271	45	45	0	0
IS	272	35	35	0	0
IS	273	18	18	0	0
IS	274	43	43	0	0
IS	275	36	36	0	0
IS	276	43	43	0	0
IS	277	34	34	0	0
IS	278	50	50	0	0
IS	279	38	38	0	0
IS	280	33	33	0	0
IS	281	31	31	0	0
IS	282	38	38	0	0
IS	283	30	30	0	0
IS	284	30	30	0	0
IS	285	44	44	0	0
IS	286	46	46	0	0
IS	287	49	49	0	0
IS	288	31	31	0	0
IS	289	34	34	0	0
IS	290	53	53	0	0
IS	291	31	31	0	0
IS	292	41	41	0	0
IS	293	42	42	0	0
IS	294	40	40	0	0
IS	295	31	31	0	0
IS	296	33	33	0	0
IS	297	37	37	0	0
IS	298	32	32	0	0
IS	299	30	30	0	0
IS	300	43	43	0	0
IS	301	53	53	0	0
IS	302	43	43	0	0
IS	303	42	42	0	0
IS	304	38	38	0	0
IS	305	25	25	0	0
IS	306	31	31	0	0
IS	307	38	38	0	0
IS	308	40	40	0	0
IS	309	30	30	0	0
IS	310	67	67	0	0
IS	311	34	34	0	0
IS	312	36	36	0	0
IS	313	54	54	0	0
IS	314	40	40	0	0
IS	315	43	43	0	0
IS	316	41	41	0	0
IS	317	41	41	0	0
IS	318	28	28	0	0
IS	319	49	49	0	0
IS	320	40	40	0	0
IS	321	49	49	0	0
IS	322	36	36	0	0
IS	323	37	37	0	0
IS	324	42	42	0	0
IS	325	38	38	0	0
IS	326	37	37	0	0
IS	327	32	32	0	0
IS	328	50	50	0	0
IS	329	46	46	0	0
IS	330	35	35	0	0
IS	331	38	38	0	0
IS	332	37	37	0	0
IS	333	37	37	0	0
IS	334	41	41	0	0
IS	335	29	29	0	0
IS	336	43	43	0	0
IS	337	33	33	0	0
IS	338	45	45	0	0
IS	339	31	31	0	0
IS	340	32	32	0	0
IS	341	46	46	0	0
IS	342	39	39	0	0
IS	343	35	35	0	0
IS	344	28	28	0	0
IS	345	26	26	0	0
IS	346	29	29	0	0
IS	347	36	36	0	0
IS	348	27	27	0	0
IS	349	30	30	0	0
IS	350	17	17	0	0
IS	351	31	31	0	0
IS	352	38	38	0	0
IS	353	41	41	0	0
IS	354	37	37	0	0
IS	355	26	26	0	0
IS	356	36	36	0	0
IS	357	36	36	0	0
IS	358	37	37	0	0
IS	359	43	43	0	0
IS	360	35	35	0	0
IS	361	28	28	0	0
IS	362	27	27	0	0
IS	363	19	19	0	0
IS	364	33	33	0	0
IS	365	26	26	0	0
IS	366	31	31	0	0
IS	367	35	35	0	0
IS	368	29	29	0	0
IS	369	28	28	0	0
IS	370	37	37	0	0
IS	371	34	34	0	0
IS	372	23	23	0	0
IS	373	22	22	0	0
IS	374	26	26	0	0
IS	375	22	22	0	0
IS	376	31	31	0	0
IS	377	33	33	0	0
IS	378	26	26	0	0
IS	379	28	28	0	0
IS	380	17	17	0	0
IS	381	26	26	0	0
IS	382	23	23	0	0
IS	383	29	29	0	0
IS	384	23	23	0	0
IS	385	31	31	0	0
IS	386	20	20	0	0
IS	387	32	32	0	0
IS	388	34	34	0	0
IS	389	33	33	0	0
IS	390	24	24	0	0
IS	391	32	32	0	0
IS	392	22	22	0	0
IS	393	30	30	0	0
IS	394	26	26	0	0
IS	395	15	15	0	0
IS	396	20	20	0	0
IS	397	22	22	0	0
IS	398	24	24	0	0
IS	399	20	19	0	1
IS	400	25	25	0	0
IS	401	25	25	0	0
IS	402	24	24	0	0
IS	403	21	21	0	0
IS	404	30	30	0	0
IS	405	25	25	0	0
IS	406	24	24	0	0
IS	407	15	15	0	0
IS	408	25	25	0	0
IS	409	20	20	0	0
IS	410	20	20	0	0
IS	411	20	20	0	0
IS	412	26	26	0	0
IS	413	15	15	0	0
IS	414	23	23	0	0
IS	415	12	12	0	0
IS	416	18	18	0	0
IS	417	16	16	0	0
IS	418	12	12	0	0
IS	419	9	9	0	0
IS	420	6	6	0	0
IS	421	9	9	0	0
IS	422	8	8	0	0
IS	423	10	10	0	0
IS	424	4	4	0	0
IS	425	9	9	0	0
# Read lengths. Use `grep ^RL | cut -f 2-` to extract this part. The columns are: read length, count
RL	60	584
RL	61	526
RL	62	521
RL	63	570
RL	64	552
RL	65	555
RL	66	569
RL	67	571
RL	68	524
RL	69	511
RL	70	531
RL	71	449
RL	72	481
RL	73	610
RL	74	582
RL	75	568
RL	76	508
RL	77	490
RL	78	523
RL	79	529
RL	80	504
RL	81	544
RL	82	560
RL	83	496
RL	84	569
RL	85	586
RL	86	564
RL	87	548
RL	88	510
RL	89	604
RL	90	555
RL	91	587
RL	92	586
RL	93	505
RL	94	600
RL	95	642
RL	96	577
RL	97	597
RL	98	590
RL	99	621
RL	100	626
RL	101	598
RL	102	701
RL	103	646
RL	104	683
RL	105	640
RL	106	659
RL	107	590
RL	108	617
RL	109	660
RL	110	648
RL	111	673
RL	112	588
RL	113	691
RL	114	735
RL	115	651
RL	116	690
RL	117	729
RL	118	709
RL	119	761
RL	120	741
RL	121	778
RL	122	858
RL	123	900
RL	124	810
RL	125	836
RL	126	851
RL	127	856
RL	128	952
RL	129	1083
RL	130	1116
RL	131	1108
RL	132	1162
RL	133	1232
RL	134	1186
RL	135	1352
RL	136	1928
RL	137	2916
RL	138	4807
RL	139	9535
RL	140	21934
RL	141	53364
RL	142	4974
RL	143	1565
RL	144	1606
RL	145	1644
RL	146	1650
RL	147	1813
RL	148	1744
RL	149	2066
RL	150	43459333
# Read lengths - first fragments. Use `grep ^FRL | cut -f 2-` to extract this part. The columns are: read length, count
FRL	60	291
FRL	61	260
FRL	62	260
FRL	63	281
FRL	64	275
FRL	65	273
FRL	66	283
FRL	67	283
FRL	68	255
FRL	69	252
FRL	70	263
FRL	71	220
FRL	72	237
FRL	73	304
FRL	74	288
FRL	75	282
FRL	76	248
FRL	77	241
FRL	78	259
FRL	79	261
FRL	80	249
FRL	81	267
FRL	82	277
FRL	83	244
FRL	84	280
FRL	85	289
FRL	86	279
FRL	87	271
FRL	88	252
FRL	89	299
FRL	90	272
FRL	91	287
FRL	92	289
FRL	93	247
FRL	94	295
FRL	95	318
FRL	96	282
FRL	97	295
FRL	98	290
FRL	99	307
FRL	100	308
FRL	101	292
FRL	102	343
FRL	103	317
FRL	104	335
FRL	105	314
FRL	106	321
FRL	107	288
FRL	108	305
FRL	109	329
FRL	110	320
FRL	111	332
FRL	112	289
FRL	113	335
FRL	114	357
FRL	115	317
FRL	116	340
FRL	117	360
FRL	118	352
FRL	119	376
FRL	120	364
FRL	121	375
FRL	122	418
FRL	123	431
FRL	124	392
FRL	125	412
FRL	126	419
FRL	127	413
FRL	128	448
FRL	129	504
FRL	130	503
FRL	131	497
FRL	132	530
FRL	133	540
FRL	134	545
FRL	135	592
FRL	136	736
FRL	137	1069
FRL	138	1789
FRL	139	3805
FRL	140	9316
FRL	141	23989
FRL	142	1969
FRL	143	783
FRL	144	803
FRL	145	823
FRL	146	824
FRL	147	905
FRL	148	872
FRL	149	1033
FRL	150	21737513
# Read lengths - last fragments. Use `grep ^LRL | cut -f 2-` to extract this part. The columns are: read length, count
LRL	60	293
LRL	61	266
LRL	62	261
LRL	63	289
LRL	64	277
LRL	65	282
LRL	66	286
LRL	67	288
LRL	68	269
LRL	69	259
LRL	70	268
LRL	71	229
LRL	72	244
LRL	73	306
LRL	74	294
LRL	75	286
LRL	76	260
LRL	77	249
LRL	78	264
LRL	79	268
LRL	80	255
LRL	81	277
LRL	82	283
LRL	83	252
LRL	84	289
LRL	85	297
LRL	86	285
LRL	87	277
LRL	88	258
LRL	89	305
LRL	90	283
LRL	91	300
LRL	92	297
LRL	93	258
LRL	94	305
LRL	95	324
LRL	96	295
LRL	97	302
LRL	98	300
LRL	99	314
LRL	100	318
LRL	101	306
LRL	102	358
LRL	103	329
LRL	104	348
LRL	105	326
LRL	106	338
LRL	107	302
LRL	108	312
LRL	109	331
LRL	110	328
LRL	111	341
LRL	112	299
LRL	113	356
LRL	114	378
LRL	115	334
LRL	116	350
LRL	117	369
LRL	118	357
LRL	119	385
LRL	120	377
LRL	121	403
LRL	122	440
LRL	123	469
LRL	124	418
LRL	125	424
LRL	126	432
LRL	127	443
LRL	128	504
LRL	129	579
LRL	130	613
LRL	131	611
LRL	132	632
LRL	133	692
LRL	134	641
LRL	135	760
LRL	136	1192
LRL	137	1847
LRL	138	3018
LRL	139	5730
LRL	140	12618
LRL	141	29375
LRL	142	3005
LRL	143	782
LRL	144	803
LRL	145	821
LRL	146	826
LRL	147	908
LRL	148	872
LRL	149	1033
LRL	150	21721820
# Mapping qualities for reads !(UNMAP|SECOND|SUPPL|QCFAIL|DUP). Use `grep ^MAPQ | cut -f 2-` to extract this part. The columns are: mapq, count
MAPQ	0	117
MAPQ	1	1128
MAPQ	2	95
MAPQ	3	10
MAPQ	6	436
MAPQ	7	40
MAPQ	8	24
MAPQ	11	14
MAPQ	12	80
MAPQ	14	10
MAPQ	15	8
MAPQ	17	62
MAPQ	18	51
MAPQ	21	66
MAPQ	22	32
MAPQ	23	81
MAPQ	24	115
MAPQ	25	32
MAPQ	26	59
MAPQ	27	40
MAPQ	30	90
MAPQ	31	60
MAPQ	32	34
MAPQ	33	6
MAPQ	34	49
MAPQ	35	50
MAPQ	36	38
MAPQ	37	55
MAPQ	38	42
MAPQ	39	44
MAPQ	40	216
MAPQ	42	12864
# Indel distribution. Use `grep ^ID | cut -f 2-` to extract this part. The columns are: length, number of insertions, number of deletions
ID	1	131	139
ID	2	42	39
ID	3	13	19
ID	4	29	24
ID	5	11	8
ID	6	2	4
ID	7	2	1
ID	8	1	2
ID	9	2	0
ID	10	4	2
ID	11	4	0
ID	12	2	0
ID	14	0	1
ID	15	1	1
ID	16	0	1
# Indels per cycle. Use `grep ^IC | cut -f 2-` to extract this part. The columns are: cycle, number of insertions (fwd), .. (rev) , number of deletions (fwd), .. (rev)
IC	4	0	1	1	0
IC	5	0	0	2	1
IC	6	3	1	0	2
IC	7	2	3	0	1
IC	8	3	1	0	0
IC	9	2	1	0	2
IC	10	1	1	0	0
IC	11	0	1	0	0
IC	12	2	2	0	0
IC	13	2	0	0	0
IC	14	1	0	1	0
IC	15	2	0	2	1
IC	16	3	1	0	0
IC	17	1	0	1	1
IC	18	2	5	0	2
IC	19	3	0	1	1
IC	20	1	2	2	1
IC	21	2	1	0	1
IC	23	1	1	0	0
IC	24	0	0	1	1
IC	25	0	0	1	0
IC	26	1	1	2	0
IC	27	0	0	2	3
IC	28	0	1	0	3
IC	29	0	0	1	0
IC	31	0	1	0	3
IC	32	0	1	3	0
IC	33	1	0	1	1
IC	34	2	0	0	3
IC	36	4	2	0	0
IC	37	1	0	2	1
IC	40	0	0	1	1
IC	42	0	1	2	2
IC	43	1	1	0	0
IC	45	0	0	3	0
IC	46	2	4	1	1
IC	47	0	0	1	1
IC	48	2	0	2	1
IC	49	1	1	4	0
IC	50	0	1	0	0
IC	51	0	0	1	1
IC	52	0	1	0	3
IC	53	2	0	1	2
IC	54	0	1	0	0
IC	55	1	1	1	0
IC	56	2	1	2	0
IC	57	0	1	0	0
IC	58	1	2	0	1
IC	59	0	0	1	0
IC	61	0	0	2	1
IC	62	0	1	1	0
IC	63	0	3	0	0
IC	64	0	0	1	1
IC	65	0	0	0	1
IC	66	4	0	0	3
IC	67	0	0	1	1
IC	68	0	2	0	2
IC	69	0	1	0	0
IC	70	3	0	1	0
IC	71	0	0	4	0
IC	72	1	1	1	0
IC	73	1	1	1	0
IC	74	1	1	1	0
IC	75	0	1	0	1
IC	76	1	2	1	2
IC	77	0	0	1	2
IC	78	0	3	0	0
IC	79	2	0	1	2
IC	80	2	0	0	1
IC	81	1	0	0	2
IC	83	2	1	1	2
IC	84	2	0	5	4
IC	85	1	0	0	5
IC	86	3	0	1	1
IC	87	0	2	1	1
IC	88	0	3	1	0
IC	89	0	1	0	0
IC	90	3	0	2	1
IC	91	3	1	1	0
IC	92	1	1	1	0
IC	93	1	0	1	0
IC	94	1	0	1	2
IC	95	0	0	4	0
IC	96	0	1	2	1
IC	97	1	1	0	3
IC	98	1	0	0	0
IC	99	1	1	1	1
IC	100	0	3	3	2
IC	101	1	1	0	0
IC	102	0	0	2	0
IC	103	0	0	1	0
IC	104	1	0	2	0
IC	105	1	0	0	1
IC	106	0	1	0	0
IC	107	3	1	1	1
IC	108	1	1	1	0
IC	110	1	2	0	2
IC	111	0	2	0	0
IC	112	1	1	4	1
IC	113	0	0	1	2
IC	114	0	3	2	0
IC	115	1	1	0	0
IC	116	0	0	2	0
IC	117	1	0	2	0
IC	118	0	2	0	0
IC	119	6	0	3	4
IC	120	1	2	2	0
IC	121	0	2	0	0
IC	122	1	0	0	2
IC	123	1	0	1	2
IC	124	0	0	1	2
IC	125	0	1	2	0
IC	126	0	1	2	0
IC	127	1	1	0	0
IC	128	1	0	2	0
IC	129	1	0	0	1
IC	130	1	2	0	2
IC	131	2	1	1	1
IC	132	1	0	0	1
IC	133	2	1	2	0
IC	134	0	1	0	0
IC	135	0	1	0	0
IC	136	1	0	1	1
IC	137	2	1	0	0
IC	138	4	0	1	0
IC	139	2	1	5	0
IC	140	1	0	1	0
IC	141	3	4	1	1
IC	142	0	0	1	1
IC	143	1	1	1	0
IC	144	0	0	0	1
IC	145	4	0	0	0
IC	146	0	1	0	1
IC	147	0	0	2	0
# Coverage distribution. Use `grep ^COV | cut -f 2-` to extract this part.
COV	[1-1]	1	1347787
COV	[2-2]	2	389433
COV	[3-3]	3	38061
COV	[4-4]	4	30033
COV	[5-5]	5	1275
COV	[6-6]	6	4013
COV	[7-7]	7	187
COV	[8-8]	8	920
COV	[12-12]	12	110
# GC-depth. Use `grep ^GCD | cut -f 2-` to extract this part. The columns are: GC%, unique sequence percentiles, 10th, 25th, 50th, 75th and 90th depth percentile
GCD	0.0	0.033	0.000	0.000	0.000	0.000	0.000
GCD	0.9	0.049	0.015	0.015	0.015	0.015	0.015
GCD	19.0	0.082	0.015	0.015	0.022	0.030	0.030
GCD	20.0	0.099	0.015	0.015	0.015	0.015	0.015
GCD	21.0	0.164	0.015	0.015	0.015	0.015	0.015
GCD	22.0	0.197	0.015	0.015	0.105	0.195	0.195
GCD	23.0	0.329	0.007	0.015	0.015	0.015	0.015
GCD	24.0	0.460	0.015	0.015	0.015	0.015	0.015
GCD	25.0	0.674	0.015	0.015	0.015	0.030	0.030
GCD	26.0	1.036	0.015	0.015	0.015	0.030	0.030
GCD	27.0	1.726	0.015	0.015	0.015	0.015	0.030
GCD	28.0	2.433	0.015	0.015	0.015	0.015	0.039
GCD	29.0	4.225	0.015	0.015	0.015	0.015	0.030
GCD	30.0	6.132	0.015	0.015	0.015	0.015	0.030
GCD	31.0	8.466	0.015	0.015	0.015	0.030	0.030
GCD	32.0	11.047	0.015	0.015	0.015	0.015	0.030
GCD	33.0	14.401	0.015	0.015	0.015	0.015	0.030
GCD	34.0	17.952	0.015	0.015	0.015	0.015	0.030
GCD	35.0	21.437	0.015	0.015	0.015	0.015	0.030
GCD	36.0	25.875	0.015	0.015	0.015	0.030	0.030
GCD	37.0	31.004	0.015	0.015	0.015	0.030	0.030
GCD	38.0	36.216	0.015	0.015	0.015	0.030	0.030
GCD	39.0	41.476	0.015	0.015	0.015	0.015	0.030
GCD	40.0	46.424	0.015	0.015	0.015	0.015	0.030
GCD	41.0	51.438	0.015	0.015	0.015	0.015	0.030
GCD	42.0	55.729	0.015	0.015	0.015	0.030	0.030
GCD	43.0	60.053	0.015	0.015	0.015	0.030	0.030
GCD	44.0	63.949	0.015	0.015	0.015	0.030	0.030
GCD	45.0	68.141	0.015	0.015	0.015	0.015	0.030
GCD	46.0	71.527	0.015	0.015	0.015	0.015	0.030
GCD	47.0	75.160	0.015	0.015	0.015	0.030	0.030
GCD	48.0	78.251	0.015	0.015	0.015	0.015	0.030
GCD	49.0	81.095	0.015	0.015	0.015	0.030	0.030
GCD	50.0	83.972	0.015	0.015	0.015	0.030	0.030
GCD	51.0	86.602	0.015	0.015	0.015	0.015	0.030
GCD	52.0	88.904	0.015	0.015	0.015	0.015	0.030
GCD	53.0	90.547	0.015	0.015	0.015	0.015	0.030
GCD	54.0	92.306	0.015	0.015	0.015	0.015	0.030
GCD	55.0	93.638	0.015	0.015	0.015	0.015	0.030
GCD	56.0	94.904	0.015	0.015	0.015	0.030	0.030
GCD	57.0	95.824	0.015	0.015	0.015	0.015	0.030
GCD	58.0	96.581	0.015	0.015	0.015	0.015	0.030
GCD	59.0	97.140	0.015	0.015	0.015	0.015	0.030
GCD	60.0	97.715	0.015	0.015	0.015	0.015	0.030
GCD	61.0	98.241	0.015	0.015	0.015	0.015	0.030
GCD	62.0	98.701	0.015	0.015	0.015	0.015	0.033
GCD	63.0	98.964	0.015	0.015	0.015	0.015	0.019
GCD	64.0	99.162	0.015	0.015	0.015	0.015	0.030
GCD	65.0	99.342	0.015	0.015	0.015	0.030	0.030
GCD	66.0	99.507	0.015	0.015	0.015	0.030	0.030
GCD	67.0	99.605	0.015	0.015	0.015	0.015	0.015
GCD	68.0	99.688	0.015	0.015	0.015	0.015	0.015
GCD	69.0	99.721	0.015	0.015	0.015	0.015	0.015
GCD	70.0	99.770	0.015	0.015	0.015	0.015	0.015
GCD	71.0	99.803	0.015	0.015	0.022	0.030	0.030
GCD	72.0	99.868	0.015	0.015	0.015	0.015	0.015
GCD	73.0	99.901	0.015	0.015	0.015	0.015	0.015
GCD	74.0	99.967	0.015	0.015	0.022	0.041	0.045
GCD	75.0	99.984	0.015	0.015	0.015	0.015	0.015
GCD	78.0	100.000	0.015	0.015	0.015	0.015	0.015
