# This file was produced by samtools stats (1.21+htslib-1.21) and can be plotted using plot-bamstats
# This file contains statistics for all reads.
# The command line was:  stats -@ 8 /maps/projects/course_1/scratch/group8/group-project-group-8/week18-preprocessing/retry/02_reads_preprocessing/gut_infant/SRR8692213/SRR8692213.host.bam
# CHK, Checksum	[2]Read Names	[3]Sequences	[4]Qualities
# CHK, CRC32 of reads which passed filtering followed by addition (32bit overflow)
CHK	35617aaa	2530c2bb	57690ab5
# Summary Numbers. Use `grep ^SN | cut -f 2-` to extract this part.
SN	raw total sequences:	53391700	# excluding supplementary and secondary reads
SN	filtered sequences:	0
SN	sequences:	53391700
SN	is sorted:	1
SN	1st fragments:	26695850
SN	last fragments:	26695850
SN	reads mapped:	35372
SN	reads mapped and paired:	34998	# paired-end technology bit set + both mates mapped
SN	reads unmapped:	53356328
SN	reads properly paired:	34820	# proper-pair bit set
SN	reads paired:	53391700	# paired-end technology bit set
SN	reads duplicated:	0	# PCR or optical duplicate bit set
SN	reads MQ0:	205	# mapped and MQ=0
SN	reads QC failed:	0
SN	non-primary alignments:	0
SN	supplementary alignments:	0
SN	total length:	8028901292	# ignores clipping
SN	total first fragment length:	4014979099	# ignores clipping
SN	total last fragment length:	4013922193	# ignores clipping
SN	bases mapped:	5271197	# ignores clipping
SN	bases mapped (cigar):	5271197	# more accurate
SN	bases trimmed:	0
SN	bases duplicated:	0
SN	mismatches:	33457	# from NM fields
SN	error rate:	6.347135e-03	# mismatches / bases mapped (cigar)
SN	average length:	150
SN	average first fragment length:	150
SN	average last fragment length:	150
SN	maximum length:	151
SN	maximum first fragment length:	151
SN	maximum last fragment length:	151
SN	average quality:	34.5
SN	insert size average:	344.6
SN	insert size standard deviation:	87.9
SN	inward oriented pairs:	17053
SN	outward oriented pairs:	391
SN	pairs with other orientation:	15
SN	pairs on different chromosomes:	40
SN	percentage of properly paired reads (%):	0.1
# First Fragment Qualities. Use `grep ^FFQ | cut -f 2-` to extract this part.
# Columns correspond to qualities and rows to cycles. First column is the cycle number.
FFQ	1	0	0	2618	0	0	0	0	0	0	0	0	0	0	0	388705	0	0	0	0	0	0	170343	0	0	0	0	0	12252	0	0	0	0	26121932	0	0	0	0	0
FFQ	2	0	0	1	0	0	0	0	0	0	0	0	0	0	0	244773	0	0	0	0	0	0	157315	0	0	0	0	0	4563	0	0	0	0	26289198	0	0	0	0	0
FFQ	3	0	0	0	0	0	0	0	0	0	0	0	0	0	0	184378	0	0	0	0	0	0	111458	0	0	0	0	0	2859	0	0	0	0	26397155	0	0	0	0	0
FFQ	4	0	0	0	0	0	0	0	0	0	0	0	0	0	0	170384	0	0	0	0	0	0	99111	0	0	0	0	0	2582	0	0	0	0	26423773	0	0	0	0	0
FFQ	5	0	0	0	0	0	0	0	0	0	0	0	0	0	0	155662	0	0	0	0	0	0	84688	0	0	0	0	0	1779	0	0	0	0	26453721	0	0	0	0	0
FFQ	6	0	0	1895	0	0	0	0	0	0	0	0	0	0	0	222602	0	0	0	0	0	0	117291	0	0	0	0	0	1902	0	0	0	0	662149	0	0	0	25690011	0
FFQ	7	0	0	0	0	0	0	0	0	0	0	0	0	0	0	243832	0	0	0	0	0	0	89547	0	0	0	0	0	1003	0	0	0	0	740709	0	0	0	25620759	0
FFQ	8	0	0	0	0	0	0	0	0	0	0	0	0	0	0	255957	0	0	0	0	0	0	80332	0	0	0	0	0	657	0	0	0	0	777498	0	0	0	25581406	0
FFQ	9	0	0	0	0	0	0	0	0	0	0	0	0	0	0	258478	0	0	0	0	0	0	75815	0	0	0	0	0	485	0	0	0	0	779335	0	0	0	25581737	0
FFQ	10	0	0	0	0	0	0	0	0	0	0	0	0	0	0	259748	0	0	0	0	0	0	73984	0	0	0	0	0	462	0	0	0	0	792648	0	0	0	25569008	0
FFQ	11	0	0	0	0	0	0	0	0	0	0	0	0	0	0	258917	0	0	0	0	0	0	74896	0	0	0	0	0	324	0	0	0	0	797729	0	0	0	25563984	0
FFQ	12	0	0	0	0	0	0	0	0	0	0	0	0	0	0	256573	0	0	0	0	0	0	73351	0	0	0	0	0	303	0	0	0	0	804381	0	0	0	25561242	0
FFQ	13	0	0	0	0	0	0	0	0	0	0	0	0	0	0	259914	0	0	0	0	0	0	73978	0	0	0	0	0	375	0	0	0	0	820738	0	0	0	25540845	0
FFQ	14	0	0	0	0	0	0	0	0	0	0	0	0	0	0	260414	0	0	0	0	0	0	73198	0	0	0	0	0	278	0	0	0	0	829648	0	0	0	25532312	0
FFQ	15	0	0	0	0	0	0	0	0	0	0	0	0	0	0	258260	0	0	0	0	0	0	71434	0	0	0	0	0	635	0	0	0	0	841216	0	0	0	25524305	0
FFQ	16	0	0	0	0	0	0	0	0	0	0	0	0	0	0	256818	0	0	0	0	0	0	68468	0	0	0	0	0	1085	0	0	0	0	843324	0	0	0	25526155	0
FFQ	17	0	0	0	0	0	0	0	0	0	0	0	0	0	0	262950	0	0	0	0	0	0	69015	0	0	0	0	0	1270	0	0	0	0	869981	0	0	0	25492634	0
FFQ	18	0	0	0	0	0	0	0	0	0	0	0	0	0	0	263889	0	0	0	0	0	0	67168	0	0	0	0	0	2198	0	0	0	0	878862	0	0	0	25483733	0
FFQ	19	0	0	0	0	0	0	0	0	0	0	0	0	0	0	264994	0	0	0	0	0	0	66058	0	0	0	0	0	3205	0	0	0	0	891629	0	0	0	25469964	0
FFQ	20	0	0	0	0	0	0	0	0	0	0	0	0	0	0	266860	0	0	0	0	0	0	64151	0	0	0	0	0	5508	0	0	0	0	892672	0	0	0	25466659	0
FFQ	21	0	0	0	0	0	0	0	0	0	0	0	0	0	0	272242	0	0	0	0	0	0	63170	0	0	0	0	0	6412	0	0	0	0	912068	0	0	0	25441958	0
FFQ	22	0	0	307	0	0	0	0	0	0	0	0	0	0	0	282129	0	0	0	0	0	0	62578	0	0	0	0	0	11417	0	0	0	0	941792	0	0	0	25397627	0
FFQ	23	0	0	0	0	0	0	0	0	0	0	0	0	0	0	291167	0	0	0	0	0	0	60037	0	0	0	0	0	17909	0	0	0	0	963023	0	0	0	25363714	0
FFQ	24	0	0	1	0	0	0	0	0	0	0	0	0	0	0	293557	0	0	0	0	0	0	56437	0	0	0	0	0	26649	0	0	0	0	969959	0	0	0	25349247	0
FFQ	25	0	0	0	0	0	0	0	0	0	0	0	0	0	0	301953	0	0	0	0	0	0	54716	0	0	0	0	0	35977	0	0	0	0	980312	0	0	0	25322892	0
FFQ	26	0	0	57	0	0	0	0	0	0	0	0	0	0	0	313946	0	0	0	0	0	0	52760	0	0	0	0	0	47121	0	0	0	0	985142	0	0	0	25296824	0
FFQ	27	0	0	0	0	0	0	0	0	0	0	0	0	0	0	319083	0	0	0	0	0	0	50098	0	0	0	0	0	57036	0	0	0	0	992803	0	0	0	25276830	0
FFQ	28	0	0	0	0	0	0	0	0	0	0	0	0	0	0	324408	0	0	0	0	0	0	46314	0	0	0	0	0	73185	0	0	0	0	983894	0	0	0	25268049	0
FFQ	29	0	0	0	0	0	0	0	0	0	0	0	0	0	0	330001	0	0	0	0	0	0	43102	0	0	0	0	0	86843	0	0	0	0	982598	0	0	0	25253306	0
FFQ	30	0	0	0	0	0	0	0	0	0	0	0	0	0	0	333905	0	0	0	0	0	0	42263	0	0	0	0	0	93208	0	0	0	0	984717	0	0	0	25241757	0
FFQ	31	0	0	355	0	0	0	0	0	0	0	0	0	0	0	341141	0	0	0	0	0	0	39231	0	0	0	0	0	105708	0	0	0	0	990398	0	0	0	25219017	0
FFQ	32	0	0	0	0	0	0	0	0	0	0	0	0	0	0	342341	0	0	0	0	0	0	38563	0	0	0	0	0	111405	0	0	0	0	990852	0	0	0	25212689	0
FFQ	33	0	0	72	0	0	0	0	0	0	0	0	0	0	0	350799	0	0	0	0	0	0	37458	0	0	0	0	0	120186	0	0	0	0	1012731	0	0	0	25174604	0
FFQ	34	0	0	256	0	0	0	0	0	0	0	0	0	0	0	355087	0	0	0	0	0	0	35951	0	0	0	0	0	128807	0	0	0	0	1020328	0	0	0	25155421	0
FFQ	35	0	0	23	0	0	0	0	0	0	0	0	0	0	0	356881	0	0	0	0	0	0	35070	0	0	0	0	0	131018	0	0	0	0	1036084	0	0	0	25136774	0
FFQ	36	0	0	350	0	0	0	0	0	0	0	0	0	0	0	362776	0	0	0	0	0	0	34755	0	0	0	0	0	134895	0	0	0	0	1056650	0	0	0	25106424	0
FFQ	37	0	0	0	0	0	0	0	0	0	0	0	0	0	0	370691	0	0	0	0	0	0	33152	0	0	0	0	0	138237	0	0	0	0	1075195	0	0	0	25078575	0
FFQ	38	0	0	13	0	0	0	0	0	0	0	0	0	0	0	373303	0	0	0	0	0	0	32715	0	0	0	0	0	139091	0	0	0	0	1089662	0	0	0	25061066	0
FFQ	39	0	0	23	0	0	0	0	0	0	0	0	0	0	0	377119	0	0	0	0	0	0	31337	0	0	0	0	0	138793	0	0	0	0	1102497	0	0	0	25046081	0
FFQ	40	0	0	0	0	0	0	0	0	0	0	0	0	0	0	384386	0	0	0	0	0	0	29877	0	0	0	0	0	138133	0	0	0	0	1119703	0	0	0	25023751	0
FFQ	41	0	0	0	0	0	0	0	0	0	0	0	0	0	0	386499	0	0	0	0	0	0	29229	0	0	0	0	0	137922	0	0	0	0	1126694	0	0	0	25015506	0
FFQ	42	0	0	7	0	0	0	0	0	0	0	0	0	0	0	395269	0	0	0	0	0	0	27857	0	0	0	0	0	138849	0	0	0	0	1143577	0	0	0	24990291	0
FFQ	43	0	0	21	0	0	0	0	0	0	0	0	0	0	0	400243	0	0	0	0	0	0	25967	0	0	0	0	0	138376	0	0	0	0	1147133	0	0	0	24984110	0
FFQ	44	0	0	25	0	0	0	0	0	0	0	0	0	0	0	404068	0	0	0	0	0	0	24756	0	0	0	0	0	138746	0	0	0	0	1151903	0	0	0	24976352	0
FFQ	45	0	0	61	0	0	0	0	0	0	0	0	0	0	0	409804	0	0	0	0	0	0	23631	0	0	0	0	0	139165	0	0	0	0	1161862	0	0	0	24961327	0
FFQ	46	0	0	58	0	0	0	0	0	0	0	0	0	0	0	417070	0	0	0	0	0	0	22932	0	0	0	0	0	139462	0	0	0	0	1171590	0	0	0	24944738	0
FFQ	47	0	0	74	0	0	0	0	0	0	0	0	0	0	0	419469	0	0	0	0	0	0	22989	0	0	0	0	0	141248	0	0	0	0	1174772	0	0	0	24937298	0
FFQ	48	0	0	27	0	0	0	0	0	0	0	0	0	0	0	425206	0	0	0	0	0	0	23097	0	0	0	0	0	140704	0	0	0	0	1177098	0	0	0	24929718	0
FFQ	49	0	0	35	0	0	0	0	0	0	0	0	0	0	0	432076	0	0	0	0	0	0	23842	0	0	0	0	0	141634	0	0	0	0	1178997	0	0	0	24919266	0
FFQ	50	0	0	25	0	0	0	0	0	0	0	0	0	0	0	433440	0	0	0	0	0	0	27010	0	0	0	0	0	145388	0	0	0	0	1175634	0	0	0	24914353	0
FFQ	51	0	0	48	0	0	0	0	0	0	0	0	0	0	0	442094	0	0	0	0	0	0	30957	0	0	0	0	0	150449	0	0	0	0	1181182	0	0	0	24891120	0
FFQ	52	0	0	45	0	0	0	0	0	0	0	0	0	0	0	445161	0	0	0	0	0	0	35314	0	0	0	0	0	153951	0	0	0	0	1173266	0	0	0	24888113	0
FFQ	53	0	0	8	0	0	0	0	0	0	0	0	0	0	0	449965	0	0	0	0	0	0	37286	0	0	0	0	0	155605	0	0	0	0	1172976	0	0	0	24880010	0
FFQ	54	0	0	9	0	0	0	0	0	0	0	0	0	0	0	453953	0	0	0	0	0	0	48652	0	0	0	0	0	168074	0	0	0	0	1161212	0	0	0	24863950	0
FFQ	55	0	0	3	0	0	0	0	0	0	0	0	0	0	0	457468	0	0	0	0	0	0	58278	0	0	0	0	0	178592	0	0	0	0	1142066	0	0	0	24859443	0
FFQ	56	0	0	0	0	0	0	0	0	0	0	0	0	0	0	464853	0	0	0	0	0	0	66627	0	0	0	0	0	186830	0	0	0	0	1135089	0	0	0	24842451	0
FFQ	57	0	0	5	0	0	0	0	0	0	0	0	0	0	0	467895	0	0	0	0	0	0	79326	0	0	0	0	0	201922	0	0	0	0	1116882	0	0	0	24829820	0
FFQ	58	0	0	1	0	0	0	0	0	0	0	0	0	0	0	471435	0	0	0	0	0	0	91222	0	0	0	0	0	216939	0	0	0	0	1101771	0	0	0	24814482	0
FFQ	59	0	0	4	0	0	0	0	0	0	0	0	0	0	0	479604	0	0	0	0	0	0	104364	0	0	0	0	0	232875	0	0	0	0	1091998	0	0	0	24787005	0
FFQ	60	0	0	0	0	0	0	0	0	0	0	0	0	0	0	483070	0	0	0	0	0	0	116675	0	0	0	0	0	250035	0	0	0	0	1084219	0	0	0	24761851	0
FFQ	61	0	0	8	0	0	0	0	0	0	0	0	0	0	0	488366	0	0	0	0	0	0	125982	0	0	0	0	0	266763	0	0	0	0	1082075	0	0	0	24732518	0
FFQ	62	0	0	0	0	0	0	0	0	0	0	0	0	0	0	499639	0	0	0	0	0	0	135128	0	0	0	0	0	288282	0	0	0	0	1099685	0	0	0	24672849	0
FFQ	63	0	0	0	0	0	0	0	0	0	0	0	0	0	0	506152	0	0	0	0	0	0	140555	0	0	0	0	0	305682	0	0	0	0	1118254	0	0	0	24624807	0
FFQ	64	0	0	0	0	0	0	0	0	0	0	0	0	0	0	511821	0	0	0	0	0	0	146216	0	0	0	0	0	324643	0	0	0	0	1149445	0	0	0	24563189	0
FFQ	65	0	0	0	0	0	0	0	0	0	0	0	0	0	0	514776	0	0	0	0	0	0	152357	0	0	0	0	0	343482	0	0	0	0	1174472	0	0	0	24510075	0
FFQ	66	0	0	0	0	0	0	0	0	0	0	0	0	0	0	524382	0	0	0	0	0	0	157127	0	0	0	0	0	364029	0	0	0	0	1218113	0	0	0	24431335	0
FFQ	67	0	0	0	0	0	0	0	0	0	0	0	0	0	0	530040	0	0	0	0	0	0	156451	0	0	0	0	0	371560	0	0	0	0	1269177	0	0	0	24367562	0
FFQ	68	0	0	0	0	0	0	0	0	0	0	0	0	0	0	536219	0	0	0	0	0	0	155484	0	0	0	0	0	379401	0	0	0	0	1307690	0	0	0	24315819	0
FFQ	69	0	0	0	0	0	0	0	0	0	0	0	0	0	0	541162	0	0	0	0	0	0	157771	0	0	0	0	0	392143	0	0	0	0	1355050	0	0	0	24248276	0
FFQ	70	0	0	0	0	0	0	0	0	0	0	0	0	0	0	548921	0	0	0	0	0	0	156746	0	0	0	0	0	404069	0	0	0	0	1445555	0	0	0	24138910	0
FFQ	71	0	0	0	0	0	0	0	0	0	0	0	0	0	0	554379	0	0	0	0	0	0	156357	0	0	0	0	0	412899	0	0	0	0	1503659	0	0	0	24066647	0
FFQ	72	0	0	0	0	0	0	0	0	0	0	0	0	0	0	559670	0	0	0	0	0	0	155538	0	0	0	0	0	421251	0	0	0	0	1574954	0	0	0	23982273	0
FFQ	73	0	0	0	0	0	0	0	0	0	0	0	0	0	0	562145	0	0	0	0	0	0	155127	0	0	0	0	0	429369	0	0	0	0	1699641	0	0	0	23847132	0
FFQ	74	0	0	0	0	0	0	0	0	0	0	0	0	0	0	568464	0	0	0	0	0	0	154496	0	0	0	0	0	440975	0	0	0	0	1792779	0	0	0	23736336	0
FFQ	75	0	0	0	0	0	0	0	0	0	0	0	0	0	0	580404	0	0	0	0	0	0	155675	0	0	0	0	0	457175	0	0	0	0	1899046	0	0	0	23600411	0
FFQ	76	0	0	0	0	0	0	0	0	0	0	0	0	0	0	582456	0	0	0	0	0	0	156543	0	0	0	0	0	466292	0	0	0	0	1986250	0	0	0	23500843	0
FFQ	77	0	0	0	0	0	0	0	0	0	0	0	0	0	0	591534	0	0	0	0	0	0	156258	0	0	0	0	0	479265	0	0	0	0	2143588	0	0	0	23321382	0
FFQ	78	0	0	0	0	0	0	0	0	0	0	0	0	0	0	591350	0	0	0	0	0	0	156345	0	0	0	0	0	499832	0	0	0	0	2298984	0	0	0	23145151	0
FFQ	79	0	0	0	0	0	0	0	0	0	0	0	0	0	0	601833	0	0	0	0	0	0	156728	0	0	0	0	0	523556	0	0	0	0	2443084	0	0	0	22966005	0
FFQ	80	0	0	0	0	0	0	0	0	0	0	0	0	0	0	612543	0	0	0	0	0	0	159781	0	0	0	0	0	538714	0	0	0	0	2531479	0	0	0	22848239	0
FFQ	81	0	0	0	0	0	0	0	0	0	0	0	0	0	0	617315	0	0	0	0	0	0	159009	0	0	0	0	0	559241	0	0	0	0	2678019	0	0	0	22676656	0
FFQ	82	0	0	0	0	0	0	0	0	0	0	0	0	0	0	625555	0	0	0	0	0	0	158951	0	0	0	0	0	585479	0	0	0	0	2809120	0	0	0	22510594	0
FFQ	83	0	0	0	0	0	0	0	0	0	0	0	0	0	0	635815	0	0	0	0	0	0	159181	0	0	0	0	0	624167	0	0	0	0	3004933	0	0	0	22265032	0
FFQ	84	0	0	0	0	0	0	0	0	0	0	0	0	0	0	638199	0	0	0	0	0	0	159024	0	0	0	0	0	645720	0	0	0	0	3088416	0	0	0	22157138	0
FFQ	85	0	0	0	0	0	0	0	0	0	0	0	0	0	0	640390	0	0	0	0	0	0	159594	0	0	0	0	0	673121	0	0	0	0	3187934	0	0	0	22026797	0
FFQ	86	0	0	0	0	0	0	0	0	0	0	0	0	0	0	650648	0	0	0	0	0	0	159112	0	0	0	0	0	693055	0	0	0	0	3213442	0	0	0	21970888	0
FFQ	87	0	0	0	0	0	0	0	0	0	0	0	0	0	0	660082	0	0	0	0	0	0	159760	0	0	0	0	0	713789	0	0	0	0	3284378	0	0	0	21868414	0
FFQ	88	0	0	0	0	0	0	0	0	0	0	0	0	0	0	665012	0	0	0	0	0	0	159885	0	0	0	0	0	733218	0	0	0	0	3323406	0	0	0	21804046	0
FFQ	89	0	0	0	0	0	0	0	0	0	0	0	0	0	0	675732	0	0	0	0	0	0	159532	0	0	0	0	0	757662	0	0	0	0	3377567	0	0	0	21714183	0
FFQ	90	0	0	0	0	0	0	0	0	0	0	0	0	0	0	684340	0	0	0	0	0	0	160690	0	0	0	0	0	781135	0	0	0	0	3428034	0	0	0	21629517	0
FFQ	91	0	0	0	0	0	0	0	0	0	0	0	0	0	0	689249	0	0	0	0	0	0	160397	0	0	0	0	0	797618	0	0	0	0	3464754	0	0	0	21570684	0
FFQ	92	0	0	30	0	0	0	0	0	0	0	0	0	0	0	708114	0	0	0	0	0	0	159236	0	0	0	0	0	818386	0	0	0	0	3486919	0	0	0	21509013	0
FFQ	93	0	0	7	0	0	0	0	0	0	0	0	0	0	0	706218	0	0	0	0	0	0	158793	0	0	0	0	0	823812	0	0	0	0	3456082	0	0	0	21535680	0
FFQ	94	0	0	19	0	0	0	0	0	0	0	0	0	0	0	720108	0	0	0	0	0	0	157409	0	0	0	0	0	836623	0	0	0	0	3463007	0	0	0	21502162	0
FFQ	95	0	0	12	0	0	0	0	0	0	0	0	0	0	0	722182	0	0	0	0	0	0	158809	0	0	0	0	0	842598	0	0	0	0	3454185	0	0	0	21500200	0
FFQ	96	0	0	0	0	0	0	0	0	0	0	0	0	0	0	730996	0	0	0	0	0	0	162958	0	0	0	0	0	859384	0	0	0	0	3481581	0	0	0	21441767	0
FFQ	97	0	0	0	0	0	0	0	0	0	0	0	0	0	0	747596	0	0	0	0	0	0	165341	0	0	0	0	0	874751	0	0	0	0	3515404	0	0	0	21372091	0
FFQ	98	0	0	0	0	0	0	0	0	0	0	0	0	0	0	751398	0	0	0	0	0	0	166755	0	0	0	0	0	878508	0	0	0	0	3523290	0	0	0	21353803	0
FFQ	99	0	0	0	0	0	0	0	0	0	0	0	0	0	0	762593	0	0	0	0	0	0	171393	0	0	0	0	0	880197	0	0	0	0	3499493	0	0	0	21358461	0
FFQ	100	0	0	6	0	0	0	0	0	0	0	0	0	0	0	774194	0	0	0	0	0	0	174495	0	0	0	0	0	885763	0	0	0	0	3502643	0	0	0	21333270	0
FFQ	101	0	0	68	0	0	0	0	0	0	0	0	0	0	0	779776	0	0	0	0	0	0	182040	0	0	0	0	0	890222	0	0	0	0	3491428	0	0	0	21324991	0
FFQ	102	0	0	46	0	0	0	0	0	0	0	0	0	0	0	786425	0	0	0	0	0	0	191831	0	0	0	0	0	894125	0	0	0	0	3508322	0	0	0	21285860	0
FFQ	103	0	0	0	0	0	0	0	0	0	0	0	0	0	0	805868	0	0	0	0	0	0	197573	0	0	0	0	0	907247	0	0	0	0	3551622	0	0	0	21202345	0
FFQ	104	0	0	0	0	0	0	0	0	0	0	0	0	0	0	814143	0	0	0	0	0	0	210672	0	0	0	0	0	917104	0	0	0	0	3635441	0	0	0	21085262	0
FFQ	105	0	0	0	0	0	0	0	0	0	0	0	0	0	0	820640	0	0	0	0	0	0	221982	0	0	0	0	0	929246	0	0	0	0	3678981	0	0	0	21009702	0
FFQ	106	0	0	0	0	0	0	0	0	0	0	0	0	0	0	835998	0	0	0	0	0	0	230649	0	0	0	0	0	942234	0	0	0	0	3745550	0	0	0	20903850	0
FFQ	107	0	0	0	0	0	0	0	0	0	0	0	0	0	0	844998	0	0	0	0	0	0	234728	0	0	0	0	0	951089	0	0	0	0	3781162	0	0	0	20843987	0
FFQ	108	0	0	0	0	0	0	0	0	0	0	0	0	0	0	851067	0	0	0	0	0	0	248998	0	0	0	0	0	957216	0	0	0	0	3930816	0	0	0	20665347	0
FFQ	109	0	0	0	0	0	0	0	0	0	0	0	0	0	0	869169	0	0	0	0	0	0	251198	0	0	0	0	0	971836	0	0	0	0	3971998	0	0	0	20586537	0
FFQ	110	0	0	0	0	0	0	0	0	0	0	0	0	0	0	873322	0	0	0	0	0	0	258922	0	0	0	0	0	977123	0	0	0	0	4070587	0	0	0	20467972	0
FFQ	111	0	0	0	0	0	0	0	0	0	0	0	0	0	0	880193	0	0	0	0	0	0	264909	0	0	0	0	0	1000641	0	0	0	0	4194130	0	0	0	20305288	0
FFQ	112	0	0	0	0	0	0	0	0	0	0	0	0	0	0	888993	0	0	0	0	0	0	267045	0	0	0	0	0	1013261	0	0	0	0	4190217	0	0	0	20282711	0
FFQ	113	0	0	0	0	0	0	0	0	0	0	0	0	0	0	888790	0	0	0	0	0	0	275021	0	0	0	0	0	1052246	0	0	0	0	4316570	0	0	0	20106576	0
FFQ	114	0	0	0	0	0	0	0	0	0	0	0	0	0	0	903369	0	0	0	0	0	0	279177	0	0	0	0	0	1065874	0	0	0	0	4380490	0	0	0	20006993	0
FFQ	115	0	0	0	0	0	0	0	0	0	0	0	0	0	0	913913	0	0	0	0	0	0	280942	0	0	0	0	0	1128242	0	0	0	0	4454682	0	0	0	19854838	0
FFQ	116	0	0	0	0	0	0	0	0	0	0	0	0	0	0	914769	0	0	0	0	0	0	284350	0	0	0	0	0	1203210	0	0	0	0	4523279	0	0	0	19703587	0
FFQ	117	0	0	0	0	0	0	0	0	0	0	0	0	0	0	931258	0	0	0	0	0	0	285600	0	0	0	0	0	1210188	0	0	0	0	4653453	0	0	0	19545109	0
FFQ	118	0	0	0	0	0	0	0	0	0	0	0	0	0	0	955260	0	0	0	0	0	0	289595	0	0	0	0	0	1290469	0	0	0	0	4742031	0	0	0	19344603	0
FFQ	119	0	0	0	0	0	0	0	0	0	0	0	0	0	0	956540	0	0	0	0	0	0	291450	0	0	0	0	0	1326305	0	0	0	0	4777046	0	0	0	19266627	0
FFQ	120	0	0	0	0	0	0	0	0	0	0	0	0	0	0	954700	0	0	0	0	0	0	289939	0	0	0	0	0	1414232	0	0	0	0	4847329	0	0	0	19107664	0
FFQ	121	0	0	0	0	0	0	0	0	0	0	0	0	0	0	966697	0	0	0	0	0	0	289155	0	0	0	0	0	1467308	0	0	0	0	4874132	0	0	0	19012382	0
FFQ	122	0	0	0	0	0	0	0	0	0	0	0	0	0	0	982481	0	0	0	0	0	0	290291	0	0	0	0	0	1523523	0	0	0	0	4922686	0	0	0	18886492	0
FFQ	123	0	0	0	0	0	0	0	0	0	0	0	0	0	0	995099	0	0	0	0	0	0	292473	0	0	0	0	0	1613659	0	0	0	0	5188039	0	0	0	18511821	0
FFQ	124	0	0	0	0	0	0	0	0	0	0	0	0	0	0	1005209	0	0	0	0	0	0	294945	0	0	0	0	0	1660630	0	0	0	0	5231578	0	0	0	18404172	0
FFQ	125	0	0	0	0	0	0	0	0	0	0	0	0	0	0	1013347	0	0	0	0	0	0	294666	0	0	0	0	0	1702767	0	0	0	0	5381670	0	0	0	18199321	0
FFQ	126	0	0	0	0	0	0	0	0	0	0	0	0	0	0	1013917	0	0	0	0	0	0	298013	0	0	0	0	0	1794450	0	0	0	0	5685785	0	0	0	17794686	0
FFQ	127	0	0	0	0	0	0	0	0	0	0	0	0	0	0	1034647	0	0	0	0	0	0	297260	0	0	0	0	0	1847144	0	0	0	0	5985150	0	0	0	17417610	0
FFQ	128	0	0	0	0	0	0	0	0	0	0	0	0	0	0	1046403	0	0	0	0	0	0	302213	0	0	0	0	0	1890454	0	0	0	0	6163861	0	0	0	17173713	0
FFQ	129	0	0	0	0	0	0	0	0	0	0	0	0	0	0	1064138	0	0	0	0	0	0	302504	0	0	0	0	0	1893397	0	0	0	0	6167636	0	0	0	17143673	0
FFQ	130	0	0	0	0	0	0	0	0	0	0	0	0	0	0	1086365	0	0	0	0	0	0	313482	0	0	0	0	0	1971789	0	0	0	0	6495688	0	0	0	16698544	0
FFQ	131	0	0	0	0	0	0	0	0	0	0	0	0	0	0	1085536	0	0	0	0	0	0	324104	0	0	0	0	0	2019213	0	0	0	0	6616454	0	0	0	16514877	0
FFQ	132	0	0	0	0	0	0	0	0	0	0	0	0	0	0	1109711	0	0	0	0	0	0	329008	0	0	0	0	0	2060812	0	0	0	0	6946994	0	0	0	16107859	0
FFQ	133	0	0	0	0	0	0	0	0	0	0	0	0	0	0	1122444	0	0	0	0	0	0	337397	0	0	0	0	0	2098193	0	0	0	0	7018221	0	0	0	15972046	0
FFQ	134	0	0	0	0	0	0	0	0	0	0	0	0	0	0	1152096	0	0	0	0	0	0	343285	0	0	0	0	0	2144009	0	0	0	0	7179549	0	0	0	15723140	0
FFQ	135	0	0	0	0	0	0	0	0	0	0	0	0	0	0	1154964	0	0	0	0	0	0	353816	0	0	0	0	0	2175195	0	0	0	0	7298911	0	0	0	15552786	0
FFQ	136	0	0	0	0	0	0	0	0	0	0	0	0	0	0	1194239	0	0	0	0	0	0	363598	0	0	0	0	0	2283102	0	0	0	0	7587054	0	0	0	15101253	0
FFQ	137	0	0	0	0	0	0	0	0	0	0	0	0	0	0	1209886	0	0	0	0	0	0	375074	0	0	0	0	0	2315758	0	0	0	0	7617833	0	0	0	15003867	0
FFQ	138	0	0	0	0	0	0	0	0	0	0	0	0	0	0	1233846	0	0	0	0	0	0	379434	0	0	0	0	0	2346351	0	0	0	0	7718811	0	0	0	14836840	0
FFQ	139	0	0	0	0	0	0	0	0	0	0	0	0	0	0	1229425	0	0	0	0	0	0	389062	0	0	0	0	0	2524625	0	0	0	0	7987682	0	0	0	14376884	0
FFQ	140	0	0	0	0	0	0	0	0	0	0	0	0	0	0	1251725	0	0	0	0	0	0	392894	0	0	0	0	0	2525708	0	0	0	0	7942124	0	0	0	14386905	0
FFQ	141	0	0	0	0	0	0	0	0	0	0	0	0	0	0	1262511	0	0	0	0	0	0	406552	0	0	0	0	0	2660950	0	0	0	0	8091229	0	0	0	14067911	0
FFQ	142	0	0	0	0	0	0	0	0	0	0	0	0	0	0	1299658	0	0	0	0	0	0	411197	0	0	0	0	0	2855449	0	0	0	0	8368994	0	0	0	13540231	0
FFQ	143	0	0	0	0	0	0	0	0	0	0	0	0	0	0	1311573	0	0	0	0	0	0	424469	0	0	0	0	0	2967529	0	0	0	0	8483688	0	0	0	13273379	0
FFQ	144	0	0	0	0	0	0	0	0	0	0	0	0	0	0	1335153	0	0	0	0	0	0	434954	0	0	0	0	0	3086297	0	0	0	0	8612303	0	0	0	12983342	0
FFQ	145	0	0	0	0	0	0	0	0	0	0	0	0	0	0	1368682	0	0	0	0	0	0	448419	0	0	0	0	0	3267304	0	0	0	0	8799457	0	0	0	12557899	0
FFQ	146	0	0	0	0	0	0	0	0	0	0	0	0	0	0	1370551	0	0	0	0	0	0	460150	0	0	0	0	0	3377991	0	0	0	0	8882337	0	0	0	12333861	0
FFQ	147	0	0	0	0	0	0	0	0	0	0	0	0	0	0	1371334	0	0	0	0	0	0	484351	0	0	0	0	0	3555865	0	0	0	0	9045125	0	0	0	11938235	0
FFQ	148	0	0	0	0	0	0	0	0	0	0	0	0	0	0	1406425	0	0	0	0	0	0	506447	0	0	0	0	0	3777440	0	0	0	0	9200452	0	0	0	11415223	0
FFQ	149	0	0	0	0	0	0	0	0	0	0	0	0	0	0	1406275	0	0	0	0	0	0	593876	0	0	0	0	0	4067673	0	0	0	0	9366499	0	0	0	10576981	0
FFQ	150	0	0	0	0	0	0	0	0	0	0	0	0	0	0	1325097	0	0	0	0	0	0	576303	0	0	0	0	0	3963783	0	0	0	0	9075332	0	0	0	9744074	0
FFQ	151	0	0	0	0	0	0	0	0	0	0	0	0	0	0	2870706	0	0	0	0	0	0	1701008	0	0	0	0	0	5971526	0	0	0	0	5122036	0	0	0	3808915	0
# Last Fragment Qualities. Use `grep ^LFQ | cut -f 2-` to extract this part.
# Columns correspond to qualities and rows to cycles. First column is the cycle number.
LFQ	1	0	0	461	0	0	0	0	0	0	0	0	0	0	0	508836	0	0	0	0	0	0	262986	0	0	0	0	0	11013	0	0	0	0	25912554	0	0	0	0	0
LFQ	2	0	0	0	0	0	0	0	0	0	0	0	0	0	0	540989	0	0	0	0	0	0	219251	0	0	0	0	0	5794	0	0	0	0	25929816	0	0	0	0	0
LFQ	3	0	0	0	0	0	0	0	0	0	0	0	0	0	0	376156	0	0	0	0	0	0	200594	0	0	0	0	0	4344	0	0	0	0	26114756	0	0	0	0	0
LFQ	4	0	0	0	0	0	0	0	0	0	0	0	0	0	0	349897	0	0	0	0	0	0	203272	0	0	0	0	0	3837	0	0	0	0	26138844	0	0	0	0	0
LFQ	5	0	0	0	0	0	0	0	0	0	0	0	0	0	0	340750	0	0	0	0	0	0	184109	0	0	0	0	0	3136	0	0	0	0	26167855	0	0	0	0	0
LFQ	6	0	0	0	0	0	0	0	0	0	0	0	0	0	0	343040	0	0	0	0	0	0	176339	0	0	0	0	0	2725	0	0	0	0	731791	0	0	0	25441955	0
LFQ	7	0	0	0	0	0	0	0	0	0	0	0	0	0	0	351519	0	0	0	0	0	0	165346	0	0	0	0	0	2366	0	0	0	0	760009	0	0	0	25416610	0
LFQ	8	0	0	0	0	0	0	0	0	0	0	0	0	0	0	357120	0	0	0	0	0	0	159092	0	0	0	0	0	1973	0	0	0	0	782592	0	0	0	25395073	0
LFQ	9	0	0	0	0	0	0	0	0	0	0	0	0	0	0	363912	0	0	0	0	0	0	151498	0	0	0	0	0	1713	0	0	0	0	787415	0	0	0	25391312	0
LFQ	10	0	0	3	0	0	0	0	0	0	0	0	0	0	0	366248	0	0	0	0	0	0	150274	0	0	0	0	0	1869	0	0	0	0	792817	0	0	0	25384639	0
LFQ	11	0	0	0	0	0	0	0	0	0	0	0	0	0	0	363748	0	0	0	0	0	0	149674	0	0	0	0	0	1651	0	0	0	0	795419	0	0	0	25385358	0
LFQ	12	0	0	7	0	0	0	0	0	0	0	0	0	0	0	365486	0	0	0	0	0	0	147711	0	0	0	0	0	1783	0	0	0	0	793371	0	0	0	25387492	0
LFQ	13	0	0	30	0	0	0	0	0	0	0	0	0	0	0	366234	0	0	0	0	0	0	147485	0	0	0	0	0	2605	0	0	0	0	792799	0	0	0	25386697	0
LFQ	14	0	0	0	0	0	0	0	0	0	0	0	0	0	0	367492	0	0	0	0	0	0	146625	0	0	0	0	0	2399	0	0	0	0	794554	0	0	0	25384780	0
LFQ	15	0	0	0	0	0	0	0	0	0	0	0	0	0	0	367867	0	0	0	0	0	0	144627	0	0	0	0	0	2819	0	0	0	0	791352	0	0	0	25389185	0
LFQ	16	0	0	0	0	0	0	0	0	0	0	0	0	0	0	370359	0	0	0	0	0	0	146015	0	0	0	0	0	3733	0	0	0	0	793914	0	0	0	25381829	0
LFQ	17	0	0	0	0	0	0	0	0	0	0	0	0	0	0	374683	0	0	0	0	0	0	144084	0	0	0	0	0	4802	0	0	0	0	799506	0	0	0	25372775	0
LFQ	18	0	0	25	0	0	0	0	0	0	0	0	0	0	0	373454	0	0	0	0	0	0	143534	0	0	0	0	0	6171	0	0	0	0	796650	0	0	0	25376016	0
LFQ	19	0	0	0	0	0	0	0	0	0	0	0	0	0	0	377920	0	0	0	0	0	0	140101	0	0	0	0	0	9701	0	0	0	0	793047	0	0	0	25375081	0
LFQ	20	0	0	1	0	0	0	0	0	0	0	0	0	0	0	384481	0	0	0	0	0	0	137784	0	0	0	0	0	13611	0	0	0	0	793386	0	0	0	25366587	0
LFQ	21	0	0	0	0	0	0	0	0	0	0	0	0	0	0	388803	0	0	0	0	0	0	132856	0	0	0	0	0	18612	0	0	0	0	789784	0	0	0	25365795	0
LFQ	22	0	0	6	0	0	0	0	0	0	0	0	0	0	0	398128	0	0	0	0	0	0	128168	0	0	0	0	0	25573	0	0	0	0	787262	0	0	0	25356713	0
LFQ	23	0	0	0	0	0	0	0	0	0	0	0	0	0	0	404398	0	0	0	0	0	0	124353	0	0	0	0	0	30694	0	0	0	0	784833	0	0	0	25351572	0
LFQ	24	0	0	0	0	0	0	0	0	0	0	0	0	0	0	409040	0	0	0	0	0	0	117872	0	0	0	0	0	37541	0	0	0	0	776487	0	0	0	25354910	0
LFQ	25	0	0	0	0	0	0	0	0	0	0	0	0	0	0	418618	0	0	0	0	0	0	112121	0	0	0	0	0	45523	0	0	0	0	773647	0	0	0	25345941	0
LFQ	26	0	0	0	0	0	0	0	0	0	0	0	0	0	0	429480	0	0	0	0	0	0	106312	0	0	0	0	0	52007	0	0	0	0	770468	0	0	0	25337583	0
LFQ	27	0	0	0	0	0	0	0	0	0	0	0	0	0	0	434273	0	0	0	0	0	0	100853	0	0	0	0	0	58987	0	0	0	0	765598	0	0	0	25336139	0
LFQ	28	0	0	0	0	0	0	0	0	0	0	0	0	0	0	446064	0	0	0	0	0	0	98572	0	0	0	0	0	63796	0	0	0	0	768640	0	0	0	25318778	0
LFQ	29	0	0	2	0	0	0	0	0	0	0	0	0	0	0	450264	0	0	0	0	0	0	94585	0	0	0	0	0	68885	0	0	0	0	771151	0	0	0	25310963	0
LFQ	30	0	0	34	0	0	0	0	0	0	0	0	0	0	0	453519	0	0	0	0	0	0	92580	0	0	0	0	0	70956	0	0	0	0	773252	0	0	0	25305509	0
LFQ	31	0	0	0	0	0	0	0	0	0	0	0	0	0	0	459967	0	0	0	0	0	0	88680	0	0	0	0	0	74431	0	0	0	0	776437	0	0	0	25296335	0
LFQ	32	0	0	3	0	0	0	0	0	0	0	0	0	0	0	468871	0	0	0	0	0	0	87973	0	0	0	0	0	76422	0	0	0	0	785818	0	0	0	25276763	0
LFQ	33	0	0	0	0	0	0	0	0	0	0	0	0	0	0	469233	0	0	0	0	0	0	84729	0	0	0	0	0	76220	0	0	0	0	784862	0	0	0	25280806	0
LFQ	34	0	0	0	0	0	0	0	0	0	0	0	0	0	0	481863	0	0	0	0	0	0	83191	0	0	0	0	0	78153	0	0	0	0	792275	0	0	0	25260368	0
LFQ	35	0	0	0	0	0	0	0	0	0	0	0	0	0	0	485139	0	0	0	0	0	0	80006	0	0	0	0	0	79060	0	0	0	0	800928	0	0	0	25250717	0
LFQ	36	0	0	9	0	0	0	0	0	0	0	0	0	0	0	489595	0	0	0	0	0	0	75744	0	0	0	0	0	79150	0	0	0	0	802099	0	0	0	25249253	0
LFQ	37	0	0	0	0	0	0	0	0	0	0	0	0	0	0	498829	0	0	0	0	0	0	72045	0	0	0	0	0	78930	0	0	0	0	807635	0	0	0	25238411	0
LFQ	38	0	0	7	0	0	0	0	0	0	0	0	0	0	0	509081	0	0	0	0	0	0	69012	0	0	0	0	0	80268	0	0	0	0	817515	0	0	0	25219967	0
LFQ	39	0	0	80	0	0	0	0	0	0	0	0	0	0	0	515483	0	0	0	0	0	0	65787	0	0	0	0	0	79940	0	0	0	0	821173	0	0	0	25213387	0
LFQ	40	0	0	21	0	0	0	0	0	0	0	0	0	0	0	521506	0	0	0	0	0	0	63361	0	0	0	0	0	79367	0	0	0	0	823141	0	0	0	25208454	0
LFQ	41	0	0	76	0	0	0	0	0	0	0	0	0	0	0	528201	0	0	0	0	0	0	61133	0	0	0	0	0	79416	0	0	0	0	830181	0	0	0	25196843	0
LFQ	42	0	0	110	0	0	0	0	0	0	0	0	0	0	0	532728	0	0	0	0	0	0	59095	0	0	0	0	0	80479	0	0	0	0	828194	0	0	0	25195244	0
LFQ	43	0	0	0	0	0	0	0	0	0	0	0	0	0	0	538615	0	0	0	0	0	0	58329	0	0	0	0	0	81163	0	0	0	0	835756	0	0	0	25181987	0
LFQ	44	0	0	78	0	0	0	0	0	0	0	0	0	0	0	546239	0	0	0	0	0	0	57024	0	0	0	0	0	81621	0	0	0	0	840553	0	0	0	25170335	0
LFQ	45	0	0	165	0	0	0	0	0	0	0	0	0	0	0	549093	0	0	0	0	0	0	55981	0	0	0	0	0	81340	0	0	0	0	841616	0	0	0	25167655	0
LFQ	46	0	0	15	0	0	0	0	0	0	0	0	0	0	0	552116	0	0	0	0	0	0	56616	0	0	0	0	0	84755	0	0	0	0	844278	0	0	0	25158070	0
LFQ	47	0	0	301	0	0	0	0	0	0	0	0	0	0	0	561334	0	0	0	0	0	0	58374	0	0	0	0	0	87465	0	0	0	0	846110	0	0	0	25142266	0
LFQ	48	0	0	448	0	0	0	0	0	0	0	0	0	0	0	564154	0	0	0	0	0	0	62866	0	0	0	0	0	91056	0	0	0	0	840189	0	0	0	25137137	0
LFQ	49	0	0	1100	0	0	0	0	0	0	0	0	0	0	0	566153	0	0	0	0	0	0	64403	0	0	0	0	0	95069	0	0	0	0	845814	0	0	0	25123311	0
LFQ	50	0	0	338	0	0	0	0	0	0	0	0	0	0	0	570892	0	0	0	0	0	0	70541	0	0	0	0	0	102186	0	0	0	0	832372	0	0	0	25119521	0
LFQ	51	0	0	153	0	0	0	0	0	0	0	0	0	0	0	569820	0	0	0	0	0	0	74840	0	0	0	0	0	108138	0	0	0	0	822130	0	0	0	25120769	0
LFQ	52	0	0	82	0	0	0	0	0	0	0	0	0	0	0	580680	0	0	0	0	0	0	83380	0	0	0	0	0	120586	0	0	0	0	814780	0	0	0	25096342	0
LFQ	53	0	0	85	0	0	0	0	0	0	0	0	0	0	0	582884	0	0	0	0	0	0	89609	0	0	0	0	0	128370	0	0	0	0	808740	0	0	0	25086162	0
LFQ	54	0	0	158	0	0	0	0	0	0	0	0	0	0	0	587178	0	0	0	0	0	0	99656	0	0	0	0	0	142988	0	0	0	0	794425	0	0	0	25071445	0
LFQ	55	0	0	13	0	0	0	0	0	0	0	0	0	0	0	595833	0	0	0	0	0	0	107435	0	0	0	0	0	153602	0	0	0	0	788034	0	0	0	25050933	0
LFQ	56	0	0	55	0	0	0	0	0	0	0	0	0	0	0	599828	0	0	0	0	0	0	112927	0	0	0	0	0	161399	0	0	0	0	780602	0	0	0	25041039	0
LFQ	57	0	0	348	0	0	0	0	0	0	0	0	0	0	0	598541	0	0	0	0	0	0	120565	0	0	0	0	0	174485	0	0	0	0	783526	0	0	0	25018385	0
LFQ	58	0	0	66	0	0	0	0	0	0	0	0	0	0	0	606252	0	0	0	0	0	0	125935	0	0	0	0	0	185973	0	0	0	0	791559	0	0	0	24986065	0
LFQ	59	0	0	97	0	0	0	0	0	0	0	0	0	0	0	609921	0	0	0	0	0	0	128282	0	0	0	0	0	195849	0	0	0	0	820541	0	0	0	24941160	0
LFQ	60	0	0	394	0	0	0	0	0	0	0	0	0	0	0	615990	0	0	0	0	0	0	129632	0	0	0	0	0	201755	0	0	0	0	843168	0	0	0	24904911	0
LFQ	61	0	0	135	0	0	0	0	0	0	0	0	0	0	0	632340	0	0	0	0	0	0	132025	0	0	0	0	0	214481	0	0	0	0	898382	0	0	0	24818258	0
LFQ	62	0	0	64	0	0	0	0	0	0	0	0	0	0	0	641147	0	0	0	0	0	0	131456	0	0	0	0	0	221209	0	0	0	0	933917	0	0	0	24767609	0
LFQ	63	0	0	37	0	0	0	0	0	0	0	0	0	0	0	640607	0	0	0	0	0	0	131581	0	0	0	0	0	226788	0	0	0	0	993793	0	0	0	24702344	0
LFQ	64	0	0	11	0	0	0	0	0	0	0	0	0	0	0	644935	0	0	0	0	0	0	129863	0	0	0	0	0	235948	0	0	0	0	1074031	0	0	0	24610080	0
LFQ	65	0	0	254	0	0	0	0	0	0	0	0	0	0	0	656788	0	0	0	0	0	0	131546	0	0	0	0	0	244443	0	0	0	0	1137256	0	0	0	24524255	0
LFQ	66	0	0	189	0	0	0	0	0	0	0	0	0	0	0	658929	0	0	0	0	0	0	130058	0	0	0	0	0	249434	0	0	0	0	1193797	0	0	0	24461839	0
LFQ	67	0	0	228	0	0	0	0	0	0	0	0	0	0	0	663927	0	0	0	0	0	0	128731	0	0	0	0	0	252070	0	0	0	0	1279822	0	0	0	24369140	0
LFQ	68	0	0	419	0	0	0	0	0	0	0	0	0	0	0	672030	0	0	0	0	0	0	128228	0	0	0	0	0	257717	0	0	0	0	1367368	0	0	0	24267912	0
LFQ	69	0	0	101	0	0	0	0	0	0	0	0	0	0	0	675238	0	0	0	0	0	0	127383	0	0	0	0	0	264219	0	0	0	0	1452279	0	0	0	24174057	0
LFQ	70	0	0	191	0	0	0	0	0	0	0	0	0	0	0	685949	0	0	0	0	0	0	129051	0	0	0	0	0	273032	0	0	0	0	1520491	0	0	0	24084150	0
LFQ	71	0	0	169	0	0	0	0	0	0	0	0	0	0	0	691356	0	0	0	0	0	0	130138	0	0	0	0	0	283512	0	0	0	0	1588134	0	0	0	23999055	0
LFQ	72	0	0	260	0	0	0	0	0	0	0	0	0	0	0	698498	0	0	0	0	0	0	130925	0	0	0	0	0	298141	0	0	0	0	1633596	0	0	0	23930407	0
LFQ	73	0	0	174	0	0	0	0	0	0	0	0	0	0	0	702929	0	0	0	0	0	0	132095	0	0	0	0	0	329557	0	0	0	0	1719445	0	0	0	23807014	0
LFQ	74	0	0	213	0	0	0	0	0	0	0	0	0	0	0	706512	0	0	0	0	0	0	131661	0	0	0	0	0	350247	0	0	0	0	1775834	0	0	0	23726011	0
LFQ	75	0	0	52	0	0	0	0	0	0	0	0	0	0	0	708877	0	0	0	0	0	0	130353	0	0	0	0	0	367672	0	0	0	0	1803354	0	0	0	23679453	0
LFQ	76	0	0	54	0	0	0	0	0	0	0	0	0	0	0	719842	0	0	0	0	0	0	131421	0	0	0	0	0	397353	0	0	0	0	1857398	0	0	0	23582982	0
LFQ	77	0	0	8	0	0	0	0	0	0	0	0	0	0	0	724829	0	0	0	0	0	0	133062	0	0	0	0	0	419398	0	0	0	0	1892174	0	0	0	23518796	0
LFQ	78	0	0	195	0	0	0	0	0	0	0	0	0	0	0	725638	0	0	0	0	0	0	135158	0	0	0	0	0	462108	0	0	0	0	1946789	0	0	0	23417680	0
LFQ	79	0	0	23	0	0	0	0	0	0	0	0	0	0	0	733465	0	0	0	0	0	0	136857	0	0	0	0	0	479908	0	0	0	0	1980113	0	0	0	23356439	0
LFQ	80	0	0	270	0	0	0	0	0	0	0	0	0	0	0	741409	0	0	0	0	0	0	137647	0	0	0	0	0	502283	0	0	0	0	2017847	0	0	0	23286633	0
LFQ	81	0	0	23	0	0	0	0	0	0	0	0	0	0	0	749002	0	0	0	0	0	0	138932	0	0	0	0	0	517504	0	0	0	0	2037386	0	0	0	23242415	0
LFQ	82	0	0	9	0	0	0	0	0	0	0	0	0	0	0	760461	0	0	0	0	0	0	140811	0	0	0	0	0	537445	0	0	0	0	2071841	0	0	0	23173883	0
LFQ	83	0	0	15	0	0	0	0	0	0	0	0	0	0	0	762762	0	0	0	0	0	0	140296	0	0	0	0	0	555410	0	0	0	0	2079570	0	0	0	23145601	0
LFQ	84	0	0	53	0	0	0	0	0	0	0	0	0	0	0	767431	0	0	0	0	0	0	139355	0	0	0	0	0	562282	0	0	0	0	2083540	0	0	0	23130168	0
LFQ	85	0	0	195	0	0	0	0	0	0	0	0	0	0	0	778866	0	0	0	0	0	0	139515	0	0	0	0	0	574684	0	0	0	0	2088964	0	0	0	23099774	0
LFQ	86	0	0	182	0	0	0	0	0	0	0	0	0	0	0	787459	0	0	0	0	0	0	139580	0	0	0	0	0	583090	0	0	0	0	2099550	0	0	0	23071284	0
LFQ	87	0	0	124	0	0	0	0	0	0	0	0	0	0	0	789994	0	0	0	0	0	0	134913	0	0	0	0	0	588915	0	0	0	0	2097700	0	0	0	23068583	0
LFQ	88	0	0	62	0	0	0	0	0	0	0	0	0	0	0	804095	0	0	0	0	0	0	133600	0	0	0	0	0	594683	0	0	0	0	2098333	0	0	0	23048446	0
LFQ	89	0	0	59	0	0	0	0	0	0	0	0	0	0	0	812649	0	0	0	0	0	0	133282	0	0	0	0	0	602390	0	0	0	0	2110163	0	0	0	23019595	0
LFQ	90	0	0	338	0	0	0	0	0	0	0	0	0	0	0	818228	0	0	0	0	0	0	130991	0	0	0	0	0	601835	0	0	0	0	2109228	0	0	0	23016424	0
LFQ	91	0	0	211	0	0	0	0	0	0	0	0	0	0	0	833323	0	0	0	0	0	0	129804	0	0	0	0	0	616791	0	0	0	0	2132247	0	0	0	22963563	0
LFQ	92	0	0	244	0	0	0	0	0	0	0	0	0	0	0	847622	0	0	0	0	0	0	130923	0	0	0	0	0	628606	0	0	0	0	2154802	0	0	0	22912560	0
LFQ	93	0	0	909	0	0	0	0	0	0	0	0	0	0	0	859336	0	0	0	0	0	0	132474	0	0	0	0	0	635674	0	0	0	0	2172011	0	0	0	22873221	0
LFQ	94	0	0	714	0	0	0	0	0	0	0	0	0	0	0	863481	0	0	0	0	0	0	134305	0	0	0	0	0	644123	0	0	0	0	2179747	0	0	0	22849929	0
LFQ	95	0	0	717	0	0	0	0	0	0	0	0	0	0	0	884098	0	0	0	0	0	0	134734	0	0	0	0	0	658518	0	0	0	0	2193531	0	0	0	22799272	0
LFQ	96	0	0	1245	0	0	0	0	0	0	0	0	0	0	0	890584	0	0	0	0	0	0	139403	0	0	0	0	0	665606	0	0	0	0	2198986	0	0	0	22773657	0
LFQ	97	0	0	456	0	0	0	0	0	0	0	0	0	0	0	899447	0	0	0	0	0	0	143496	0	0	0	0	0	675666	0	0	0	0	2209230	0	0	0	22739564	0
LFQ	98	0	0	724	0	0	0	0	0	0	0	0	0	0	0	904230	0	0	0	0	0	0	151977	0	0	0	0	0	688703	0	0	0	0	2220427	0	0	0	22700230	0
LFQ	99	0	0	283	0	0	0	0	0	0	0	0	0	0	0	912158	0	0	0	0	0	0	159827	0	0	0	0	0	707396	0	0	0	0	2251169	0	0	0	22633661	0
LFQ	100	0	0	341	0	0	0	0	0	0	0	0	0	0	0	924299	0	0	0	0	0	0	168076	0	0	0	0	0	723344	0	0	0	0	2263327	0	0	0	22583087	0
LFQ	101	0	0	24	0	0	0	0	0	0	0	0	0	0	0	926480	0	0	0	0	0	0	172962	0	0	0	0	0	727456	0	0	0	0	2277046	0	0	0	22556193	0
LFQ	102	0	0	10	0	0	0	0	0	0	0	0	0	0	0	930922	0	0	0	0	0	0	177252	0	0	0	0	0	735792	0	0	0	0	2311790	0	0	0	22501980	0
LFQ	103	0	0	278	0	0	0	0	0	0	0	0	0	0	0	950176	0	0	0	0	0	0	181292	0	0	0	0	0	749609	0	0	0	0	2351319	0	0	0	22422640	0
LFQ	104	0	0	3	0	0	0	0	0	0	0	0	0	0	0	955359	0	0	0	0	0	0	190379	0	0	0	0	0	765134	0	0	0	0	2401990	0	0	0	22339683	0
LFQ	105	0	0	0	0	0	0	0	0	0	0	0	0	0	0	957598	0	0	0	0	0	0	194780	0	0	0	0	0	772750	0	0	0	0	2431388	0	0	0	22293308	0
LFQ	106	0	0	92	0	0	0	0	0	0	0	0	0	0	0	974299	0	0	0	0	0	0	198138	0	0	0	0	0	784584	0	0	0	0	2480075	0	0	0	22209724	0
LFQ	107	0	0	9	0	0	0	0	0	0	0	0	0	0	0	977575	0	0	0	0	0	0	200605	0	0	0	0	0	789889	0	0	0	0	2519032	0	0	0	22156778	0
LFQ	108	0	0	3	0	0	0	0	0	0	0	0	0	0	0	991547	0	0	0	0	0	0	204629	0	0	0	0	0	806852	0	0	0	0	2551709	0	0	0	22085860	0
LFQ	109	0	0	17	0	0	0	0	0	0	0	0	0	0	0	1007785	0	0	0	0	0	0	209389	0	0	0	0	0	830243	0	0	0	0	2614701	0	0	0	21974992	0
LFQ	110	0	0	29	0	0	0	0	0	0	0	0	0	0	0	1013317	0	0	0	0	0	0	211381	0	0	0	0	0	846205	0	0	0	0	2629656	0	0	0	21933157	0
LFQ	111	0	0	88	0	0	0	0	0	0	0	0	0	0	0	1024922	0	0	0	0	0	0	213325	0	0	0	0	0	856565	0	0	0	0	2658501	0	0	0	21877189	0
LFQ	112	0	0	3	0	0	0	0	0	0	0	0	0	0	0	1029784	0	0	0	0	0	0	216933	0	0	0	0	0	894441	0	0	0	0	2691490	0	0	0	21794603	0
LFQ	113	0	0	220	0	0	0	0	0	0	0	0	0	0	0	1046919	0	0	0	0	0	0	216999	0	0	0	0	0	911960	0	0	0	0	2709985	0	0	0	21737785	0
LFQ	114	0	0	3	0	0	0	0	0	0	0	0	0	0	0	1054743	0	0	0	0	0	0	219143	0	0	0	0	0	929657	0	0	0	0	2731565	0	0	0	21685064	0
LFQ	115	0	0	54	0	0	0	0	0	0	0	0	0	0	0	1060855	0	0	0	0	0	0	219464	0	0	0	0	0	969692	0	0	0	0	2763543	0	0	0	21602994	0
LFQ	116	0	0	17	0	0	0	0	0	0	0	0	0	0	0	1067309	0	0	0	0	0	0	219441	0	0	0	0	0	1006581	0	0	0	0	2806373	0	0	0	21513257	0
LFQ	117	0	0	34	0	0	0	0	0	0	0	0	0	0	0	1090441	0	0	0	0	0	0	222684	0	0	0	0	0	1012747	0	0	0	0	2823775	0	0	0	21459575	0
LFQ	118	0	0	9	0	0	0	0	0	0	0	0	0	0	0	1097539	0	0	0	0	0	0	227530	0	0	0	0	0	1075838	0	0	0	0	2933389	0	0	0	21271229	0
LFQ	119	0	0	7	0	0	0	0	0	0	0	0	0	0	0	1115473	0	0	0	0	0	0	227690	0	0	0	0	0	1108265	0	0	0	0	2956232	0	0	0	21193851	0
LFQ	120	0	0	717	0	0	0	0	0	0	0	0	0	0	0	1119316	0	0	0	0	0	0	229353	0	0	0	0	0	1154469	0	0	0	0	3066428	0	0	0	21027136	0
LFQ	121	0	0	1514	0	0	0	0	0	0	0	0	0	0	0	1125967	0	0	0	0	0	0	226051	0	0	0	0	0	1179891	0	0	0	0	3142589	0	0	0	20917199	0
LFQ	122	0	0	3765	0	0	0	0	0	0	0	0	0	0	0	1131165	0	0	0	0	0	0	226139	0	0	0	0	0	1212216	0	0	0	0	3240242	0	0	0	20775486	0
LFQ	123	0	0	3964	0	0	0	0	0	0	0	0	0	0	0	1149205	0	0	0	0	0	0	226493	0	0	0	0	0	1251986	0	0	0	0	3346032	0	0	0	20606931	0
LFQ	124	0	0	3655	0	0	0	0	0	0	0	0	0	0	0	1166935	0	0	0	0	0	0	226337	0	0	0	0	0	1269467	0	0	0	0	3418403	0	0	0	20495249	0
LFQ	125	0	0	3013	0	0	0	0	0	0	0	0	0	0	0	1178384	0	0	0	0	0	0	227707	0	0	0	0	0	1294468	0	0	0	0	3534083	0	0	0	20337613	0
LFQ	126	0	0	1193	0	0	0	0	0	0	0	0	0	0	0	1204889	0	0	0	0	0	0	228316	0	0	0	0	0	1335202	0	0	0	0	3679066	0	0	0	20121655	0
LFQ	127	0	0	1593	0	0	0	0	0	0	0	0	0	0	0	1231207	0	0	0	0	0	0	228616	0	0	0	0	0	1346515	0	0	0	0	3711963	0	0	0	20045371	0
LFQ	128	0	0	495	0	0	0	0	0	0	0	0	0	0	0	1258586	0	0	0	0	0	0	227130	0	0	0	0	0	1376452	0	0	0	0	3892291	0	0	0	19805138	0
LFQ	129	0	0	163	0	0	0	0	0	0	0	0	0	0	0	1267690	0	0	0	0	0	0	221252	0	0	0	0	0	1385332	0	0	0	0	3944476	0	0	0	19735874	0
LFQ	130	0	0	93	0	0	0	0	0	0	0	0	0	0	0	1297502	0	0	0	0	0	0	221208	0	0	0	0	0	1413565	0	0	0	0	3980591	0	0	0	19636361	0
LFQ	131	0	0	392	0	0	0	0	0	0	0	0	0	0	0	1325112	0	0	0	0	0	0	224811	0	0	0	0	0	1486762	0	0	0	0	4196494	0	0	0	19310081	0
LFQ	132	0	0	19	0	0	0	0	0	0	0	0	0	0	0	1343308	0	0	0	0	0	0	221814	0	0	0	0	0	1520677	0	0	0	0	4235565	0	0	0	19216470	0
LFQ	133	0	0	0	0	0	0	0	0	0	0	0	0	0	0	1381184	0	0	0	0	0	0	223520	0	0	0	0	0	1617886	0	0	0	0	4461545	0	0	0	18847613	0
LFQ	134	0	0	33	0	0	0	0	0	0	0	0	0	0	0	1402982	0	0	0	0	0	0	223866	0	0	0	0	0	1675327	0	0	0	0	4552319	0	0	0	18670984	0
LFQ	135	0	0	0	0	0	0	0	0	0	0	0	0	0	0	1408908	0	0	0	0	0	0	222797	0	0	0	0	0	1740853	0	0	0	0	4667064	0	0	0	18479512	0
LFQ	136	0	0	18	0	0	0	0	0	0	0	0	0	0	0	1430995	0	0	0	0	0	0	223373	0	0	0	0	0	1924683	0	0	0	0	4977871	0	0	0	17955751	0
LFQ	137	0	0	0	0	0	0	0	0	0	0	0	0	0	0	1446986	0	0	0	0	0	0	221955	0	0	0	0	0	2014755	0	0	0	0	5126085	0	0	0	17696072	0
LFQ	138	0	0	3	0	0	0	0	0	0	0	0	0	0	0	1463299	0	0	0	0	0	0	227298	0	0	0	0	0	2203687	0	0	0	0	5481930	0	0	0	17122504	0
LFQ	139	0	0	3	0	0	0	0	0	0	0	0	0	0	0	1487992	0	0	0	0	0	0	229507	0	0	0	0	0	2255063	0	0	0	0	5529651	0	0	0	16988864	0
LFQ	140	0	0	126	0	0	0	0	0	0	0	0	0	0	0	1499433	0	0	0	0	0	0	242740	0	0	0	0	0	2470026	0	0	0	0	5953872	0	0	0	16316551	0
LFQ	141	0	0	0	0	0	0	0	0	0	0	0	0	0	0	1510162	0	0	0	0	0	0	237666	0	0	0	0	0	2499120	0	0	0	0	5939309	0	0	0	16286411	0
LFQ	142	0	0	0	0	0	0	0	0	0	0	0	0	0	0	1521979	0	0	0	0	0	0	261067	0	0	0	0	0	2666308	0	0	0	0	6316788	0	0	0	15692848	0
LFQ	143	0	0	2	0	0	0	0	0	0	0	0	0	0	0	1539733	0	0	0	0	0	0	289153	0	0	0	0	0	2758664	0	0	0	0	6534655	0	0	0	15322119	0
LFQ	144	0	0	18	0	0	0	0	0	0	0	0	0	0	0	1557023	0	0	0	0	0	0	302697	0	0	0	0	0	2816143	0	0	0	0	6660991	0	0	0	15098799	0
LFQ	145	0	0	0	0	0	0	0	0	0	0	0	0	0	0	1581016	0	0	0	0	0	0	381491	0	0	0	0	0	3005418	0	0	0	0	7224360	0	0	0	14233059	0
LFQ	146	0	0	319	0	0	0	0	0	0	0	0	0	0	0	1611739	0	0	0	0	0	0	401305	0	0	0	0	0	3091545	0	0	0	0	7362547	0	0	0	13941229	0
LFQ	147	0	0	118	0	0	0	0	0	0	0	0	0	0	0	1612370	0	0	0	0	0	0	469145	0	0	0	0	0	3200390	0	0	0	0	7742971	0	0	0	13354140	0
LFQ	148	0	0	24	0	0	0	0	0	0	0	0	0	0	0	1608270	0	0	0	0	0	0	538428	0	0	0	0	0	3261219	0	0	0	0	8040418	0	0	0	12841915	0
LFQ	149	0	0	10	0	0	0	0	0	0	0	0	0	0	0	1613436	0	0	0	0	0	0	625109	0	0	0	0	0	3360833	0	0	0	0	8383258	0	0	0	12008516	0
LFQ	150	0	0	0	0	0	0	0	0	0	0	0	0	0	0	1514334	0	0	0	0	0	0	649374	0	0	0	0	0	3278498	0	0	0	0	8293653	0	0	0	10935495	0
LFQ	151	0	0	0	0	0	0	0	0	0	0	0	0	0	0	3221025	0	0	0	0	0	0	2968732	0	0	0	0	0	5793646	0	0	0	0	4523878	0	0	0	2843279	0
# GC Content of first fragments. Use `grep ^GCF | cut -f 2-` to extract this part.
GCF	1.51	0
GCF	3.27	1
GCF	4.27	0
GCF	5.28	1
GCF	7.29	0
GCF	9.30	2
GCF	10.05	1
GCF	10.80	2
GCF	11.31	6
GCF	11.81	11
GCF	12.31	12
GCF	12.81	18
GCF	13.32	19
GCF	13.82	47
GCF	14.32	65
GCF	14.82	70
GCF	15.33	76
GCF	15.83	149
GCF	16.33	154
GCF	16.83	152
GCF	17.34	297
GCF	17.84	488
GCF	18.34	583
GCF	18.84	625
GCF	19.35	822
GCF	19.85	1101
GCF	20.35	1434
GCF	20.85	1697
GCF	21.36	2292
GCF	21.86	3001
GCF	22.36	3704
GCF	22.86	4215
GCF	23.37	5601
GCF	23.87	7063
GCF	24.37	8199
GCF	24.87	9017
GCF	25.38	11040
GCF	25.88	13382
GCF	26.38	15399
GCF	26.88	16714
GCF	27.39	19471
GCF	27.89	22920
GCF	28.39	25648
GCF	28.89	30244
GCF	29.40	32279
GCF	29.90	36998
GCF	30.40	40139
GCF	30.90	46795
GCF	31.41	48991
GCF	31.91	53961
GCF	32.41	58632
GCF	32.91	65436
GCF	33.42	68456
GCF	33.92	75756
GCF	34.42	82912
GCF	34.92	90266
GCF	35.43	93628
GCF	35.93	101028
GCF	36.43	108919
GCF	36.93	115911
GCF	37.44	118953
GCF	37.94	126422
GCF	38.44	135147
GCF	38.94	143989
GCF	39.45	147567
GCF	39.95	156399
GCF	40.45	167562
GCF	40.95	173993
GCF	41.46	175925
GCF	41.96	184836
GCF	42.46	196890
GCF	42.96	204665
GCF	43.47	213126
GCF	43.97	213858
GCF	44.47	221189
GCF	44.97	228648
GCF	45.48	239402
GCF	45.98	241851
GCF	46.48	252714
GCF	46.98	264639
GCF	47.49	280526
GCF	47.99	283066
GCF	48.49	301657
GCF	48.99	316931
GCF	49.50	340131
GCF	50.00	345958
GCF	50.50	375343
GCF	51.01	398781
GCF	51.51	433917
GCF	52.01	441504
GCF	52.51	477380
GCF	53.02	503659
GCF	53.52	542624
GCF	54.02	552015
GCF	54.52	597582
GCF	55.03	635225
GCF	55.53	682165
GCF	56.03	691800
GCF	56.53	748279
GCF	57.04	796253
GCF	57.54	845632
GCF	58.04	893477
GCF	58.54	904355
GCF	59.05	945097
GCF	59.55	988886
GCF	60.05	1018125
GCF	60.55	1021664
GCF	61.06	1048130
GCF	61.56	1055672
GCF	62.06	1036946
GCF	62.56	1029681
GCF	63.07	999092
GCF	63.57	948836
GCF	64.07	887968
GCF	64.57	868685
GCF	65.08	801065
GCF	65.58	715733
GCF	66.08	629510
GCF	66.58	605612
GCF	67.09	519761
GCF	67.59	447079
GCF	68.09	373171
GCF	68.59	356292
GCF	69.10	288230
GCF	69.60	239128
GCF	70.10	189299
GCF	70.60	180130
GCF	71.11	141550
GCF	71.61	110767
GCF	72.11	83354
GCF	72.61	60876
GCF	73.12	57620
GCF	73.62	43718
GCF	74.12	31507
GCF	74.62	22902
GCF	75.13	21745
GCF	75.63	16756
GCF	76.13	13277
GCF	76.63	9325
GCF	77.14	8982
GCF	77.64	6553
GCF	78.14	4768
GCF	78.64	3207
GCF	79.15	2984
GCF	79.65	2221
GCF	80.15	1566
GCF	80.65	1165
GCF	81.16	1138
GCF	81.66	892
GCF	82.16	694
GCF	82.66	516
GCF	83.17	510
GCF	83.67	401
GCF	84.17	317
GCF	84.67	284
GCF	85.18	286
GCF	85.68	208
GCF	86.18	176
GCF	86.68	140
GCF	87.19	99
GCF	87.69	94
GCF	88.19	68
GCF	88.69	61
GCF	89.45	33
GCF	90.20	26
GCF	90.70	19
GCF	91.21	10
GCF	91.71	9
GCF	92.46	1
GCF	93.22	3
GCF	93.72	4
GCF	94.22	1
GCF	94.72	0
GCF	95.48	1
# GC Content of last fragments. Use `grep ^GCL | cut -f 2-` to extract this part.
GCL	3.77	0
GCL	8.29	1
GCL	9.30	3
GCL	10.05	1
GCL	10.80	7
GCL	11.31	9
GCL	12.06	16
GCL	12.81	22
GCL	13.32	24
GCL	13.82	52
GCL	14.32	54
GCL	14.82	61
GCL	15.33	86
GCL	15.83	121
GCL	16.33	182
GCL	16.83	212
GCL	17.34	306
GCL	17.84	483
GCL	18.34	560
GCL	18.84	696
GCL	19.35	809
GCL	19.85	1194
GCL	20.35	1392
GCL	20.85	1594
GCL	21.36	2298
GCL	21.86	3120
GCL	22.36	3700
GCL	22.86	4186
GCL	23.37	5718
GCL	23.87	7073
GCL	24.37	8286
GCL	24.87	9124
GCL	25.38	10994
GCL	25.88	13609
GCL	26.38	15385
GCL	26.88	16410
GCL	27.39	19372
GCL	27.89	22994
GCL	28.39	25866
GCL	28.89	30560
GCL	29.40	32542
GCL	29.90	36976
GCL	30.40	40518
GCL	30.90	47034
GCL	31.41	49064
GCL	31.91	54228
GCL	32.41	58757
GCL	32.91	65634
GCL	33.42	68196
GCL	33.92	75234
GCL	34.42	83206
GCL	34.92	90509
GCL	35.43	93295
GCL	35.93	100938
GCL	36.43	109107
GCL	36.93	116287
GCL	37.44	119147
GCL	37.94	127681
GCL	38.44	136003
GCL	38.94	143810
GCL	39.45	147338
GCL	39.95	156025
GCL	40.45	167024
GCL	40.95	172973
GCL	41.46	175486
GCL	41.96	185206
GCL	42.46	197088
GCL	42.96	204540
GCL	43.47	212878
GCL	43.97	214015
GCL	44.47	221637
GCL	44.97	230028
GCL	45.48	239989
GCL	45.98	241476
GCL	46.48	252978
GCL	46.98	265328
GCL	47.49	279603
GCL	47.99	282715
GCL	48.49	301746
GCL	48.99	317274
GCL	49.50	340404
GCL	50.00	346476
GCL	50.50	375769
GCL	51.01	400822
GCL	51.51	436042
GCL	52.01	444164
GCL	52.51	478325
GCL	53.02	505353
GCL	53.52	547560
GCL	54.02	555959
GCL	54.52	597098
GCL	55.03	635753
GCL	55.53	682276
GCL	56.03	691359
GCL	56.53	748755
GCL	57.04	796649
GCL	57.54	845848
GCL	58.04	895196
GCL	58.54	905934
GCL	59.05	945855
GCL	59.55	991366
GCL	60.05	1020493
GCL	60.55	1024504
GCL	61.06	1047915
GCL	61.56	1055070
GCL	62.06	1037658
GCL	62.56	1030281
GCL	63.07	1000392
GCL	63.57	948883
GCL	64.07	887278
GCL	64.57	868401
GCL	65.08	805042
GCL	65.58	717108
GCL	66.08	628940
GCL	66.58	604861
GCL	67.09	518256
GCL	67.59	446660
GCL	68.09	371508
GCL	68.59	353791
GCL	69.10	286759
GCL	69.60	236899
GCL	70.10	187866
GCL	70.60	178726
GCL	71.11	139887
GCL	71.61	109653
GCL	72.11	82522
GCL	72.61	60377
GCL	73.12	56940
GCL	73.62	42843
GCL	74.12	29979
GCL	74.62	22099
GCL	75.13	20893
GCL	75.63	16241
GCL	76.13	12799
GCL	76.63	8820
GCL	77.14	8345
GCL	77.64	6097
GCL	78.14	4330
GCL	78.64	2778
GCL	79.15	2605
GCL	79.65	2003
GCL	80.15	1386
GCL	80.65	994
GCL	81.16	958
GCL	81.66	680
GCL	82.16	576
GCL	82.66	445
GCL	83.17	433
GCL	83.67	340
GCL	84.17	206
GCL	84.67	202
GCL	85.18	185
GCL	85.68	144
GCL	86.18	69
GCL	86.68	67
GCL	87.19	21
GCL	87.69	18
GCL	88.19	22
GCL	88.69	16
GCL	89.20	15
GCL	89.70	12
GCL	90.20	8
GCL	90.70	6
GCL	91.46	0
GCL	92.21	2
GCL	94.47	1
# ACGT content per cycle. Use `grep ^GCC | cut -f 2-` to extract this part. The columns are: cycle; A,C,G,T base counts as a percentage of all A/C/G/T bases [%]; and N and O counts as a percentage of all A/C/G/T bases [%]
GCC	1	22.25	28.55	26.86	22.34	0.01	0.00
GCC	2	23.81	25.68	28.96	21.55	0.00	0.00
GCC	3	21.55	29.19	26.34	22.92	0.00	0.00
GCC	4	22.54	29.18	26.88	21.41	0.00	0.00
GCC	5	21.71	28.24	27.99	22.07	0.00	0.00
GCC	6	21.97	27.58	28.84	21.61	0.00	0.00
GCC	7	21.76	28.11	28.28	21.85	0.00	0.00
GCC	8	21.98	28.13	28.04	21.84	0.00	0.00
GCC	9	21.23	28.63	27.83	22.31	0.00	0.00
GCC	10	21.80	28.18	28.25	21.78	0.00	0.00
GCC	11	21.97	28.03	28.24	21.76	0.00	0.00
GCC	12	21.77	28.34	28.07	21.82	0.00	0.00
GCC	13	21.92	28.07	28.16	21.84	0.00	0.00
GCC	14	21.96	28.05	28.04	21.95	0.00	0.00
GCC	15	21.76	28.33	28.07	21.84	0.00	0.00
GCC	16	21.86	28.09	28.20	21.85	0.00	0.00
GCC	17	21.86	28.11	28.11	21.93	0.00	0.00
GCC	18	21.64	28.42	28.14	21.80	0.00	0.00
GCC	19	21.76	28.21	28.23	21.79	0.00	0.00
GCC	20	21.79	28.19	28.16	21.86	0.00	0.00
GCC	21	21.64	28.44	28.18	21.75	0.00	0.00
GCC	22	21.77	28.23	28.27	21.72	0.00	0.00
GCC	23	21.75	28.24	28.24	21.78	0.00	0.00
GCC	24	21.54	28.51	28.29	21.65	0.00	0.00
GCC	25	21.68	28.30	28.38	21.65	0.00	0.00
GCC	26	21.69	28.27	28.29	21.74	0.00	0.00
GCC	27	21.52	28.53	28.35	21.60	0.00	0.00
GCC	28	21.66	28.32	28.43	21.60	0.00	0.00
GCC	29	21.69	28.29	28.31	21.70	0.00	0.00
GCC	30	21.49	28.56	28.34	21.61	0.00	0.00
GCC	31	21.61	28.38	28.41	21.60	0.00	0.00
GCC	32	21.66	28.32	28.35	21.67	0.00	0.00
GCC	33	21.51	28.56	28.41	21.53	0.00	0.00
GCC	34	21.66	28.35	28.48	21.51	0.00	0.00
GCC	35	21.68	28.32	28.37	21.62	0.00	0.00
GCC	36	21.49	28.55	28.42	21.53	0.00	0.00
GCC	37	21.62	28.37	28.49	21.51	0.00	0.00
GCC	38	21.66	28.33	28.38	21.62	0.00	0.00
GCC	39	21.48	28.58	28.44	21.50	0.00	0.00
GCC	40	21.60	28.40	28.50	21.50	0.00	0.00
GCC	41	21.61	28.38	28.40	21.61	0.00	0.00
GCC	42	21.46	28.59	28.44	21.50	0.00	0.00
GCC	43	21.61	28.40	28.50	21.49	0.00	0.00
GCC	44	21.65	28.37	28.38	21.61	0.00	0.00
GCC	45	21.47	28.57	28.45	21.51	0.00	0.00
GCC	46	21.59	28.41	28.51	21.49	0.00	0.00
GCC	47	21.62	28.37	28.42	21.59	0.00	0.00
GCC	48	21.45	28.61	28.46	21.48	0.00	0.00
GCC	49	21.58	28.40	28.55	21.47	0.00	0.00
GCC	50	21.61	28.41	28.41	21.57	0.00	0.00
GCC	51	21.44	28.62	28.47	21.47	0.00	0.00
GCC	52	21.58	28.42	28.54	21.46	0.00	0.00
GCC	53	21.62	28.38	28.42	21.57	0.00	0.00
GCC	54	21.46	28.60	28.45	21.48	0.00	0.00
GCC	55	21.58	28.40	28.53	21.48	0.00	0.00
GCC	56	21.61	28.38	28.42	21.59	0.00	0.00
GCC	57	21.44	28.61	28.48	21.47	0.00	0.00
GCC	58	21.58	28.43	28.53	21.46	0.00	0.00
GCC	59	21.61	28.39	28.44	21.56	0.00	0.00
GCC	60	21.45	28.61	28.49	21.45	0.00	0.00
GCC	61	21.57	28.44	28.55	21.44	0.00	0.00
GCC	62	21.62	28.40	28.43	21.54	0.00	0.00
GCC	63	21.45	28.61	28.47	21.47	0.00	0.00
GCC	64	21.58	28.44	28.52	21.47	0.00	0.00
GCC	65	21.63	28.40	28.41	21.56	0.00	0.00
GCC	66	21.45	28.61	28.47	21.46	0.00	0.00
GCC	67	21.58	28.43	28.53	21.45	0.00	0.00
GCC	68	21.62	28.40	28.43	21.55	0.00	0.00
GCC	69	21.45	28.62	28.46	21.46	0.00	0.00
GCC	70	21.57	28.43	28.55	21.45	0.00	0.00
GCC	71	21.61	28.41	28.42	21.55	0.00	0.00
GCC	72	21.45	28.61	28.47	21.46	0.00	0.00
GCC	73	21.56	28.44	28.54	21.45	0.00	0.00
GCC	74	21.61	28.41	28.43	21.55	0.00	0.00
GCC	75	21.46	28.62	28.46	21.46	0.00	0.00
GCC	76	21.58	28.42	28.54	21.46	0.00	0.00
GCC	77	21.62	28.40	28.43	21.56	0.00	0.00
GCC	78	21.45	28.62	28.47	21.46	0.00	0.00
GCC	79	21.56	28.43	28.55	21.45	0.00	0.00
GCC	80	21.61	28.40	28.44	21.55	0.00	0.00
GCC	81	21.45	28.62	28.49	21.44	0.00	0.00
GCC	82	21.57	28.44	28.55	21.44	0.00	0.00
GCC	83	21.61	28.43	28.41	21.56	0.00	0.00
GCC	84	21.46	28.61	28.48	21.46	0.00	0.00
GCC	85	21.58	28.43	28.54	21.44	0.00	0.00
GCC	86	21.62	28.40	28.43	21.54	0.00	0.00
GCC	87	21.46	28.62	28.47	21.46	0.00	0.00
GCC	88	21.58	28.43	28.55	21.45	0.00	0.00
GCC	89	21.61	28.41	28.42	21.56	0.00	0.00
GCC	90	21.45	28.61	28.47	21.46	0.00	0.00
GCC	91	21.57	28.44	28.55	21.44	0.00	0.00
GCC	92	21.62	28.42	28.43	21.53	0.00	0.00
GCC	93	21.46	28.61	28.47	21.46	0.00	0.00
GCC	94	21.57	28.44	28.55	21.45	0.00	0.00
GCC	95	21.61	28.42	28.41	21.56	0.00	0.00
GCC	96	21.45	28.62	28.48	21.45	0.00	0.00
GCC	97	21.59	28.44	28.52	21.45	0.00	0.00
GCC	98	21.61	28.41	28.42	21.56	0.00	0.00
GCC	99	21.44	28.62	28.48	21.45	0.00	0.00
GCC	100	21.58	28.45	28.55	21.42	0.00	0.00
GCC	101	21.61	28.41	28.44	21.54	0.00	0.00
GCC	102	21.45	28.62	28.48	21.45	0.00	0.00
GCC	103	21.56	28.45	28.54	21.45	0.00	0.00
GCC	104	21.61	28.42	28.42	21.54	0.00	0.00
GCC	105	21.46	28.63	28.47	21.44	0.00	0.00
GCC	106	21.56	28.45	28.53	21.45	0.00	0.00
GCC	107	21.62	28.41	28.41	21.55	0.00	0.00
GCC	108	21.46	28.62	28.47	21.46	0.00	0.00
GCC	109	21.57	28.46	28.53	21.44	0.00	0.00
GCC	110	21.60	28.43	28.43	21.55	0.00	0.00
GCC	111	21.45	28.62	28.48	21.45	0.00	0.00
GCC	112	21.57	28.44	28.54	21.45	0.00	0.00
GCC	113	21.60	28.42	28.42	21.55	0.00	0.00
GCC	114	21.44	28.63	28.48	21.45	0.00	0.00
GCC	115	21.58	28.44	28.53	21.44	0.00	0.00
GCC	116	21.60	28.43	28.43	21.54	0.00	0.00
GCC	117	21.45	28.61	28.47	21.47	0.00	0.00
GCC	118	21.58	28.45	28.53	21.44	0.00	0.00
GCC	119	21.62	28.41	28.43	21.54	0.00	0.00
GCC	120	21.46	28.61	28.49	21.45	0.00	0.00
GCC	121	21.56	28.47	28.54	21.43	0.00	0.00
GCC	122	21.59	28.44	28.44	21.53	0.01	0.00
GCC	123	21.46	28.62	28.48	21.44	0.01	0.00
GCC	124	21.56	28.46	28.54	21.44	0.01	0.00
GCC	125	21.61	28.43	28.41	21.55	0.01	0.00
GCC	126	21.47	28.61	28.46	21.46	0.00	0.00
GCC	127	21.57	28.46	28.53	21.45	0.00	0.00
GCC	128	21.62	28.41	28.42	21.55	0.00	0.00
GCC	129	21.46	28.62	28.47	21.45	0.00	0.00
GCC	130	21.57	28.47	28.53	21.43	0.00	0.00
GCC	131	21.60	28.45	28.42	21.53	0.00	0.00
GCC	132	21.45	28.64	28.47	21.44	0.00	0.00
GCC	133	21.57	28.48	28.53	21.43	0.00	0.00
GCC	134	21.61	28.44	28.41	21.54	0.00	0.00
GCC	135	21.45	28.63	28.46	21.46	0.00	0.00
GCC	136	21.56	28.46	28.53	21.45	0.00	0.00
GCC	137	21.61	28.46	28.41	21.52	0.00	0.00
GCC	138	21.47	28.63	28.46	21.45	0.00	0.00
GCC	139	21.57	28.47	28.53	21.44	0.00	0.00
GCC	140	21.61	28.46	28.41	21.52	0.00	0.00
GCC	141	21.45	28.63	28.47	21.44	0.00	0.00
GCC	142	21.54	28.49	28.55	21.42	0.00	0.00
GCC	143	21.60	28.46	28.44	21.51	0.00	0.00
GCC	144	21.43	28.66	28.48	21.43	0.00	0.00
GCC	145	21.55	28.48	28.55	21.42	0.00	0.00
GCC	146	21.58	28.49	28.42	21.52	0.00	0.00
GCC	147	21.39	28.69	28.46	21.45	0.00	0.00
GCC	148	21.30	28.60	28.58	21.51	0.00	0.00
GCC	149	20.74	28.89	28.56	21.82	0.00	0.00
GCC	150	17.30	30.61	29.27	22.82	0.00	0.00
GCC	151	0.01	39.53	31.99	28.47	0.00	0.00
# ACGT content per cycle, read oriented. Use `grep ^GCT | cut -f 2-` to extract this part. The columns are: cycle; A,C,G,T base counts as a percentage of all A/C/G/T bases [%]
GCT	1	22.25	28.55	26.86	22.34
GCT	2	23.82	25.68	28.96	21.54
GCT	3	21.55	29.19	26.34	22.92
GCT	4	22.54	29.18	26.88	21.41
GCT	5	21.71	28.24	27.99	22.07
GCT	6	21.97	27.58	28.85	21.61
GCT	7	21.76	28.11	28.28	21.85
GCT	8	21.98	28.13	28.04	21.84
GCT	9	21.23	28.63	27.83	22.31
GCT	10	21.80	28.18	28.25	21.78
GCT	11	21.97	28.03	28.24	21.76
GCT	12	21.77	28.33	28.07	21.82
GCT	13	21.92	28.07	28.16	21.84
GCT	14	21.96	28.05	28.04	21.95
GCT	15	21.76	28.33	28.07	21.84
GCT	16	21.86	28.09	28.20	21.85
GCT	17	21.86	28.11	28.11	21.93
GCT	18	21.64	28.42	28.14	21.80
GCT	19	21.76	28.21	28.23	21.79
GCT	20	21.79	28.19	28.16	21.86
GCT	21	21.64	28.44	28.18	21.75
GCT	22	21.77	28.23	28.27	21.72
GCT	23	21.75	28.23	28.24	21.78
GCT	24	21.54	28.51	28.29	21.65
GCT	25	21.68	28.30	28.38	21.65
GCT	26	21.69	28.27	28.30	21.74
GCT	27	21.52	28.52	28.35	21.60
GCT	28	21.66	28.32	28.43	21.60
GCT	29	21.69	28.29	28.31	21.70
GCT	30	21.49	28.56	28.34	21.61
GCT	31	21.61	28.38	28.41	21.60
GCT	32	21.66	28.32	28.35	21.67
GCT	33	21.51	28.56	28.41	21.53
GCT	34	21.66	28.35	28.48	21.51
GCT	35	21.68	28.32	28.37	21.62
GCT	36	21.49	28.55	28.42	21.53
GCT	37	21.62	28.37	28.49	21.51
GCT	38	21.66	28.33	28.39	21.62
GCT	39	21.48	28.58	28.44	21.50
GCT	40	21.59	28.40	28.50	21.50
GCT	41	21.61	28.37	28.40	21.61
GCT	42	21.46	28.59	28.44	21.50
GCT	43	21.60	28.40	28.50	21.49
GCT	44	21.65	28.37	28.38	21.61
GCT	45	21.47	28.57	28.45	21.51
GCT	46	21.59	28.41	28.51	21.49
GCT	47	21.62	28.37	28.42	21.59
GCT	48	21.45	28.61	28.46	21.48
GCT	49	21.58	28.40	28.55	21.47
GCT	50	21.61	28.41	28.41	21.57
GCT	51	21.44	28.62	28.47	21.47
GCT	52	21.58	28.42	28.54	21.46
GCT	53	21.62	28.38	28.42	21.57
GCT	54	21.46	28.60	28.45	21.48
GCT	55	21.58	28.40	28.53	21.48
GCT	56	21.61	28.38	28.42	21.59
GCT	57	21.44	28.61	28.48	21.47
GCT	58	21.58	28.43	28.53	21.46
GCT	59	21.61	28.39	28.44	21.56
GCT	60	21.45	28.61	28.49	21.45
GCT	61	21.57	28.44	28.55	21.44
GCT	62	21.62	28.40	28.43	21.54
GCT	63	21.45	28.61	28.47	21.47
GCT	64	21.58	28.44	28.52	21.47
GCT	65	21.63	28.40	28.41	21.56
GCT	66	21.45	28.61	28.47	21.46
GCT	67	21.58	28.43	28.54	21.45
GCT	68	21.62	28.40	28.43	21.55
GCT	69	21.45	28.62	28.46	21.46
GCT	70	21.57	28.42	28.55	21.45
GCT	71	21.61	28.41	28.42	21.55
GCT	72	21.45	28.61	28.47	21.47
GCT	73	21.56	28.44	28.54	21.45
GCT	74	21.61	28.41	28.43	21.55
GCT	75	21.46	28.62	28.46	21.46
GCT	76	21.58	28.42	28.54	21.46
GCT	77	21.62	28.40	28.43	21.56
GCT	78	21.45	28.62	28.47	21.46
GCT	79	21.56	28.43	28.55	21.45
GCT	80	21.61	28.40	28.44	21.55
GCT	81	21.45	28.62	28.49	21.45
GCT	82	21.57	28.44	28.55	21.44
GCT	83	21.61	28.43	28.41	21.56
GCT	84	21.46	28.61	28.48	21.46
GCT	85	21.58	28.43	28.54	21.45
GCT	86	21.62	28.40	28.43	21.54
GCT	87	21.46	28.62	28.47	21.46
GCT	88	21.58	28.43	28.55	21.45
GCT	89	21.61	28.41	28.42	21.56
GCT	90	21.45	28.61	28.48	21.46
GCT	91	21.57	28.44	28.55	21.44
GCT	92	21.62	28.42	28.43	21.53
GCT	93	21.46	28.61	28.47	21.46
GCT	94	21.57	28.44	28.55	21.45
GCT	95	21.61	28.41	28.41	21.56
GCT	96	21.45	28.62	28.48	21.45
GCT	97	21.59	28.44	28.53	21.45
GCT	98	21.61	28.41	28.42	21.56
GCT	99	21.44	28.62	28.48	21.45
GCT	100	21.58	28.45	28.55	21.42
GCT	101	21.61	28.41	28.44	21.54
GCT	102	21.45	28.62	28.48	21.45
GCT	103	21.56	28.45	28.54	21.45
GCT	104	21.61	28.42	28.43	21.54
GCT	105	21.46	28.63	28.47	21.44
GCT	106	21.56	28.45	28.53	21.45
GCT	107	21.62	28.41	28.41	21.55
GCT	108	21.46	28.61	28.47	21.46
GCT	109	21.57	28.46	28.53	21.44
GCT	110	21.60	28.42	28.43	21.55
GCT	111	21.45	28.62	28.48	21.45
GCT	112	21.57	28.44	28.54	21.45
GCT	113	21.60	28.42	28.42	21.55
GCT	114	21.44	28.63	28.48	21.45
GCT	115	21.58	28.44	28.53	21.44
GCT	116	21.60	28.43	28.43	21.54
GCT	117	21.45	28.61	28.47	21.47
GCT	118	21.58	28.45	28.53	21.44
GCT	119	21.62	28.41	28.43	21.54
GCT	120	21.46	28.61	28.49	21.45
GCT	121	21.56	28.47	28.54	21.43
GCT	122	21.59	28.44	28.44	21.53
GCT	123	21.46	28.62	28.48	21.44
GCT	124	21.56	28.46	28.54	21.44
GCT	125	21.61	28.43	28.41	21.55
GCT	126	21.47	28.61	28.46	21.46
GCT	127	21.57	28.46	28.53	21.45
GCT	128	21.62	28.41	28.43	21.55
GCT	129	21.46	28.62	28.47	21.45
GCT	130	21.57	28.47	28.53	21.43
GCT	131	21.60	28.45	28.42	21.53
GCT	132	21.45	28.63	28.47	21.44
GCT	133	21.57	28.48	28.53	21.43
GCT	134	21.61	28.44	28.42	21.54
GCT	135	21.45	28.63	28.46	21.46
GCT	136	21.56	28.46	28.53	21.45
GCT	137	21.61	28.46	28.41	21.52
GCT	138	21.47	28.62	28.46	21.45
GCT	139	21.57	28.46	28.53	21.44
GCT	140	21.61	28.46	28.42	21.52
GCT	141	21.45	28.63	28.47	21.44
GCT	142	21.54	28.49	28.55	21.42
GCT	143	21.60	28.45	28.44	21.51
GCT	144	21.43	28.66	28.48	21.43
GCT	145	21.55	28.47	28.55	21.42
GCT	146	21.58	28.48	28.42	21.52
GCT	147	21.39	28.69	28.46	21.45
GCT	148	21.30	28.60	28.58	21.51
GCT	149	20.74	28.88	28.56	21.82
GCT	150	17.30	30.61	29.27	22.82
GCT	151	0.00	39.53	31.99	28.48
# ACGT content per cycle for first fragments. Use `grep ^FBC | cut -f 2-` to extract this part. The columns are: cycle; A,C,G,T base counts as a percentage of all A/C/G/T bases [%]; and N and O counts as a percentage of all A/C/G/T bases [%]
FBC	1	22.38	28.72	26.62	22.28	0.01	0.00
FBC	2	24.00	25.75	28.64	21.62	0.00	0.00
FBC	3	21.70	29.32	26.06	22.91	0.00	0.00
FBC	4	22.69	29.26	26.63	21.41	0.00	0.00
FBC	5	21.88	28.35	27.71	22.06	0.00	0.00
FBC	6	21.97	27.59	28.84	21.60	0.01	0.00
FBC	7	21.81	28.07	28.31	21.81	0.00	0.00
FBC	8	22.00	28.17	27.99	21.85	0.00	0.00
FBC	9	21.23	28.64	27.82	22.31	0.00	0.00
FBC	10	21.82	28.17	28.24	21.77	0.00	0.00
FBC	11	21.98	28.04	28.23	21.75	0.00	0.00
FBC	12	21.78	28.35	28.08	21.79	0.00	0.00
FBC	13	21.94	28.08	28.16	21.83	0.00	0.00
FBC	14	21.98	28.07	28.02	21.93	0.00	0.00
FBC	15	21.77	28.35	28.07	21.82	0.00	0.00
FBC	16	21.88	28.09	28.20	21.82	0.00	0.00
FBC	17	21.87	28.13	28.08	21.92	0.00	0.00
FBC	18	21.64	28.45	28.14	21.77	0.00	0.00
FBC	19	21.77	28.22	28.23	21.78	0.00	0.00
FBC	20	21.80	28.21	28.14	21.86	0.00	0.00
FBC	21	21.62	28.46	28.18	21.74	0.00	0.00
FBC	22	21.81	28.23	28.26	21.71	0.00	0.00
FBC	23	21.76	28.24	28.22	21.78	0.00	0.00
FBC	24	21.54	28.53	28.29	21.64	0.00	0.00
FBC	25	21.69	28.30	28.37	21.65	0.00	0.00
FBC	26	21.70	28.28	28.27	21.75	0.00	0.00
FBC	27	21.53	28.55	28.35	21.57	0.00	0.00
FBC	28	21.68	28.33	28.42	21.58	0.00	0.00
FBC	29	21.71	28.31	28.27	21.70	0.00	0.00
FBC	30	21.48	28.57	28.34	21.61	0.00	0.00
FBC	31	21.62	28.39	28.40	21.59	0.00	0.00
FBC	32	21.66	28.35	28.32	21.67	0.00	0.00
FBC	33	21.50	28.59	28.40	21.51	0.00	0.00
FBC	34	21.67	28.35	28.47	21.51	0.00	0.00
FBC	35	21.68	28.33	28.35	21.63	0.00	0.00
FBC	36	21.48	28.58	28.42	21.52	0.00	0.00
FBC	37	21.63	28.38	28.49	21.51	0.00	0.00
FBC	38	21.66	28.34	28.37	21.62	0.00	0.00
FBC	39	21.48	28.61	28.44	21.48	0.00	0.00
FBC	40	21.60	28.41	28.50	21.50	0.00	0.00
FBC	41	21.62	28.39	28.38	21.61	0.00	0.00
FBC	42	21.45	28.61	28.45	21.49	0.00	0.00
FBC	43	21.61	28.41	28.49	21.49	0.00	0.00
FBC	44	21.64	28.38	28.37	21.61	0.00	0.00
FBC	45	21.46	28.58	28.46	21.50	0.00	0.00
FBC	46	21.59	28.41	28.51	21.48	0.00	0.00
FBC	47	21.62	28.38	28.42	21.58	0.00	0.00
FBC	48	21.44	28.63	28.45	21.47	0.00	0.00
FBC	49	21.58	28.41	28.54	21.46	0.00	0.00
FBC	50	21.61	28.43	28.40	21.56	0.00	0.00
FBC	51	21.43	28.64	28.47	21.46	0.00	0.00
FBC	52	21.59	28.43	28.53	21.45	0.00	0.00
FBC	53	21.63	28.40	28.40	21.57	0.00	0.00
FBC	54	21.45	28.63	28.44	21.48	0.00	0.00
FBC	55	21.60	28.41	28.52	21.47	0.00	0.00
FBC	56	21.62	28.38	28.42	21.58	0.00	0.00
FBC	57	21.43	28.63	28.48	21.45	0.00	0.00
FBC	58	21.59	28.43	28.53	21.45	0.00	0.00
FBC	59	21.61	28.41	28.41	21.56	0.00	0.00
FBC	60	21.45	28.63	28.49	21.43	0.00	0.00
FBC	61	21.57	28.46	28.54	21.43	0.00	0.00
FBC	62	21.62	28.42	28.42	21.54	0.00	0.00
FBC	63	21.44	28.63	28.47	21.46	0.00	0.00
FBC	64	21.58	28.45	28.51	21.46	0.00	0.00
FBC	65	21.63	28.42	28.38	21.57	0.00	0.00
FBC	66	21.44	28.63	28.48	21.45	0.00	0.00
FBC	67	21.59	28.43	28.54	21.44	0.00	0.00
FBC	68	21.62	28.41	28.41	21.57	0.00	0.00
FBC	69	21.44	28.64	28.46	21.46	0.00	0.00
FBC	70	21.58	28.43	28.56	21.44	0.00	0.00
FBC	71	21.62	28.43	28.40	21.55	0.00	0.00
FBC	72	21.44	28.63	28.47	21.46	0.00	0.00
FBC	73	21.56	28.45	28.55	21.44	0.00	0.00
FBC	74	21.61	28.42	28.43	21.54	0.00	0.00
FBC	75	21.44	28.64	28.47	21.45	0.00	0.00
FBC	76	21.59	28.43	28.53	21.45	0.00	0.00
FBC	77	21.62	28.41	28.41	21.55	0.00	0.00
FBC	78	21.44	28.63	28.49	21.44	0.00	0.00
FBC	79	21.56	28.44	28.55	21.44	0.00	0.00
FBC	80	21.61	28.41	28.43	21.55	0.00	0.00
FBC	81	21.44	28.64	28.49	21.43	0.00	0.00
FBC	82	21.56	28.46	28.54	21.45	0.00	0.00
FBC	83	21.61	28.44	28.40	21.55	0.00	0.00
FBC	84	21.44	28.62	28.49	21.45	0.00	0.00
FBC	85	21.58	28.45	28.53	21.44	0.00	0.00
FBC	86	21.62	28.42	28.43	21.54	0.00	0.00
FBC	87	21.45	28.63	28.47	21.45	0.00	0.00
FBC	88	21.57	28.43	28.54	21.46	0.00	0.00
FBC	89	21.60	28.43	28.41	21.56	0.00	0.00
FBC	90	21.44	28.64	28.48	21.44	0.00	0.00
FBC	91	21.57	28.44	28.54	21.44	0.00	0.00
FBC	92	21.61	28.43	28.42	21.54	0.00	0.00
FBC	93	21.44	28.62	28.49	21.45	0.00	0.00
FBC	94	21.58	28.44	28.54	21.44	0.00	0.00
FBC	95	21.61	28.44	28.40	21.55	0.00	0.00
FBC	96	21.43	28.65	28.47	21.44	0.00	0.00
FBC	97	21.59	28.45	28.53	21.43	0.00	0.00
FBC	98	21.61	28.43	28.40	21.56	0.00	0.00
FBC	99	21.43	28.64	28.49	21.44	0.00	0.00
FBC	100	21.57	28.46	28.55	21.41	0.00	0.00
FBC	101	21.59	28.44	28.43	21.54	0.00	0.00
FBC	102	21.44	28.65	28.48	21.44	0.00	0.00
FBC	103	21.56	28.46	28.54	21.45	0.00	0.00
FBC	104	21.60	28.44	28.41	21.56	0.00	0.00
FBC	105	21.45	28.65	28.47	21.43	0.00	0.00
FBC	106	21.56	28.45	28.54	21.45	0.00	0.00
FBC	107	21.62	28.42	28.41	21.55	0.00	0.00
FBC	108	21.43	28.63	28.48	21.45	0.00	0.00
FBC	109	21.57	28.47	28.53	21.43	0.00	0.00
FBC	110	21.58	28.46	28.41	21.55	0.00	0.00
FBC	111	21.43	28.64	28.49	21.44	0.00	0.00
FBC	112	21.57	28.44	28.55	21.44	0.00	0.00
FBC	113	21.59	28.43	28.42	21.56	0.00	0.00
FBC	114	21.42	28.66	28.49	21.44	0.00	0.00
FBC	115	21.57	28.45	28.55	21.43	0.00	0.00
FBC	116	21.59	28.44	28.42	21.54	0.00	0.00
FBC	117	21.43	28.63	28.48	21.46	0.00	0.00
FBC	118	21.57	28.46	28.53	21.44	0.00	0.00
FBC	119	21.62	28.43	28.42	21.54	0.00	0.00
FBC	120	21.44	28.62	28.49	21.44	0.00	0.00
FBC	121	21.54	28.50	28.54	21.42	0.00	0.00
FBC	122	21.57	28.46	28.44	21.53	0.00	0.00
FBC	123	21.43	28.65	28.49	21.44	0.00	0.00
FBC	124	21.55	28.48	28.53	21.43	0.00	0.00
FBC	125	21.59	28.46	28.40	21.55	0.00	0.00
FBC	126	21.45	28.63	28.48	21.44	0.00	0.00
FBC	127	21.55	28.47	28.54	21.44	0.00	0.00
FBC	128	21.60	28.44	28.42	21.55	0.00	0.00
FBC	129	21.42	28.65	28.49	21.44	0.00	0.00
FBC	130	21.55	28.48	28.55	21.42	0.00	0.00
FBC	131	21.58	28.48	28.41	21.53	0.00	0.00
FBC	132	21.43	28.66	28.48	21.43	0.00	0.00
FBC	133	21.55	28.48	28.54	21.43	0.00	0.00
FBC	134	21.59	28.46	28.41	21.54	0.00	0.00
FBC	135	21.42	28.66	28.46	21.46	0.00	0.00
FBC	136	21.55	28.47	28.54	21.45	0.00	0.00
FBC	137	21.60	28.47	28.41	21.53	0.00	0.00
FBC	138	21.44	28.65	28.47	21.44	0.00	0.00
FBC	139	21.55	28.47	28.53	21.45	0.00	0.00
FBC	140	21.59	28.50	28.41	21.51	0.00	0.00
FBC	141	21.42	28.66	28.49	21.44	0.00	0.00
FBC	142	21.53	28.49	28.56	21.42	0.00	0.00
FBC	143	21.57	28.47	28.44	21.52	0.00	0.00
FBC	144	21.40	28.69	28.48	21.42	0.00	0.00
FBC	145	21.53	28.49	28.56	21.41	0.00	0.00
FBC	146	21.56	28.52	28.41	21.52	0.00	0.00
FBC	147	21.36	28.71	28.49	21.44	0.00	0.00
FBC	148	21.28	28.61	28.60	21.51	0.00	0.00
FBC	149	20.72	28.92	28.55	21.82	0.00	0.00
FBC	150	17.25	30.64	29.29	22.82	0.00	0.00
FBC	151	0.01	39.56	32.08	28.35	0.00	0.00
# ACGT raw counters for first fragments. Use `grep ^FTC | cut -f 2-` to extract this part. The columns are: A,C,G,T,N base counters
FTC	862051690	1145232056	1140551127	867137603	6623
# ACGT content per cycle for last fragments. Use `grep ^LBC | cut -f 2-` to extract this part. The columns are: cycle; A,C,G,T base counts as a percentage of all A/C/G/T bases [%]; and N and O counts as a percentage of all A/C/G/T bases [%]
LBC	1	22.12	28.39	27.10	22.40	0.00	0.00
LBC	2	23.63	25.60	29.29	21.48	0.00	0.00
LBC	3	21.40	29.06	26.62	22.93	0.00	0.00
LBC	4	22.39	29.09	27.12	21.40	0.00	0.00
LBC	5	21.54	28.13	28.26	22.07	0.00	0.00
LBC	6	21.96	27.58	28.85	21.61	0.00	0.00
LBC	7	21.71	28.15	28.26	21.88	0.00	0.00
LBC	8	21.97	28.09	28.10	21.84	0.00	0.00
LBC	9	21.22	28.63	27.84	22.31	0.00	0.00
LBC	10	21.77	28.18	28.26	21.79	0.00	0.00
LBC	11	21.95	28.02	28.25	21.77	0.00	0.00
LBC	12	21.76	28.32	28.06	21.86	0.00	0.00
LBC	13	21.91	28.07	28.16	21.86	0.00	0.00
LBC	14	21.94	28.03	28.07	21.96	0.00	0.00
LBC	15	21.75	28.31	28.07	21.87	0.00	0.00
LBC	16	21.84	28.09	28.20	21.87	0.00	0.00
LBC	17	21.84	28.09	28.14	21.93	0.00	0.00
LBC	18	21.64	28.39	28.14	21.83	0.00	0.00
LBC	19	21.76	28.20	28.23	21.80	0.00	0.00
LBC	20	21.78	28.17	28.18	21.87	0.00	0.00
LBC	21	21.65	28.42	28.17	21.76	0.00	0.00
LBC	22	21.74	28.24	28.28	21.74	0.00	0.00
LBC	23	21.73	28.23	28.26	21.78	0.00	0.00
LBC	24	21.54	28.50	28.30	21.67	0.00	0.00
LBC	25	21.67	28.30	28.39	21.65	0.00	0.00
LBC	26	21.69	28.26	28.32	21.73	0.00	0.00
LBC	27	21.51	28.50	28.36	21.63	0.00	0.00
LBC	28	21.64	28.31	28.44	21.61	0.00	0.00
LBC	29	21.68	28.27	28.35	21.70	0.00	0.00
LBC	30	21.50	28.54	28.34	21.62	0.00	0.00
LBC	31	21.61	28.36	28.42	21.61	0.00	0.00
LBC	32	21.66	28.30	28.38	21.67	0.00	0.00
LBC	33	21.51	28.54	28.41	21.54	0.00	0.00
LBC	34	21.64	28.35	28.49	21.52	0.00	0.00
LBC	35	21.68	28.30	28.39	21.62	0.00	0.00
LBC	36	21.51	28.52	28.43	21.54	0.00	0.00
LBC	37	21.61	28.37	28.50	21.52	0.00	0.00
LBC	38	21.66	28.32	28.40	21.62	0.00	0.00
LBC	39	21.48	28.56	28.44	21.52	0.00	0.00
LBC	40	21.59	28.40	28.50	21.51	0.00	0.00
LBC	41	21.61	28.36	28.41	21.61	0.00	0.00
LBC	42	21.48	28.58	28.43	21.51	0.00	0.00
LBC	43	21.60	28.39	28.51	21.50	0.00	0.00
LBC	44	21.65	28.36	28.38	21.60	0.00	0.00
LBC	45	21.48	28.56	28.44	21.52	0.00	0.00
LBC	46	21.59	28.40	28.51	21.50	0.00	0.00
LBC	47	21.62	28.37	28.42	21.60	0.00	0.00
LBC	48	21.46	28.58	28.48	21.48	0.00	0.00
LBC	49	21.57	28.40	28.56	21.47	0.00	0.00
LBC	50	21.60	28.39	28.43	21.58	0.00	0.00
LBC	51	21.45	28.61	28.47	21.48	0.00	0.00
LBC	52	21.58	28.40	28.55	21.47	0.00	0.00
LBC	53	21.62	28.37	28.44	21.57	0.00	0.00
LBC	54	21.47	28.58	28.46	21.49	0.00	0.00
LBC	55	21.57	28.40	28.54	21.49	0.00	0.00
LBC	56	21.61	28.37	28.42	21.60	0.00	0.00
LBC	57	21.45	28.58	28.48	21.49	0.00	0.00
LBC	58	21.56	28.42	28.54	21.48	0.00	0.00
LBC	59	21.61	28.38	28.46	21.55	0.00	0.00
LBC	60	21.46	28.59	28.48	21.47	0.00	0.00
LBC	61	21.57	28.42	28.56	21.45	0.00	0.00
LBC	62	21.62	28.39	28.44	21.55	0.00	0.00
LBC	63	21.46	28.60	28.46	21.48	0.00	0.00
LBC	64	21.58	28.42	28.53	21.47	0.00	0.00
LBC	65	21.62	28.38	28.44	21.56	0.00	0.00
LBC	66	21.47	28.60	28.46	21.48	0.00	0.00
LBC	67	21.58	28.43	28.53	21.46	0.00	0.00
LBC	68	21.62	28.39	28.45	21.54	0.00	0.00
LBC	69	21.47	28.60	28.46	21.47	0.00	0.00
LBC	70	21.57	28.42	28.55	21.46	0.00	0.00
LBC	71	21.60	28.39	28.44	21.56	0.00	0.00
LBC	72	21.46	28.60	28.47	21.47	0.00	0.00
LBC	73	21.57	28.43	28.54	21.47	0.00	0.00
LBC	74	21.61	28.40	28.43	21.56	0.00	0.00
LBC	75	21.47	28.60	28.45	21.48	0.00	0.00
LBC	76	21.57	28.41	28.55	21.47	0.00	0.00
LBC	77	21.61	28.39	28.44	21.56	0.00	0.00
LBC	78	21.46	28.61	28.46	21.47	0.00	0.00
LBC	79	21.57	28.42	28.55	21.46	0.00	0.00
LBC	80	21.62	28.38	28.45	21.55	0.00	0.00
LBC	81	21.46	28.60	28.48	21.46	0.00	0.00
LBC	82	21.58	28.42	28.56	21.44	0.00	0.00
LBC	83	21.61	28.42	28.42	21.56	0.00	0.00
LBC	84	21.47	28.59	28.48	21.46	0.00	0.00
LBC	85	21.58	28.41	28.55	21.45	0.00	0.00
LBC	86	21.63	28.39	28.43	21.54	0.00	0.00
LBC	87	21.47	28.60	28.47	21.47	0.00	0.00
LBC	88	21.58	28.42	28.56	21.44	0.00	0.00
LBC	89	21.62	28.39	28.43	21.57	0.00	0.00
LBC	90	21.46	28.59	28.47	21.48	0.00	0.00
LBC	91	21.57	28.44	28.55	21.45	0.00	0.00
LBC	92	21.64	28.40	28.43	21.53	0.00	0.00
LBC	93	21.48	28.61	28.45	21.47	0.00	0.00
LBC	94	21.56	28.44	28.55	21.45	0.00	0.00
LBC	95	21.62	28.39	28.43	21.56	0.00	0.00
LBC	96	21.47	28.59	28.48	21.47	0.00	0.00
LBC	97	21.59	28.43	28.52	21.46	0.00	0.00
LBC	98	21.60	28.40	28.43	21.57	0.00	0.00
LBC	99	21.46	28.60	28.47	21.46	0.00	0.00
LBC	100	21.58	28.44	28.55	21.43	0.00	0.00
LBC	101	21.63	28.38	28.45	21.54	0.00	0.00
LBC	102	21.46	28.60	28.48	21.45	0.00	0.00
LBC	103	21.57	28.44	28.54	21.45	0.00	0.00
LBC	104	21.63	28.40	28.44	21.53	0.00	0.00
LBC	105	21.47	28.61	28.46	21.46	0.00	0.00
LBC	106	21.57	28.45	28.52	21.46	0.00	0.00
LBC	107	21.63	28.41	28.41	21.55	0.00	0.00
LBC	108	21.48	28.60	28.45	21.47	0.00	0.00
LBC	109	21.57	28.45	28.54	21.45	0.00	0.00
LBC	110	21.62	28.39	28.44	21.55	0.00	0.00
LBC	111	21.47	28.60	28.47	21.46	0.00	0.00
LBC	112	21.57	28.44	28.54	21.45	0.00	0.00
LBC	113	21.61	28.42	28.42	21.55	0.00	0.00
LBC	114	21.47	28.60	28.47	21.46	0.00	0.00
LBC	115	21.60	28.43	28.52	21.46	0.00	0.00
LBC	116	21.61	28.41	28.44	21.54	0.00	0.00
LBC	117	21.47	28.59	28.46	21.47	0.00	0.00
LBC	118	21.60	28.45	28.52	21.44	0.00	0.00
LBC	119	21.63	28.40	28.44	21.53	0.00	0.00
LBC	120	21.48	28.60	28.48	21.45	0.00	0.00
LBC	121	21.57	28.45	28.53	21.45	0.01	0.00
LBC	122	21.62	28.42	28.43	21.52	0.01	0.00
LBC	123	21.49	28.59	28.47	21.45	0.01	0.00
LBC	124	21.57	28.45	28.54	21.44	0.01	0.00
LBC	125	21.63	28.41	28.42	21.55	0.01	0.00
LBC	126	21.49	28.59	28.44	21.47	0.00	0.00
LBC	127	21.58	28.44	28.52	21.45	0.01	0.00
LBC	128	21.63	28.39	28.43	21.55	0.00	0.00
LBC	129	21.50	28.59	28.45	21.46	0.00	0.00
LBC	130	21.58	28.46	28.51	21.44	0.00	0.00
LBC	131	21.62	28.43	28.42	21.52	0.00	0.00
LBC	132	21.47	28.61	28.46	21.45	0.00	0.00
LBC	133	21.59	28.48	28.51	21.42	0.00	0.00
LBC	134	21.63	28.42	28.42	21.53	0.00	0.00
LBC	135	21.49	28.60	28.45	21.46	0.00	0.00
LBC	136	21.58	28.45	28.52	21.45	0.00	0.00
LBC	137	21.62	28.45	28.41	21.52	0.00	0.00
LBC	138	21.49	28.60	28.45	21.46	0.00	0.00
LBC	139	21.58	28.46	28.53	21.43	0.00	0.00
LBC	140	21.62	28.43	28.42	21.53	0.00	0.00
LBC	141	21.49	28.60	28.46	21.45	0.00	0.00
LBC	142	21.55	28.48	28.55	21.42	0.00	0.00
LBC	143	21.62	28.44	28.43	21.50	0.00	0.00
LBC	144	21.46	28.63	28.47	21.44	0.00	0.00
LBC	145	21.57	28.46	28.54	21.43	0.00	0.00
LBC	146	21.60	28.45	28.42	21.52	0.00	0.00
LBC	147	21.43	28.67	28.44	21.47	0.00	0.00
LBC	148	21.32	28.59	28.57	21.52	0.00	0.00
LBC	149	20.77	28.85	28.56	21.82	0.00	0.00
LBC	150	17.35	30.57	29.26	22.82	0.00	0.00
LBC	151	0.01	39.50	31.90	28.59	0.00	0.00
# ACGT raw counters for last fragments. Use `grep ^LTC | cut -f 2-` to extract this part. The columns are: A,C,G,T,N base counters
LTC	861835558	1143435213	1141151117	867463433	36872
# Insert sizes. Use `grep ^IS | cut -f 2-` to extract this part. The columns are: insert size, pairs total, inward oriented pairs, outward oriented pairs, other pairs
IS	0	14	5	6	3
IS	1	0	0	0	0
IS	2	0	0	0	0
IS	3	0	0	0	0
IS	4	0	0	0	0
IS	5	0	0	0	0
IS	6	0	0	0	0
IS	7	0	0	0	0
IS	8	0	0	0	0
IS	9	0	0	0	0
IS	10	0	0	0	0
IS	11	0	0	0	0
IS	12	0	0	0	0
IS	13	0	0	0	0
IS	14	0	0	0	0
IS	15	0	0	0	0
IS	16	0	0	0	0
IS	17	0	0	0	0
IS	18	0	0	0	0
IS	19	0	0	0	0
IS	20	0	0	0	0
IS	21	0	0	0	0
IS	22	0	0	0	0
IS	23	0	0	0	0
IS	24	0	0	0	0
IS	25	0	0	0	0
IS	26	0	0	0	0
IS	27	0	0	0	0
IS	28	0	0	0	0
IS	29	0	0	0	0
IS	30	0	0	0	0
IS	31	0	0	0	0
IS	32	0	0	0	0
IS	33	0	0	0	0
IS	34	0	0	0	0
IS	35	0	0	0	0
IS	36	0	0	0	0
IS	37	0	0	0	0
IS	38	0	0	0	0
IS	39	0	0	0	0
IS	40	0	0	0	0
IS	41	0	0	0	0
IS	42	0	0	0	0
IS	43	0	0	0	0
IS	44	0	0	0	0
IS	45	0	0	0	0
IS	46	0	0	0	0
IS	47	0	0	0	0
IS	48	0	0	0	0
IS	49	0	0	0	0
IS	50	0	0	0	0
IS	51	0	0	0	0
IS	52	0	0	0	0
IS	53	0	0	0	0
IS	54	0	0	0	0
IS	55	0	0	0	0
IS	56	0	0	0	0
IS	57	0	0	0	0
IS	58	0	0	0	0
IS	59	0	0	0	0
IS	60	1	0	1	0
IS	61	2	0	2	0
IS	62	2	1	1	0
IS	63	1	1	0	0
IS	64	3	2	1	0
IS	65	2	1	1	0
IS	66	2	2	0	0
IS	67	1	0	1	0
IS	68	0	0	0	0
IS	69	1	0	1	0
IS	70	1	1	0	0
IS	71	1	0	1	0
IS	72	2	1	1	0
IS	73	2	1	1	0
IS	74	5	2	3	0
IS	75	0	0	0	0
IS	76	0	0	0	0
IS	77	0	0	0	0
IS	78	0	0	0	0
IS	79	3	2	1	0
IS	80	2	2	0	0
IS	81	1	0	1	0
IS	82	2	2	0	0
IS	83	4	0	4	0
IS	84	2	2	0	0
IS	85	0	0	0	0
IS	86	2	1	1	0
IS	87	3	1	2	0
IS	88	1	1	0	0
IS	89	5	2	3	0
IS	90	3	1	2	0
IS	91	8	7	1	0
IS	92	7	5	2	0
IS	93	2	1	1	0
IS	94	6	2	4	0
IS	95	0	0	0	0
IS	96	2	0	2	0
IS	97	5	2	3	0
IS	98	3	2	1	0
IS	99	2	1	1	0
IS	100	7	2	5	0
IS	101	4	3	1	0
IS	102	4	3	1	0
IS	103	7	2	5	0
IS	104	11	5	6	0
IS	105	12	9	3	0
IS	106	12	6	6	0
IS	107	6	4	2	0
IS	108	13	5	8	0
IS	109	9	4	5	0
IS	110	5	3	2	0
IS	111	12	5	7	0
IS	112	13	7	6	0
IS	113	9	3	6	0
IS	114	10	5	5	0
IS	115	7	4	3	0
IS	116	4	2	2	0
IS	117	7	3	4	0
IS	118	9	6	3	0
IS	119	12	8	4	0
IS	120	13	6	7	0
IS	121	12	8	4	0
IS	122	13	6	7	0
IS	123	7	2	5	0
IS	124	13	4	9	0
IS	125	11	5	6	0
IS	126	10	6	4	0
IS	127	19	10	9	0
IS	128	10	5	5	0
IS	129	6	3	3	0
IS	130	11	5	6	0
IS	131	14	9	5	0
IS	132	14	7	7	0
IS	133	20	10	10	0
IS	134	20	12	8	0
IS	135	19	10	9	0
IS	136	17	9	8	0
IS	137	18	6	12	0
IS	138	21	11	10	0
IS	139	13	6	7	0
IS	140	20	11	9	0
IS	141	16	6	10	0
IS	142	27	12	15	0
IS	143	19	16	3	0
IS	144	22	14	8	0
IS	145	15	10	5	0
IS	146	23	13	10	0
IS	147	18	12	6	0
IS	148	17	8	9	0
IS	149	23	11	12	0
IS	150	20	11	9	0
IS	151	30	22	8	0
IS	152	24	23	1	0
IS	153	32	31	1	0
IS	154	28	28	0	0
IS	155	24	24	0	0
IS	156	32	32	0	0
IS	157	36	36	0	0
IS	158	30	30	0	0
IS	159	35	35	0	0
IS	160	21	21	0	0
IS	161	29	29	0	0
IS	162	41	41	0	0
IS	163	46	46	0	0
IS	164	35	35	0	0
IS	165	33	33	0	0
IS	166	39	39	0	0
IS	167	38	38	0	0
IS	168	28	28	0	0
IS	169	37	37	0	0
IS	170	46	46	0	0
IS	171	39	39	0	0
IS	172	45	45	0	0
IS	173	43	43	0	0
IS	174	40	40	0	0
IS	175	47	47	0	0
IS	176	44	44	0	0
IS	177	33	33	0	0
IS	178	59	59	0	0
IS	179	41	41	0	0
IS	180	32	32	0	0
IS	181	34	34	0	0
IS	182	31	31	0	0
IS	183	39	39	0	0
IS	184	40	40	0	0
IS	185	43	43	0	0
IS	186	24	24	0	0
IS	187	36	36	0	0
IS	188	37	37	0	0
IS	189	36	36	0	0
IS	190	39	39	0	0
IS	191	30	30	0	0
IS	192	40	40	0	0
IS	193	43	43	0	0
IS	194	20	20	0	0
IS	195	24	24	0	0
IS	196	30	30	0	0
IS	197	38	38	0	0
IS	198	24	24	0	0
IS	199	34	34	0	0
IS	200	29	29	0	0
IS	201	30	30	0	0
IS	202	31	31	0	0
IS	203	32	32	0	0
IS	204	15	15	0	0
IS	205	27	27	0	0
IS	206	32	32	0	0
IS	207	20	20	0	0
IS	208	29	29	0	0
IS	209	30	30	0	0
IS	210	20	20	0	0
IS	211	28	28	0	0
IS	212	24	24	0	0
IS	213	21	21	0	0
IS	214	25	25	0	0
IS	215	11	11	0	0
IS	216	17	17	0	0
IS	217	23	23	0	0
IS	218	22	22	0	0
IS	219	17	17	0	0
IS	220	21	21	0	0
IS	221	21	21	0	0
IS	222	14	14	0	0
IS	223	10	10	0	0
IS	224	19	19	0	0
IS	225	25	25	0	0
IS	226	18	18	0	0
IS	227	16	16	0	0
IS	228	17	17	0	0
IS	229	18	18	0	0
IS	230	12	12	0	0
IS	231	12	12	0	0
IS	232	18	18	0	0
IS	233	18	18	0	0
IS	234	15	15	0	0
IS	235	13	13	0	0
IS	236	10	10	0	0
IS	237	9	9	0	0
IS	238	8	8	0	0
IS	239	20	20	0	0
IS	240	10	10	0	0
IS	241	18	18	0	0
IS	242	15	15	0	0
IS	243	17	17	0	0
IS	244	9	9	0	0
IS	245	11	11	0	0
IS	246	7	7	0	0
IS	247	8	8	0	0
IS	248	17	17	0	0
IS	249	10	10	0	0
IS	250	8	8	0	0
IS	251	7	7	0	0
IS	252	5	5	0	0
IS	253	10	10	0	0
IS	254	7	7	0	0
IS	255	22	22	0	0
IS	256	11	11	0	0
IS	257	8	8	0	0
IS	258	12	12	0	0
IS	259	9	9	0	0
IS	260	5	5	0	0
IS	261	9	9	0	0
IS	262	7	7	0	0
IS	263	3	3	0	0
IS	264	11	11	0	0
IS	265	10	10	0	0
IS	266	6	6	0	0
IS	267	6	6	0	0
IS	268	6	6	0	0
IS	269	3	3	0	0
IS	270	4	4	0	0
IS	271	4	4	0	0
IS	272	3	3	0	0
IS	273	7	7	0	0
IS	274	10	10	0	0
IS	275	6	6	0	0
IS	276	6	6	0	0
IS	277	9	9	0	0
IS	278	1	1	0	0
IS	279	2	2	0	0
IS	280	8	8	0	0
IS	281	8	8	0	0
IS	282	5	5	0	0
IS	283	3	3	0	0
IS	284	5	5	0	0
IS	285	3	3	0	0
IS	286	3	3	0	0
IS	287	5	5	0	0
IS	288	4	4	0	0
IS	289	4	4	0	0
IS	290	3	3	0	0
IS	291	4	4	0	0
IS	292	4	4	0	0
IS	293	2	2	0	0
IS	294	3	3	0	0
IS	295	6	6	0	0
IS	296	10	10	0	0
IS	297	4	4	0	0
IS	298	6	6	0	0
IS	299	3	3	0	0
IS	300	6	6	0	0
IS	301	4	4	0	0
IS	302	4	4	0	0
IS	303	11	10	0	1
IS	304	3	3	0	0
IS	305	7	7	0	0
IS	306	5	5	0	0
IS	307	7	7	0	0
IS	308	5	5	0	0
IS	309	2	2	0	0
IS	310	2	2	0	0
IS	311	4	4	0	0
IS	312	9	9	0	0
IS	313	5	5	0	0
IS	314	4	4	0	0
IS	315	6	6	0	0
IS	316	6	6	0	0
IS	317	6	6	0	0
IS	318	3	3	0	0
IS	319	7	7	0	0
IS	320	9	9	0	0
IS	321	3	2	0	1
IS	322	13	13	0	0
IS	323	2	2	0	0
IS	324	6	6	0	0
IS	325	7	7	0	0
IS	326	7	5	0	2
IS	327	3	3	0	0
IS	328	7	7	0	0
IS	329	9	9	0	0
IS	330	10	10	0	0
IS	331	6	6	0	0
IS	332	10	10	0	0
IS	333	5	5	0	0
IS	334	8	8	0	0
IS	335	9	9	0	0
IS	336	8	8	0	0
IS	337	5	5	0	0
IS	338	6	6	0	0
IS	339	13	13	0	0
IS	340	14	14	0	0
IS	341	10	10	0	0
IS	342	13	13	0	0
IS	343	13	13	0	0
IS	344	15	15	0	0
IS	345	16	16	0	0
IS	346	10	10	0	0
IS	347	13	13	0	0
IS	348	12	11	0	1
IS	349	8	8	0	0
IS	350	13	13	0	0
IS	351	11	11	0	0
IS	352	20	20	0	0
IS	353	21	21	0	0
IS	354	18	18	0	0
IS	355	18	18	0	0
IS	356	19	18	0	1
IS	357	22	22	0	0
IS	358	34	34	0	0
IS	359	35	35	0	0
IS	360	39	39	0	0
IS	361	29	29	0	0
IS	362	31	31	0	0
IS	363	33	33	0	0
IS	364	53	53	0	0
IS	365	46	46	0	0
IS	366	47	47	0	0
IS	367	57	57	0	0
IS	368	66	66	0	0
IS	369	49	49	0	0
IS	370	87	87	0	0
IS	371	90	90	0	0
IS	372	104	104	0	0
IS	373	131	131	0	0
IS	374	146	146	0	0
IS	375	137	137	0	0
IS	376	143	143	0	0
IS	377	161	161	0	0
IS	378	203	203	0	0
IS	379	209	209	0	0
IS	380	246	246	0	0
IS	381	298	298	0	0
IS	382	260	260	0	0
IS	383	269	269	0	0
IS	384	348	348	0	0
IS	385	330	330	0	0
IS	386	382	382	0	0
IS	387	393	393	0	0
IS	388	457	456	0	1
IS	389	437	437	0	0
IS	390	446	445	0	1
IS	391	445	445	0	0
IS	392	494	494	0	0
IS	393	481	480	0	1
IS	394	541	541	0	0
IS	395	504	504	0	0
IS	396	483	483	0	0
IS	397	432	432	0	0
IS	398	427	427	0	0
IS	399	401	401	0	0
IS	400	404	404	0	0
IS	401	365	365	0	0
IS	402	314	314	0	0
IS	403	283	283	0	0
IS	404	282	282	0	0
IS	405	230	230	0	0
IS	406	232	232	0	0
IS	407	159	159	0	0
IS	408	164	163	0	1
IS	409	108	108	0	0
IS	410	110	110	0	0
IS	411	65	65	0	0
IS	412	68	68	0	0
IS	413	45	45	0	0
IS	414	37	37	0	0
IS	415	35	35	0	0
IS	416	27	27	0	0
IS	417	26	26	0	0
IS	418	22	22	0	0
IS	419	29	29	0	0
IS	420	27	27	0	0
# Read lengths. Use `grep ^RL | cut -f 2-` to extract this part. The columns are: read length, count
RL	60	367
RL	61	348
RL	62	385
RL	63	418
RL	64	478
RL	65	472
RL	66	524
RL	67	421
RL	68	608
RL	69	614
RL	70	760
RL	71	792
RL	72	885
RL	73	1100
RL	74	1056
RL	75	1038
RL	76	1140
RL	77	1064
RL	78	1219
RL	79	1166
RL	80	1343
RL	81	1353
RL	82	1367
RL	83	1456
RL	84	1492
RL	85	1544
RL	86	1638
RL	87	1866
RL	88	1972
RL	89	2054
RL	90	2119
RL	91	2186
RL	92	2238
RL	93	2590
RL	94	2771
RL	95	2689
RL	96	3125
RL	97	2997
RL	98	3414
RL	99	3786
RL	100	4159
RL	101	4331
RL	102	4386
RL	103	4799
RL	104	4795
RL	105	5182
RL	106	5341
RL	107	5808
RL	108	6179
RL	109	6194
RL	110	5920
RL	111	6270
RL	112	6410
RL	113	6993
RL	114	6859
RL	115	7046
RL	116	7309
RL	117	7372
RL	118	8006
RL	119	8203
RL	120	8398
RL	121	8399
RL	122	8784
RL	123	9122
RL	124	9541
RL	125	9867
RL	126	10096
RL	127	10340
RL	128	10601
RL	129	10947
RL	130	11352
RL	131	11599
RL	132	12188
RL	133	12459
RL	134	12784
RL	135	12869
RL	136	13666
RL	137	14268
RL	138	15245
RL	139	16654
RL	140	20283
RL	141	27302
RL	142	29555
RL	143	17244
RL	144	20615
RL	145	33531
RL	146	59530
RL	147	177783
RL	148	593795
RL	149	2646523
RL	150	10531192
RL	151	38824751
# Read lengths - first fragments. Use `grep ^FRL | cut -f 2-` to extract this part. The columns are: read length, count
FRL	60	138
FRL	61	129
FRL	62	133
FRL	63	136
FRL	64	152
FRL	65	176
FRL	66	196
FRL	67	177
FRL	68	211
FRL	69	201
FRL	70	260
FRL	71	255
FRL	72	272
FRL	73	364
FRL	74	339
FRL	75	327
FRL	76	357
FRL	77	365
FRL	78	456
FRL	79	450
FRL	80	516
FRL	81	541
FRL	82	571
FRL	83	631
FRL	84	661
FRL	85	691
FRL	86	722
FRL	87	856
FRL	88	891
FRL	89	960
FRL	90	1014
FRL	91	1004
FRL	92	1106
FRL	93	1264
FRL	94	1342
FRL	95	1300
FRL	96	1503
FRL	97	1429
FRL	98	1617
FRL	99	1766
FRL	100	1846
FRL	101	1916
FRL	102	1954
FRL	103	2033
FRL	104	2071
FRL	105	2270
FRL	106	2317
FRL	107	2520
FRL	108	2706
FRL	109	2812
FRL	110	2765
FRL	111	2934
FRL	112	3024
FRL	113	3300
FRL	114	3286
FRL	115	3422
FRL	116	3587
FRL	117	3650
FRL	118	3990
FRL	119	4104
FRL	120	4190
FRL	121	4201
FRL	122	4382
FRL	123	4557
FRL	124	4763
FRL	125	4920
FRL	126	5040
FRL	127	5167
FRL	128	5296
FRL	129	5480
FRL	130	5684
FRL	131	5800
FRL	132	6083
FRL	133	6222
FRL	134	6407
FRL	135	6426
FRL	136	6828
FRL	137	7136
FRL	138	7604
FRL	139	8322
FRL	140	10203
FRL	141	13624
FRL	142	14891
FRL	143	8589
FRL	144	10288
FRL	145	16871
FRL	146	29980
FRL	147	88923
FRL	148	294683
FRL	149	1326715
FRL	150	5210398
FRL	151	19474191
# Read lengths - last fragments. Use `grep ^LRL | cut -f 2-` to extract this part. The columns are: read length, count
LRL	60	229
LRL	61	219
LRL	62	252
LRL	63	282
LRL	64	326
LRL	65	296
LRL	66	328
LRL	67	244
LRL	68	397
LRL	69	413
LRL	70	500
LRL	71	537
LRL	72	613
LRL	73	736
LRL	74	717
LRL	75	711
LRL	76	783
LRL	77	699
LRL	78	763
LRL	79	716
LRL	80	827
LRL	81	812
LRL	82	796
LRL	83	825
LRL	84	831
LRL	85	853
LRL	86	916
LRL	87	1010
LRL	88	1081
LRL	89	1094
LRL	90	1105
LRL	91	1182
LRL	92	1132
LRL	93	1326
LRL	94	1429
LRL	95	1389
LRL	96	1622
LRL	97	1568
LRL	98	1797
LRL	99	2020
LRL	100	2313
LRL	101	2415
LRL	102	2432
LRL	103	2766
LRL	104	2724
LRL	105	2912
LRL	106	3024
LRL	107	3288
LRL	108	3473
LRL	109	3382
LRL	110	3155
LRL	111	3336
LRL	112	3386
LRL	113	3693
LRL	114	3573
LRL	115	3624
LRL	116	3722
LRL	117	3722
LRL	118	4016
LRL	119	4099
LRL	120	4208
LRL	121	4198
LRL	122	4402
LRL	123	4565
LRL	124	4778
LRL	125	4947
LRL	126	5056
LRL	127	5173
LRL	128	5305
LRL	129	5467
LRL	130	5668
LRL	131	5799
LRL	132	6105
LRL	133	6237
LRL	134	6377
LRL	135	6443
LRL	136	6838
LRL	137	7132
LRL	138	7641
LRL	139	8332
LRL	140	10080
LRL	141	13678
LRL	142	14664
LRL	143	8655
LRL	144	10327
LRL	145	16660
LRL	146	29550
LRL	147	88860
LRL	148	299112
LRL	149	1319808
LRL	150	5320794
LRL	151	19350560
# Mapping qualities for reads !(UNMAP|SECOND|SUPPL|QCFAIL|DUP). Use `grep ^MAPQ | cut -f 2-` to extract this part. The columns are: mapq, count
MAPQ	0	205
MAPQ	1	2064
MAPQ	2	99
MAPQ	3	38
MAPQ	4	1
MAPQ	6	1482
MAPQ	7	72
MAPQ	8	55
MAPQ	11	52
MAPQ	12	670
MAPQ	14	14
MAPQ	15	29
MAPQ	16	12
MAPQ	17	318
MAPQ	18	340
MAPQ	21	327
MAPQ	22	285
MAPQ	23	174
MAPQ	24	250
MAPQ	25	305
MAPQ	26	206
MAPQ	27	104
MAPQ	30	665
MAPQ	31	297
MAPQ	32	342
MAPQ	33	35
MAPQ	34	326
MAPQ	35	286
MAPQ	36	202
MAPQ	37	154
MAPQ	38	126
MAPQ	39	94
MAPQ	40	504
MAPQ	42	25239
# Indel distribution. Use `grep ^ID | cut -f 2-` to extract this part. The columns are: length, number of insertions, number of deletions
ID	1	367	723
ID	2	97	179
ID	3	55	29
ID	4	69	32
ID	5	39	14
ID	6	18	8
ID	7	8	5
ID	8	12	7
ID	9	10	5
ID	10	6	1
ID	11	4	6
ID	12	3	0
ID	13	3	1
ID	14	4	1
ID	15	6	4
ID	16	3	4
ID	17	3	1
ID	18	1	0
ID	20	1	0
ID	26	2	0
# Indels per cycle. Use `grep ^IC | cut -f 2-` to extract this part. The columns are: cycle, number of insertions (fwd), .. (rev) , number of deletions (fwd), .. (rev)
IC	2	3	1	0	0
IC	3	0	0	2	0
IC	4	1	2	1	4
IC	5	14	12	2	4
IC	6	4	13	3	2
IC	7	3	7	6	2
IC	8	4	4	2	5
IC	9	3	4	0	3
IC	10	8	5	2	2
IC	11	4	3	2	4
IC	12	2	8	5	2
IC	13	2	4	8	5
IC	14	2	3	3	1
IC	15	4	0	4	4
IC	16	1	2	1	3
IC	17	4	3	3	6
IC	18	4	0	5	0
IC	19	3	1	4	2
IC	20	1	3	2	6
IC	21	2	1	3	3
IC	22	5	2	2	3
IC	23	2	3	5	4
IC	24	1	6	5	1
IC	25	0	3	3	3
IC	26	1	0	2	7
IC	27	0	0	2	1
IC	28	2	5	8	4
IC	29	5	3	4	3
IC	30	3	0	4	2
IC	31	2	2	3	1
IC	32	3	0	4	4
IC	33	3	1	1	2
IC	34	1	0	2	4
IC	35	1	0	2	3
IC	36	0	6	2	7
IC	37	0	4	5	2
IC	38	1	2	3	1
IC	39	0	2	1	4
IC	40	3	0	1	3
IC	41	3	3	6	6
IC	42	1	1	4	4
IC	43	3	4	3	3
IC	44	1	3	2	1
IC	45	1	1	2	5
IC	46	1	3	3	6
IC	47	1	2	3	6
IC	48	2	1	3	5
IC	49	2	2	4	1
IC	50	1	1	3	3
IC	51	1	2	1	6
IC	52	2	1	4	5
IC	53	1	1	3	5
IC	54	1	0	3	2
IC	55	0	6	3	3
IC	56	3	1	3	10
IC	57	0	1	3	6
IC	58	1	1	4	3
IC	59	1	1	4	5
IC	60	1	0	4	1
IC	61	2	6	1	1
IC	62	4	2	6	3
IC	63	1	2	1	2
IC	64	0	1	3	3
IC	65	0	1	4	3
IC	66	6	1	2	6
IC	67	1	2	6	5
IC	68	0	3	3	4
IC	69	1	1	3	3
IC	70	1	3	7	4
IC	71	3	1	1	4
IC	72	2	2	6	5
IC	73	1	1	1	3
IC	74	1	3	3	4
IC	75	0	1	5	2
IC	76	2	2	5	2
IC	77	1	0	6	4
IC	78	2	3	5	4
IC	79	3	0	2	2
IC	80	0	1	6	4
IC	81	4	0	8	0
IC	82	2	3	0	2
IC	83	2	3	4	4
IC	84	5	2	3	6
IC	85	1	2	4	3
IC	86	3	2	5	2
IC	87	0	4	5	2
IC	88	2	2	1	4
IC	89	3	1	3	0
IC	90	1	3	2	4
IC	91	0	0	3	4
IC	92	5	1	3	1
IC	93	2	0	2	3
IC	94	3	3	6	4
IC	95	3	4	6	1
IC	96	4	2	2	6
IC	97	3	3	8	4
IC	98	1	6	0	4
IC	99	3	1	3	7
IC	100	3	2	7	4
IC	101	1	4	1	6
IC	102	2	1	2	4
IC	103	2	2	3	4
IC	104	2	3	9	2
IC	105	3	1	3	4
IC	106	0	3	8	5
IC	107	2	4	5	3
IC	108	4	2	4	9
IC	109	3	0	4	2
IC	110	2	3	4	7
IC	111	2	3	6	6
IC	112	1	3	6	2
IC	113	4	2	4	3
IC	114	2	0	3	5
IC	115	3	0	2	7
IC	116	1	2	5	3
IC	117	1	3	5	3
IC	118	3	1	4	6
IC	119	4	1	4	2
IC	120	1	2	4	1
IC	121	3	4	4	3
IC	122	4	1	7	2
IC	123	3	6	4	3
IC	124	5	0	7	5
IC	125	1	1	4	4
IC	126	3	4	5	6
IC	127	3	4	2	6
IC	128	2	1	4	4
IC	129	1	2	5	4
IC	130	7	4	3	3
IC	131	4	3	4	4
IC	132	3	5	4	1
IC	133	5	2	2	2
IC	134	5	0	5	3
IC	135	5	2	1	2
IC	136	5	5	4	6
IC	137	10	8	3	4
IC	138	5	2	1	1
IC	139	3	1	3	2
IC	140	5	2	9	3
IC	141	6	2	4	4
IC	142	4	4	1	1
IC	143	4	3	1	2
IC	144	2	4	2	2
IC	145	4	1	1	2
IC	146	2	1	5	3
IC	147	6	2	2	0
IC	148	3	0	2	0
IC	149	1	0	0	0
# Coverage distribution. Use `grep ^COV | cut -f 2-` to extract this part.
COV	[1-1]	1	3271641
COV	[2-2]	2	554645
COV	[3-3]	3	12710
COV	[4-4]	4	4591
COV	[5-5]	5	361
COV	[6-6]	6	321
COV	[7-7]	7	165
COV	[8-8]	8	230
COV	[9-9]	9	49
COV	[10-10]	10	41
COV	[11-11]	11	64
COV	[12-12]	12	65
COV	[13-13]	13	43
COV	[14-14]	14	31
COV	[15-15]	15	54
COV	[16-16]	16	33
COV	[17-17]	17	50
COV	[18-18]	18	29
COV	[19-19]	19	64
COV	[20-20]	20	35
COV	[21-21]	21	59
COV	[22-22]	22	38
COV	[23-23]	23	28
COV	[24-24]	24	32
COV	[25-25]	25	79
COV	[26-26]	26	45
COV	[27-27]	27	45
COV	[28-28]	28	106
COV	[29-29]	29	170
COV	[30-30]	30	163
COV	[31-31]	31	177
COV	[32-32]	32	138
COV	[33-33]	33	199
COV	[34-34]	34	161
COV	[35-35]	35	222
COV	[36-36]	36	252
COV	[37-37]	37	233
COV	[38-38]	38	258
COV	[39-39]	39	311
COV	[40-40]	40	362
COV	[41-41]	41	379
COV	[42-42]	42	353
COV	[43-43]	43	355
COV	[44-44]	44	393
COV	[45-45]	45	368
COV	[46-46]	46	396
COV	[47-47]	47	448
COV	[48-48]	48	504
COV	[49-49]	49	520
COV	[50-50]	50	551
COV	[51-51]	51	565
COV	[52-52]	52	498
COV	[53-53]	53	544
COV	[54-54]	54	556
COV	[55-55]	55	509
COV	[56-56]	56	548
COV	[57-57]	57	559
COV	[58-58]	58	539
COV	[59-59]	59	500
COV	[60-60]	60	469
COV	[61-61]	61	453
COV	[62-62]	62	403
COV	[63-63]	63	385
COV	[64-64]	64	339
COV	[65-65]	65	273
COV	[66-66]	66	182
COV	[67-67]	67	168
COV	[68-68]	68	160
COV	[69-69]	69	156
COV	[70-70]	70	81
COV	[71-71]	71	68
COV	[72-72]	72	61
COV	[73-73]	73	61
COV	[74-74]	74	63
COV	[75-75]	75	81
COV	[76-76]	76	70
COV	[77-77]	77	62
COV	[78-78]	78	62
COV	[79-79]	79	61
COV	[80-80]	80	72
COV	[81-81]	81	50
COV	[82-82]	82	22
COV	[83-83]	83	9
COV	[84-84]	84	2
# GC-depth. Use `grep ^GCD | cut -f 2-` to extract this part. The columns are: GC%, unique sequence percentiles, 10th, 25th, 50th, 75th and 90th depth percentile
GCD	0.0	0.015	0.000	0.000	0.000	0.000	0.000
GCD	1.1	0.023	0.015	0.015	0.015	0.015	0.015
GCD	14.0	0.031	0.015	0.015	0.015	0.015	0.015
GCD	18.0	0.039	0.015	0.015	0.015	0.015	0.015
GCD	19.0	0.046	0.015	0.015	0.015	0.015	0.015
GCD	21.0	0.085	0.015	0.015	0.015	0.015	0.015
GCD	22.0	0.139	0.015	0.015	0.015	0.015	0.015
GCD	23.0	0.185	0.015	0.015	0.015	0.015	0.015
GCD	24.0	0.316	0.015	0.015	0.015	0.015	0.015
GCD	25.0	0.655	0.015	0.015	0.015	0.015	0.015
GCD	26.0	1.187	0.015	0.015	0.015	0.015	0.030
GCD	27.0	2.027	0.015	0.015	0.015	0.015	0.015
GCD	28.0	3.222	0.015	0.015	0.015	0.015	0.015
GCD	29.0	4.856	0.015	0.015	0.015	0.015	0.026
GCD	30.0	7.053	0.015	0.015	0.015	0.015	0.015
GCD	31.0	9.982	0.015	0.015	0.015	0.015	0.022
GCD	32.0	13.126	0.015	0.015	0.015	0.015	0.030
GCD	33.0	16.949	0.015	0.015	0.015	0.015	0.030
GCD	34.0	20.980	0.015	0.015	0.015	0.015	0.030
GCD	35.0	25.698	0.015	0.015	0.015	0.015	0.030
GCD	36.0	30.607	0.015	0.015	0.015	0.015	0.030
GCD	37.0	35.995	0.015	0.015	0.015	0.015	0.030
GCD	38.0	41.560	0.015	0.015	0.015	0.015	0.030
GCD	39.0	47.009	0.015	0.015	0.015	0.015	0.030
GCD	40.0	52.120	0.015	0.015	0.015	0.015	0.030
GCD	41.0	56.791	0.015	0.015	0.015	0.015	0.030
GCD	42.0	60.930	0.015	0.015	0.015	0.015	0.030
GCD	43.0	64.945	0.015	0.015	0.015	0.015	0.030
GCD	44.0	68.969	0.015	0.015	0.015	0.015	0.030
GCD	45.0	72.352	0.015	0.015	0.015	0.015	0.030
GCD	46.0	75.705	0.015	0.015	0.015	0.015	0.030
GCD	47.0	79.035	0.015	0.015	0.015	0.015	0.030
GCD	48.0	81.686	0.015	0.015	0.015	0.015	0.030
GCD	49.0	84.145	0.015	0.015	0.015	0.015	0.030
GCD	50.0	86.419	0.015	0.015	0.015	0.015	0.030
GCD	51.0	88.300	0.015	0.015	0.015	0.015	0.030
GCD	52.0	90.011	0.015	0.015	0.015	0.015	0.030
GCD	53.0	91.421	0.015	0.015	0.015	0.015	0.030
GCD	54.0	92.801	0.015	0.015	0.015	0.015	0.030
GCD	55.0	94.003	0.015	0.015	0.015	0.015	0.030
GCD	56.0	94.782	0.015	0.015	0.015	0.015	0.029
GCD	57.0	95.530	0.015	0.015	0.015	0.015	0.030
GCD	58.0	96.138	0.015	0.015	0.015	0.015	0.030
GCD	59.0	96.778	0.015	0.015	0.015	0.015	0.027
GCD	60.0	97.341	0.015	0.015	0.015	0.015	0.030
GCD	61.0	97.695	0.015	0.015	0.015	0.015	0.020
GCD	62.0	98.058	0.015	0.015	0.015	0.015	0.018
GCD	63.0	98.397	0.015	0.015	0.015	0.015	0.030
GCD	64.0	98.674	0.015	0.015	0.015	0.015	0.030
GCD	65.0	98.936	0.011	0.015	0.015	0.015	0.019
GCD	66.0	99.129	0.012	0.015	0.015	0.015	0.026
GCD	67.0	99.329	0.015	0.015	0.015	0.015	0.020
GCD	68.0	99.445	0.008	0.015	0.015	0.015	0.030
GCD	69.0	99.530	0.009	0.015	0.015	0.015	0.027
GCD	70.0	99.630	0.008	0.015	0.015	0.015	0.015
GCD	71.0	99.707	0.008	0.015	0.015	0.015	0.029
GCD	72.0	99.761	0.015	0.015	0.015	0.015	0.015
GCD	73.0	99.800	0.015	0.015	0.015	0.019	0.023
GCD	74.0	99.846	0.015	0.015	0.015	0.015	0.015
GCD	75.0	99.900	0.015	0.015	0.015	0.015	0.015
GCD	77.0	99.908	0.015	0.015	0.015	0.015	0.015
GCD	78.0	99.915	0.015	0.015	0.015	0.015	0.015
GCD	79.0	99.961	0.015	0.015	0.015	0.015	0.015
GCD	80.0	99.977	0.030	0.030	0.045	0.060	0.060
GCD	83.0	100.000	0.015	0.015	0.015	0.015	0.015
