chr1	248956422	116128	574
chr10	133797422	27253	1710
chr11	135086622	18899	46
chr11_KI270721v1_random	100316	0	0
chr12	133275309	19779	52
chr13	114364328	15893	33
chr14	107043718	15029	44
chr14_GL000009v2_random	201709	45	1
chr14_GL000225v1_random	211173	5431	356
chr14_KI270722v1_random	194050	90	2
chr14_GL000194v1_random	191469	34	0
chr14_KI270723v1_random	38115	81	9
chr14_KI270724v1_random	39555	78	6
chr14_KI270725v1_random	172810	20	0
chr14_KI270726v1_random	43739	13	3
chr15	101991189	16916	41
chr15_KI270727v1_random	448248	4	0
chr16	90338345	64144	516
chr16_KI270728v1_random	1872759	64	0
chr17	83257441	14204	510
chr17_GL000205v2_random	185591	31	1
chr17_KI270729v1_random	280839	6400	2422
chr17_KI270730v1_random	112551	303	60
chr18	80373285	28740	82
chr19	58617616	18188	51
chr1_KI270706v1_random	175055	42	0
chr1_KI270707v1_random	32032	4	0
chr1_KI270708v1_random	127682	14	0
chr1_KI270709v1_random	66860	11920	52
chr1_KI270710v1_random	40176	0	0
chr1_KI270711v1_random	42210	8	0
chr1_KI270712v1_random	176043	6	0
chr1_KI270713v1_random	40745	2	0
chr1_KI270714v1_random	41717	2	0
chr2	242193529	23142	670
chr20	64444167	24029	779
chr21	46709983	28189	320
chr22	50818468	11843	192
chr22_KI270731v1_random	150754	0	0
chr22_KI270732v1_random	41543	12	0
chr22_KI270733v1_random	179772	4510	5
chr22_KI270734v1_random	165050	15	1
chr22_KI270735v1_random	42811	77	17
chr22_KI270736v1_random	181920	445	147
chr22_KI270737v1_random	103838	256	89
chr22_KI270738v1_random	99375	44	1
chr22_KI270739v1_random	73985	20	2
chr2_KI270715v1_random	161471	342	0
chr2_KI270716v1_random	153799	291	1
chr3	198295559	28437	122
chr3_GL000221v1_random	155397	12	0
chr4	190214555	32480	2312
chr4_GL000008v2_random	209709	192	36
chr5	181538259	45543	3762
chr5_GL000208v1_random	92689	44	1
chr6	170805979	24743	54
chr7	159345973	28742	136
chr8	145138636	22686	66
chr9	138394717	19770	75
chr9_KI270717v1_random	40062	4	0
chr9_KI270718v1_random	38054	16	1
chr9_KI270719v1_random	176845	22	0
chr9_KI270720v1_random	39050	30	0
chr1_KI270762v1_alt	354444	43	4
chr1_KI270766v1_alt	256271	4	0
chr1_KI270760v1_alt	109528	6	0
chr1_KI270765v1_alt	185285	5	0
chr1_GL383518v1_alt	182439	0	0
chr1_GL383519v1_alt	110268	4	0
chr1_GL383520v2_alt	366580	8	0
chr1_KI270764v1_alt	50258	0	0
chr1_KI270763v1_alt	911658	16	0
chr1_KI270759v1_alt	425601	0	0
chr1_KI270761v1_alt	165834	2	0
chr2_KI270770v1_alt	136240	10	0
chr2_KI270773v1_alt	70887	4	0
chr2_KI270774v1_alt	223625	22	0
chr2_KI270769v1_alt	120616	2	0
chr2_GL383521v1_alt	143390	8	0
chr2_KI270772v1_alt	133041	234	0
chr2_KI270775v1_alt	138019	2	0
chr2_KI270771v1_alt	110395	6	0
chr2_KI270768v1_alt	110099	2	0
chr2_GL582966v2_alt	96131	16	0
chr2_GL383522v1_alt	123821	20	0
chr2_KI270776v1_alt	174166	0	0
chr2_KI270767v1_alt	161578	0	0
chr3_JH636055v2_alt	173151	4	0
chr3_KI270783v1_alt	109187	6	0
chr3_KI270780v1_alt	224108	4	0
chr3_GL383526v1_alt	180671	0	0
chr3_KI270777v1_alt	173649	6	0
chr3_KI270778v1_alt	248252	4	0
chr3_KI270781v1_alt	113034	0	0
chr3_KI270779v1_alt	205312	2	0
chr3_KI270782v1_alt	162429	4	0
chr3_KI270784v1_alt	184404	4	0
chr4_KI270790v1_alt	220246	6	0
chr4_GL383528v1_alt	376187	22	0
chr4_KI270787v1_alt	111943	0	0
chr4_GL000257v2_alt	586476	12	0
chr4_KI270788v1_alt	158965	8	0
chr4_GL383527v1_alt	164536	2	0
chr4_KI270785v1_alt	119912	2	0
chr4_KI270789v1_alt	205944	9	0
chr4_KI270786v1_alt	244096	4	0
chr5_KI270793v1_alt	126136	1	1
chr5_KI270792v1_alt	179043	2	0
chr5_KI270791v1_alt	195710	8	0
chr5_GL383532v1_alt	82728	2	0
chr5_GL949742v1_alt	226852	12	0
chr5_KI270794v1_alt	164558	8	0
chr5_GL339449v2_alt	1612928	16	0
chr5_GL383530v1_alt	101241	8	0
chr5_KI270796v1_alt	172708	22	0
chr5_GL383531v1_alt	173459	14	0
chr5_KI270795v1_alt	131892	0	0
chr6_GL000250v2_alt	4672374	14	0
chr6_KI270800v1_alt	175808	14	0
chr6_KI270799v1_alt	152148	3	1
chr6_GL383533v1_alt	124736	0	0
chr6_KI270801v1_alt	870480	14	0
chr6_KI270802v1_alt	75005	4	0
chr6_KB021644v2_alt	185823	0	0
chr6_KI270797v1_alt	197536	4	0
chr6_KI270798v1_alt	271782	2	0
chr7_KI270804v1_alt	157952	6	0
chr7_KI270809v1_alt	209586	6	0
chr7_KI270806v1_alt	158166	2	0
chr7_GL383534v2_alt	119183	0	0
chr7_KI270803v1_alt	1111570	24	0
chr7_KI270808v1_alt	271455	0	0
chr7_KI270807v1_alt	126434	6	0
chr7_KI270805v1_alt	209988	8	0
chr8_KI270818v1_alt	145606	10	0
chr8_KI270812v1_alt	282736	0	0
chr8_KI270811v1_alt	292436	4	0
chr8_KI270821v1_alt	985506	26	0
chr8_KI270813v1_alt	300230	14	0
chr8_KI270822v1_alt	624492	6	0
chr8_KI270814v1_alt	141812	4	0
chr8_KI270810v1_alt	374415	8	0
chr8_KI270819v1_alt	133535	0	0
chr8_KI270820v1_alt	36640	2	0
chr8_KI270817v1_alt	158983	4	0
chr8_KI270816v1_alt	305841	14	0
chr8_KI270815v1_alt	132244	0	0
chr9_GL383539v1_alt	162988	2	0
chr9_GL383540v1_alt	71551	8	0
chr9_GL383541v1_alt	171286	24	5
chr9_GL383542v1_alt	60032	4	0
chr9_KI270823v1_alt	439082	26	0
chr10_GL383545v1_alt	179254	4	0
chr10_KI270824v1_alt	181496	76	3
chr10_GL383546v1_alt	309802	15	0
chr10_KI270825v1_alt	188315	0	0
chr11_KI270832v1_alt	210133	2	0
chr11_KI270830v1_alt	177092	2	0
chr11_KI270831v1_alt	296895	0	0
chr11_KI270829v1_alt	204059	13	1
chr11_GL383547v1_alt	154407	0	0
chr11_JH159136v1_alt	200998	14	0
chr11_JH159137v1_alt	191409	12	0
chr11_KI270827v1_alt	67707	2	0
chr11_KI270826v1_alt	186169	8	0
chr12_GL877875v1_alt	167313	18	0
chr12_GL877876v1_alt	408271	2	0
chr12_KI270837v1_alt	40090	0	0
chr12_GL383549v1_alt	120804	22	0
chr12_KI270835v1_alt	238139	6	0
chr12_GL383550v2_alt	169178	26	2
chr12_GL383552v1_alt	138655	6	0
chr12_GL383553v2_alt	152874	6	0
chr12_KI270834v1_alt	119498	0	0
chr12_GL383551v1_alt	184319	34	0
chr12_KI270833v1_alt	76061	0	0
chr12_KI270836v1_alt	56134	0	0
chr13_KI270840v1_alt	191684	4	0
chr13_KI270839v1_alt	180306	2	0
chr13_KI270843v1_alt	103832	0	0
chr13_KI270841v1_alt	169134	2	0
chr13_KI270838v1_alt	306913	0	0
chr13_KI270842v1_alt	37287	0	0
chr14_KI270844v1_alt	322166	16	0
chr14_KI270847v1_alt	1511111	38	0
chr14_KI270845v1_alt	180703	6	0
chr14_KI270846v1_alt	1351393	48	2
chr15_KI270852v1_alt	478999	10	0
chr15_KI270851v1_alt	263054	0	0
chr15_KI270848v1_alt	327382	4	0
chr15_GL383554v1_alt	296527	0	0
chr15_KI270849v1_alt	244917	12	0
chr15_GL383555v2_alt	388773	6	0
chr15_KI270850v1_alt	430880	0	0
chr16_KI270854v1_alt	134193	1	0
chr16_KI270856v1_alt	63982	0	0
chr16_KI270855v1_alt	232857	2	0
chr16_KI270853v1_alt	2659700	66	0
chr16_GL383556v1_alt	192462	8	0
chr16_GL383557v1_alt	89672	0	0
chr17_GL383563v3_alt	375691	4	0
chr17_KI270862v1_alt	391357	8	0
chr17_KI270861v1_alt	196688	2	0
chr17_KI270857v1_alt	2877074	50	0
chr17_JH159146v1_alt	278131	2	0
chr17_JH159147v1_alt	70345	2	0
chr17_GL383564v2_alt	133151	0	0
chr17_GL000258v2_alt	1821992	12	0
chr17_GL383565v1_alt	223995	40	0
chr17_KI270858v1_alt	235827	6	0
chr17_KI270859v1_alt	108763	6	0
chr17_GL383566v1_alt	90219	2	0
chr17_KI270860v1_alt	178921	14	0
chr18_KI270864v1_alt	111737	0	0
chr18_GL383567v1_alt	289831	10	0
chr18_GL383570v1_alt	164789	30	0
chr18_GL383571v1_alt	198278	14	0
chr18_GL383568v1_alt	104552	26	0
chr18_GL383569v1_alt	167950	2	0
chr18_GL383572v1_alt	159547	4	0
chr18_KI270863v1_alt	167999	16	0
chr19_KI270868v1_alt	61734	0	0
chr19_KI270865v1_alt	52969	0	0
chr19_GL383573v1_alt	385657	20	0
chr19_GL383575v2_alt	170222	34	0
chr19_GL383576v1_alt	188024	22	0
chr19_GL383574v1_alt	155864	2	0
chr19_KI270866v1_alt	43156	0	0
chr19_KI270867v1_alt	233762	14	0
chr19_GL949746v1_alt	987716	4	0
chr20_GL383577v2_alt	128386	14	0
chr20_KI270869v1_alt	118774	4	0
chr20_KI270871v1_alt	58661	4	0
chr20_KI270870v1_alt	183433	4	0
chr21_GL383578v2_alt	63917	8	0
chr21_KI270874v1_alt	166743	10	0
chr21_KI270873v1_alt	143900	0	0
chr21_GL383579v2_alt	201197	8	0
chr21_GL383580v2_alt	74653	16	0
chr21_GL383581v2_alt	116689	0	0
chr21_KI270872v1_alt	82692	0	0
chr22_KI270875v1_alt	259914	0	0
chr22_KI270878v1_alt	186262	10	0
chr22_KI270879v1_alt	304135	9	1
chr22_KI270876v1_alt	263666	6	0
chr22_KI270877v1_alt	101331	4	0
chr22_GL383583v2_alt	96924	2	0
chr22_GL383582v2_alt	162811	0	0
chrX_KI270880v1_alt	284869	4	0
chrX_KI270881v1_alt	144206	14	0
chr19_KI270882v1_alt	248807	0	0
chr19_KI270883v1_alt	170399	0	0
chr19_KI270884v1_alt	157053	2	0
chr19_KI270885v1_alt	171027	0	0
chr19_KI270886v1_alt	204239	0	0
chr19_KI270887v1_alt	209512	0	0
chr19_KI270888v1_alt	155532	0	0
chr19_KI270889v1_alt	170698	0	0
chr19_KI270890v1_alt	184499	0	0
chr19_KI270891v1_alt	170680	0	0
chr1_KI270892v1_alt	162212	2	0
chr2_KI270894v1_alt	214158	147	5
chr2_KI270893v1_alt	161218	0	0
chr3_KI270895v1_alt	162896	0	0
chr4_KI270896v1_alt	378547	56	5
chr5_KI270897v1_alt	1144418	14	0
chr5_KI270898v1_alt	130957	0	0
chr6_GL000251v2_alt	4795265	44	0
chr7_KI270899v1_alt	190869	11	1
chr8_KI270901v1_alt	136959	8	0
chr8_KI270900v1_alt	318687	4	0
chr11_KI270902v1_alt	106711	0	0
chr11_KI270903v1_alt	214625	0	0
chr12_KI270904v1_alt	572349	28	0
chr15_KI270906v1_alt	196384	2	0
chr15_KI270905v1_alt	5161414	110	2
chr17_KI270907v1_alt	137721	0	0
chr17_KI270910v1_alt	157099	2	0
chr17_KI270909v1_alt	325800	2	0
chr17_JH159148v1_alt	88070	4	0
chr17_KI270908v1_alt	1423190	4	0
chr18_KI270912v1_alt	174061	0	0
chr18_KI270911v1_alt	157710	0	0
chr19_GL949747v2_alt	729520	2	0
chr22_KB663609v1_alt	74013	0	0
chrX_KI270913v1_alt	274009	8	0
chr19_KI270914v1_alt	205194	0	0
chr19_KI270915v1_alt	170665	0	0
chr19_KI270916v1_alt	184516	0	0
chr19_KI270917v1_alt	190932	0	0
chr19_KI270918v1_alt	123111	0	0
chr19_KI270919v1_alt	170701	0	0
chr19_KI270920v1_alt	198005	0	0
chr19_KI270921v1_alt	282224	0	0
chr19_KI270922v1_alt	187935	0	0
chr19_KI270923v1_alt	189352	0	0
chr3_KI270924v1_alt	166540	0	0
chr4_KI270925v1_alt	555799	13	0
chr6_GL000252v2_alt	4604811	52	0
chr8_KI270926v1_alt	229282	14	0
chr11_KI270927v1_alt	218612	0	0
chr19_GL949748v2_alt	1064304	0	0
chr22_KI270928v1_alt	176103	0	0
chr19_KI270929v1_alt	186203	0	0
chr19_KI270930v1_alt	200773	0	0
chr19_KI270931v1_alt	170148	0	0
chr19_KI270932v1_alt	215732	0	0
chr19_KI270933v1_alt	170537	0	0
chr19_GL000209v2_alt	177381	0	0
chr3_KI270934v1_alt	163458	0	0
chr6_GL000253v2_alt	4677643	63	0
chr19_GL949749v2_alt	1091841	2	0
chr3_KI270935v1_alt	197351	2	0
chr6_GL000254v2_alt	4827813	28	0
chr19_GL949750v2_alt	1066390	2	0
chr3_KI270936v1_alt	164170	2	0
chr6_GL000255v2_alt	4606388	37	0
chr19_GL949751v2_alt	1002683	0	0
chr3_KI270937v1_alt	165607	0	0
chr6_GL000256v2_alt	4929269	46	0
chr19_GL949752v1_alt	987100	12	0
chr6_KI270758v1_alt	76752	0	0
chr19_GL949753v2_alt	796479	0	0
chr19_KI270938v1_alt	1066800	8	0
chrM	16569	963	1
chrUn_KI270302v1	2274	2	0
chrUn_KI270304v1	2165	118	0
chrUn_KI270303v1	1942	137	1
chrUn_KI270305v1	1472	4	0
chrUn_KI270322v1	21476	7	0
chrUn_KI270320v1	4416	2	0
chrUn_KI270310v1	1201	191	1
chrUn_KI270316v1	1444	0	0
chrUn_KI270315v1	2276	4	0
chrUn_KI270312v1	998	1	0
chrUn_KI270311v1	12399	14	0
chrUn_KI270317v1	37690	25	1
chrUn_KI270412v1	1179	28	0
chrUn_KI270411v1	2646	262	1
chrUn_KI270414v1	2489	2	0
chrUn_KI270419v1	1029	0	0
chrUn_KI270418v1	2145	17	0
chrUn_KI270420v1	2321	5	0
chrUn_KI270424v1	2140	0	0
chrUn_KI270417v1	2043	0	0
chrUn_KI270422v1	1445	37	0
chrUn_KI270423v1	981	0	0
chrUn_KI270425v1	1884	0	0
chrUn_KI270429v1	1361	0	0
chrUn_KI270442v1	392061	2333	832
chrUn_KI270466v1	1233	822	25
chrUn_KI270465v1	1774	88	2
chrUn_KI270467v1	3920	2888	32
chrUn_KI270435v1	92983	78	4
chrUn_KI270438v1	112505	42915	510
chrUn_KI270468v1	4055	4	0
chrUn_KI270510v1	2415	4	0
chrUn_KI270509v1	2318	0	0
chrUn_KI270518v1	2186	4	0
chrUn_KI270508v1	1951	0	0
chrUn_KI270516v1	1300	2	0
chrUn_KI270512v1	22689	17	3
chrUn_KI270519v1	138126	173	7
chrUn_KI270522v1	5674	12	0
chrUn_KI270511v1	8127	9	1
chrUn_KI270515v1	6361	12	0
chrUn_KI270507v1	5353	2	0
chrUn_KI270517v1	3253	4	0
chrUn_KI270529v1	1899	0	0
chrUn_KI270528v1	2983	0	0
chrUn_KI270530v1	2168	0	0
chrUn_KI270539v1	993	0	0
chrUn_KI270538v1	91309	62	0
chrUn_KI270544v1	1202	19	0
chrUn_KI270548v1	1599	0	0
chrUn_KI270583v1	1400	0	0
chrUn_KI270587v1	2969	12	0
chrUn_KI270580v1	1553	6	0
chrUn_KI270581v1	7046	2	0
chrUn_KI270579v1	31033	8	0
chrUn_KI270589v1	44474	42	6
chrUn_KI270590v1	4685	18	1
chrUn_KI270584v1	4513	5	1
chrUn_KI270582v1	6504	0	0
chrUn_KI270588v1	6158	2	0
chrUn_KI270593v1	3041	0	0
chrUn_KI270591v1	5796	30	4
chrUn_KI270330v1	1652	47	0
chrUn_KI270329v1	1040	0	0
chrUn_KI270334v1	1368	0	0
chrUn_KI270333v1	2699	564	15
chrUn_KI270335v1	1048	0	0
chrUn_KI270338v1	1428	0	0
chrUn_KI270340v1	1428	1	1
chrUn_KI270336v1	1026	251	7
chrUn_KI270337v1	1121	834	8
chrUn_KI270363v1	1803	2	0
chrUn_KI270364v1	2855	0	0
chrUn_KI270362v1	3530	0	0
chrUn_KI270366v1	8320	0	0
chrUn_KI270378v1	1048	0	0
chrUn_KI270379v1	1045	0	0
chrUn_KI270389v1	1298	3	0
chrUn_KI270390v1	2387	0	0
chrUn_KI270387v1	1537	6	0
chrUn_KI270395v1	1143	11	0
chrUn_KI270396v1	1880	8	0
chrUn_KI270388v1	1216	0	0
chrUn_KI270394v1	970	0	0
chrUn_KI270386v1	1788	2	0
chrUn_KI270391v1	1484	11	0
chrUn_KI270383v1	1750	8	0
chrUn_KI270393v1	1308	0	0
chrUn_KI270384v1	1658	4	0
chrUn_KI270392v1	971	0	0
chrUn_KI270381v1	1930	0	0
chrUn_KI270385v1	990	6	0
chrUn_KI270382v1	4215	4	0
chrUn_KI270376v1	1136	0	0
chrUn_KI270374v1	2656	0	0
chrUn_KI270372v1	1650	0	0
chrUn_KI270373v1	1451	0	0
chrUn_KI270375v1	2378	0	0
chrUn_KI270371v1	2805	0	0
chrUn_KI270448v1	7992	6	0
chrUn_KI270521v1	7642	4	0
chrUn_GL000195v1	182896	10	0
chrUn_GL000219v1	179198	118	0
chrUn_GL000220v1	161802	6142	11
chrUn_GL000224v1	179693	1297	0
chrUn_KI270741v1	157432	34	0
chrUn_GL000226v1	15008	387	0
chrUn_GL000213v1	164239	4	0
chrUn_KI270743v1	210658	90	0
chrUn_KI270744v1	168472	263	1
chrUn_KI270745v1	41891	0	0
chrUn_KI270746v1	66486	38	0
chrUn_KI270747v1	198735	227	3
chrUn_KI270748v1	93321	0	0
chrUn_KI270749v1	158759	20	0
chrUn_KI270750v1	148850	38	0
chrUn_KI270751v1	150742	64	4
chrUn_KI270752v1	27745	0	0
chrUn_KI270753v1	62944	2	0
chrUn_KI270754v1	40191	15	1
chrUn_KI270755v1	36723	2	0
chrUn_KI270756v1	79590	183	71
chrUn_KI270757v1	71251	148	22
chrUn_GL000214v1	137718	166	0
chrUn_KI270742v1	186739	18	0
chrUn_GL000216v2	176608	3280	610
chrUn_GL000218v1	161147	28	0
chrX	156040895	28203	52
chrY	57227415	4836	1055
chrY_KI270740v1_random	37240	0	0
chr1_KQ031383v1_fix	467143	12	0
chr1_KQ983255v1_alt	278659	8	0
chr1_KN538361v1_fix	305542	4	0
chr1_KQ458383v1_alt	349938	6	0
chr1_KN196473v1_fix	166200	8	0
chr1_KZ208904v1_alt	166136	10	0
chr1_KN196472v1_fix	186494	10	0
chr1_KZ208905v1_alt	140355	4	0
chr1_KQ458382v1_alt	141019	10	0
chr1_KV880763v1_alt	551020	30	0
chr1_KN196474v1_fix	122022	2	0
chr1_KN538360v1_fix	460100	6	0
chr1_KZ208906v1_fix	330031	90	0
chr1_KQ458384v1_alt	212205	6	0
chr2_KQ031384v1_fix	481245	2146	817
chr2_KZ208907v1_alt	181658	4	0
chr2_KQ983256v1_alt	535088	10	0
chr2_KZ208908v1_alt	140361	10	0
chr2_KN538363v1_fix	365499	4	0
chr2_KN538362v1_fix	208149	2	0
chr3_KV766192v1_fix	411654	16	0
chr3_KN196475v1_fix	451168	3	0
chr3_KQ031385v1_fix	373699	16	0
chr3_KN538364v1_fix	415308	7	1
chr3_KZ208909v1_alt	175849	28	0
chr3_KQ031386v1_fix	165718	81	21
chr3_KN196476v1_fix	305979	93	3
chr4_KQ090013v1_alt	90922	0	0
chr4_KQ090014v1_alt	163749	8	0
chr4_KQ090015v1_alt	236512	8	0
chr4_KV766193v1_alt	420675	28	0
chr4_KQ983257v1_fix	230434	888	22
chr4_KQ983258v1_alt	205407	144	13
chr5_KZ208910v1_alt	135987	2	0
chr5_KN196477v1_alt	139087	30	0
chr5_KV575243v1_alt	362221	10	0
chr5_KV575244v1_fix	673059	18	0
chr6_KZ208911v1_fix	242796	10	0
chr6_KQ090017v1_alt	82315	4	0
chr6_KQ031387v1_fix	320750	39	5
chr6_KN196478v1_fix	268330	16	0
chr6_KQ090016v1_fix	245716	0	0
chr6_KV766194v1_fix	139427	6	0
chr7_KV880764v1_fix	142129	26	0
chr7_KV880765v1_fix	468267	24	0
chr7_KZ208912v1_fix	589656	8	0
chr7_KZ208913v1_alt	680662	10	0
chr7_KQ031388v1_fix	179932	4	0
chr8_KZ208915v1_fix	6367528	252	2
chr8_KV880767v1_fix	265876	17	1
chr8_KV880766v1_fix	156998	38	0
chr8_KZ208914v1_fix	165120	4	0
chr9_KQ090018v1_alt	163882	2	0
chr9_KQ090019v1_alt	134099	18	0
chr9_KN196479v1_fix	330164	16	0
chr10_KN538367v1_fix	420164	57	2
chr10_KQ090020v1_alt	185507	10	0
chr10_KN196480v1_fix	277797	0	0
chr10_KQ090021v1_fix	264545	2	0
chr10_KN538366v1_fix	85284	1	1
chr10_KN538365v1_fix	14347	0	0
chr11_KQ759759v1_fix	196940	6	0
chr11_KN538368v1_alt	203552	18	0
chr11_KV766195v1_fix	140877	6	0
chr11_KQ090022v1_fix	181958	0	0
chr11_KN196481v1_fix	108875	2	0
chr12_KQ090023v1_alt	109323	14	0
chr12_KZ208916v1_fix	1046838	40	0
chr12_KN538369v1_fix	541038	4	0
chr12_KN196482v1_fix	211377	29	0
chr12_KZ208918v1_alt	174808	18	0
chr12_KQ759760v1_fix	315610	28	0
chr12_KZ208917v1_fix	64689	0	0
chr12_KN538370v1_fix	86533	0	0
chr13_KN538372v1_fix	356766	99	4
chr13_KQ090024v1_alt	168146	2	0
chr13_KN196483v1_fix	35455	4	0
chr13_KN538373v1_fix	148762	12	0
chr13_KQ090025v1_alt	123480	2	0
chr13_KN538371v1_fix	206320	8	0
chr14_KZ208920v1_fix	690932	40	0
chr14_KZ208919v1_alt	171798	20	0
chr15_KN538374v1_fix	4998962	84	0
chr15_KQ031389v1_alt	2365364	34	0
chr16_KQ090026v1_alt	59016	2	0
chr16_KV880768v1_fix	1927115	28	0
chr16_KQ090027v1_alt	267463	4	0
chr16_KZ208921v1_alt	78609	0	0
chr16_KQ031390v1_alt	169136	4	0
chr17_KV766196v1_fix	281919	18	0
chr17_KV575245v1_fix	154723	2	0
chr17_KV766198v1_alt	276292	28	0
chr17_KV766197v1_alt	246895	56	0
chr18_KQ458385v1_alt	205101	10	0
chr18_KQ090028v1_fix	407387	4	0
chr18_KZ208922v1_fix	93070	30	0
chr19_KQ458386v1_fix	405389	4	0
chr19_KN196484v1_fix	370917	8	0
chr19_KV575246v1_alt	163926	0	0
chr19_KV575247v1_alt	170206	0	0
chr19_KV575248v1_alt	168131	0	0
chr19_KV575249v1_alt	293522	0	0
chr19_KV575250v1_alt	241058	0	0
chr19_KV575251v1_alt	159285	0	0
chr19_KV575252v1_alt	178197	0	0
chr19_KV575253v1_alt	166713	0	0
chr19_KV575254v1_alt	99845	0	0
chr19_KV575255v1_alt	161095	0	0
chr19_KV575256v1_alt	223118	0	0
chr19_KV575257v1_alt	100553	0	0
chr19_KV575259v1_alt	171263	0	0
chr19_KV575260v1_alt	145691	0	0
chr19_KV575258v1_alt	156965	0	0
chr22_KN196485v1_alt	156562	0	0
chr22_KQ458387v1_alt	155930	0	0
chr22_KQ458388v1_alt	174749	0	0
chr22_KN196486v1_alt	153027	0	0
chr22_KQ759761v1_alt	145162	0	0
chr22_KQ759762v1_fix	101037	0	0
chrX_KV766199v1_alt	188004	42	0
chrY_KZ208923v1_fix	48370	0	0
chrY_KZ208924v1_fix	209722	0	0
chrY_KN196487v1_fix	101150	865	51
chr1_KZ559100v1_fix	44955	6	0
chr3_KZ559104v1_fix	105527	2	0
chr3_KZ559105v1_alt	195063	30	0
chr3_KZ559103v1_alt	302885	30	0
chr3_KZ559102v1_alt	197752	20	0
chr3_KZ559101v1_alt	164041	34	0
chr7_KZ559106v1_alt	172555	24	0
chr8_KZ559107v1_alt	103072	2	0
chr11_KZ559109v1_fix	279644	8	0
chr11_KZ559108v1_fix	305244	24	0
chr11_KZ559111v1_alt	181167	30	0
chr11_KZ559110v1_alt	301637	142	0
chr12_KZ559112v1_alt	154139	34	0
chr16_KZ559113v1_fix	480415	10	0
chr17_KZ559114v1_alt	116753	22	0
chr18_KZ559116v1_alt	163186	6	0
chr18_KZ559115v1_fix	230843	4	0
chr2_ML143342v1_fix	84043	4	0
chr2_ML143341v1_fix	145975	6	0
chr3_ML143343v1_alt	215443	16	0
chr4_ML143344v1_fix	235734	22	0
chr4_ML143347v1_fix	176674	4	0
chr4_ML143346v1_fix	53476	6	0
chr4_ML143348v1_fix	125549	4	0
chr4_ML143345v1_fix	341066	5629	1588
chr4_ML143349v1_fix	276109	12	0
chr5_ML143350v1_fix	89956	6	0
chr6_ML143351v1_fix	73265	6	0
chr7_ML143352v1_fix	254759	24	0
chr9_ML143353v1_fix	25408	12	0
chr10_ML143354v1_fix	454963	206	65
chr10_ML143355v1_fix	292944	24	0
chr11_ML143358v1_fix	270122	6	0
chr11_ML143360v1_fix	170928	6	0
chr11_ML143359v1_fix	217075	44	2
chr11_ML143357v1_fix	165419	12	0
chr11_ML143356v1_fix	45257	0	0
chr12_ML143362v1_fix	192531	18	0
chr12_ML143361v1_fix	297568	10	0
chr13_ML143366v1_fix	409912	124	0
chr13_ML143363v1_fix	7309	0	0
chr13_ML143364v1_fix	158944	839	1
chr13_ML143365v1_fix	65394	2	0
chr14_ML143367v1_fix	399183	93	1
chr14_ML143368v1_alt	264228	20	0
chr15_ML143372v1_fix	396515	152	1
chr15_ML143371v1_fix	5500449	397	9
chr15_ML143370v1_fix	369264	8	0
chr15_ML143369v1_fix	97763	8	0
chr16_ML143373v1_fix	270967	20	0
chr17_ML143374v1_fix	137908	2	0
chr17_ML143375v1_fix	56695	4	0
chr19_ML143376v1_fix	493165	12	0
chr21_ML143377v1_fix	519485	10085	23
chr22_ML143380v1_fix	412368	23072	70
chr22_ML143378v1_fix	461303	364	108
chr22_ML143379v1_fix	12295	10	0
chrX_ML143385v1_fix	17435	4	0
chrX_ML143382v1_fix	28824	0	0
chrX_ML143383v1_fix	68192	0	0
chrX_ML143381v1_fix	403128	12	0
chrX_ML143384v1_fix	14678	0	0
chr1_MU273333v1_fix	1572686	84	0
chr1_MU273330v1_alt	516764	44	0
chr1_MU273335v1_fix	211934	6	0
chr1_MU273336v1_fix	250447	20	0
chr1_MU273331v1_alt	847441	46	0
chr1_MU273334v1_fix	210426	10	0
chr1_MU273332v1_alt	335159	26	0
chr2_MU273344v1_fix	244725	14	0
chr2_MU273345v1_fix	174385	16	0
chr2_MU273343v1_fix	489404	24	0
chr2_MU273340v1_alt	284971	14	0
chr2_MU273337v1_alt	431782	10	0
chr2_MU273342v1_fix	955087	30	0
chr2_MU273339v1_alt	500581	14	0
chr2_MU273338v1_alt	535251	15	1
chr2_MU273341v1_fix	120381	4	0
chr3_MU273347v1_fix	301310	6	0
chr3_MU273348v1_fix	475876	40	0
chr3_MU273346v1_fix	469342	44	0
chr4_MU273351v1_fix	205691	4	0
chr4_MU273349v1_alt	308682	16	0
chr4_MU273350v1_fix	113364	16	0
chr5_MU273354v1_fix	2101585	11	1
chr5_MU273353v1_fix	208405	6	0
chr5_MU273356v1_alt	302485	16	0
chr5_MU273355v1_fix	508332	2	0
chr5_MU273352v1_fix	34400	208	0
chr6_MU273357v1_alt	383128	10	0
chr7_MU273358v1_alt	464417	28	0
chr8_MU273362v1_fix	429744	22	0
chr8_MU273359v1_fix	150302	8	0
chr8_MU273361v1_fix	106905	4	0
chr8_MU273363v1_fix	207371	10	0
chr8_MU273360v1_fix	39290	179	0
chr9_MU273366v1_fix	569668	15	1
chr9_MU273364v1_fix	340717	24	0
chr9_MU273365v1_fix	482250	18	0
chr10_MU273367v1_fix	196262	0	0
chr11_KQ759759v2_fix	204999	8	0
chr11_MU273369v1_fix	434831	5	0
chr11_MU273371v1_fix	122722	2	0
chr11_MU273370v1_fix	344606	20	0
chr11_MU273368v1_alt	261194	10	0
chr12_MU273372v1_fix	104537	2	0
chr14_MU273373v1_fix	722645	40	0
chr15_MU273375v1_alt	204007	8	0
chr15_MU273374v1_fix	1154574	50	0
chr16_MU273376v1_fix	87715	0	0
chr16_MU273377v1_fix	334997	6	0
chr17_MU273380v1_fix	538541	6	0
chr17_MU273378v1_alt	372839	12	0
chr17_MU273383v1_fix	172609	12	0
chr17_MU273379v1_fix	234878	14	0
chr17_MU273382v1_fix	187626	4	0
chr17_MU273381v1_fix	144689	14	0
chr19_MU273386v1_fix	226166	84	0
chr19_MU273387v1_alt	89211	0	0
chr19_MU273384v1_fix	333754	110	0
chr19_MU273385v1_fix	137818	2	0
chr20_MU273388v1_fix	273725	30	0
chr20_MU273389v1_fix	355731	4	0
chr21_MU273390v1_fix	336752	20	0
chr21_MU273391v1_fix	1020778	42	0
chr21_MU273392v1_fix	189707	2	0
chr22_KQ759762v2_fix	101040	2	0
chrX_MU273397v1_alt	330493	4	0
chrX_MU273393v1_fix	68810	4	0
chrX_MU273394v1_fix	140567	0	0
chrX_MU273396v1_alt	294119	10	0
chrX_MU273395v1_alt	619716	24	0
chrY_MU273398v1_fix	865743	4	0
*	0	0	35879622
