# This file was produced by samtools stats (1.21+htslib-1.21) and can be plotted using plot-bamstats
# This file contains statistics for all reads.
# The command line was:  stats -@ 8 /maps/projects/course_1/scratch/group8/group-project-group-8/week18-preprocessing/retry/02_reads_preprocessing/gut_adult/ERR2641635/ERR2641635.host.bam
# CHK, Checksum	[2]Read Names	[3]Sequences	[4]Qualities
# CHK, CRC32 of reads which passed filtering followed by addition (32bit overflow)
CHK	42fbed0c	ce5004fb	e63d12d5
# Summary Numbers. Use `grep ^SN | cut -f 2-` to extract this part.
SN	raw total sequences:	39782372	# excluding supplementary and secondary reads
SN	filtered sequences:	0
SN	sequences:	39782372
SN	is sorted:	1
SN	1st fragments:	19891186
SN	last fragments:	19891186
SN	reads mapped:	1723
SN	reads mapped and paired:	1704	# paired-end technology bit set + both mates mapped
SN	reads unmapped:	39780649
SN	reads properly paired:	1702	# proper-pair bit set
SN	reads paired:	39782372	# paired-end technology bit set
SN	reads duplicated:	0	# PCR or optical duplicate bit set
SN	reads MQ0:	24	# mapped and MQ=0
SN	reads QC failed:	0
SN	non-primary alignments:	0
SN	supplementary alignments:	0
SN	total length:	5963797907	# ignores clipping
SN	total first fragment length:	2981949694	# ignores clipping
SN	total last fragment length:	2981848213	# ignores clipping
SN	bases mapped:	257885	# ignores clipping
SN	bases mapped (cigar):	257885	# more accurate
SN	bases trimmed:	0
SN	bases duplicated:	0
SN	mismatches:	1586	# from NM fields
SN	error rate:	6.150028e-03	# mismatches / bases mapped (cigar)
SN	average length:	150
SN	average first fragment length:	150
SN	average last fragment length:	150
SN	maximum length:	150
SN	maximum first fragment length:	150
SN	maximum last fragment length:	150
SN	average quality:	39.2
SN	insert size average:	306.5
SN	insert size standard deviation:	67.0
SN	inward oriented pairs:	849
SN	outward oriented pairs:	2
SN	pairs with other orientation:	0
SN	pairs on different chromosomes:	1
SN	percentage of properly paired reads (%):	0.0
# First Fragment Qualities. Use `grep ^FFQ | cut -f 2-` to extract this part.
# Columns correspond to qualities and rows to cycles. First column is the cycle number.
FFQ	1	0	0	210179	0	0	0	0	0	0	0	0	0	156415	0	0	0	0	0	0	0	0	0	0	0	0	0	0	305338	0	0	0	0	19219253	0	0	0	0	1	0	0	0	0	0
FFQ	2	0	0	0	0	0	0	0	0	0	0	0	0	203461	0	0	0	0	0	0	0	0	0	0	0	0	0	0	332511	0	0	0	0	19355111	0	0	0	0	103	0	0	0	0	0
FFQ	3	0	0	99	0	0	0	0	0	0	0	0	0	170231	0	0	0	0	0	0	0	0	0	50	0	0	0	0	310963	0	0	0	0	2995551	0	0	0	0	16414292	0	0	0	0	0
FFQ	4	0	0	1544	0	0	0	0	0	0	0	0	0	153988	0	0	0	0	0	0	0	0	0	17579	0	0	0	0	268687	0	0	0	0	1039455	0	0	0	0	18409933	0	0	0	0	0
FFQ	5	0	0	0	0	0	0	0	0	0	0	0	0	116196	0	0	0	0	0	0	0	0	0	38991	0	0	0	0	185585	0	0	0	0	602142	0	0	0	0	18948272	0	0	0	0	0
FFQ	6	0	0	368	0	0	0	0	0	0	0	0	0	82263	0	0	0	0	0	0	0	0	0	33107	0	0	0	0	141957	0	0	0	0	427266	0	0	0	0	1303246	0	0	0	17902979	0
FFQ	7	0	0	0	0	0	0	0	0	0	0	0	0	75723	0	0	0	0	0	0	0	0	0	33340	0	0	0	0	131478	0	0	0	0	373714	0	0	0	0	1100691	0	0	0	18176240	0
FFQ	8	0	0	0	0	0	0	0	0	0	0	0	0	70813	0	0	0	0	0	0	0	0	0	33457	0	0	0	0	120309	0	0	0	0	346721	0	0	0	0	981937	0	0	0	18337949	0
FFQ	9	0	0	0	0	0	0	0	0	0	0	0	0	69866	0	0	0	0	0	0	0	0	0	35868	0	0	0	0	114721	0	0	0	0	340470	0	0	0	0	956795	0	0	0	18373466	0
FFQ	10	0	0	399	0	0	0	0	0	0	0	0	0	71344	0	0	0	0	0	0	0	0	0	40501	0	0	0	0	115005	0	0	0	0	349388	0	0	0	0	964503	0	0	0	18350046	0
FFQ	11	0	0	0	0	0	0	0	0	0	0	0	0	65269	0	0	0	0	0	0	0	0	0	42065	0	0	0	0	109302	0	0	0	0	339474	0	0	0	0	934523	0	0	0	18400553	0
FFQ	12	0	0	0	0	0	0	0	0	0	0	0	0	71721	0	0	0	0	0	0	0	0	0	48161	0	0	0	0	116362	0	0	0	0	357450	0	0	0	0	976054	0	0	0	18321438	0
FFQ	13	0	0	2	0	0	0	0	0	0	0	0	0	71471	0	0	0	0	0	0	0	0	0	54355	0	0	0	0	117283	0	0	0	0	354022	0	0	0	0	966383	0	0	0	18327670	0
FFQ	14	0	0	0	0	0	0	0	0	0	0	0	0	74644	0	0	0	0	0	0	0	0	0	68357	0	0	0	0	122233	0	0	0	0	353230	0	0	0	0	968597	0	0	0	18304125	0
FFQ	15	0	0	0	0	0	0	0	0	0	0	0	0	70239	0	0	0	0	0	0	0	0	0	74371	0	0	0	0	121520	0	0	0	0	337359	0	0	0	0	947632	0	0	0	18340065	0
FFQ	16	0	0	0	0	0	0	0	0	0	0	0	0	70788	0	0	0	0	0	0	0	0	0	77661	0	0	0	0	121767	0	0	0	0	336385	0	0	0	0	945198	0	0	0	18339387	0
FFQ	17	0	0	0	0	0	0	0	0	0	0	0	0	72029	0	0	0	0	0	0	0	0	0	79258	0	0	0	0	122583	0	0	0	0	337369	0	0	0	0	954568	0	0	0	18325379	0
FFQ	18	0	0	0	0	0	0	0	0	0	0	0	0	72024	0	0	0	0	0	0	0	0	0	80426	0	0	0	0	123713	0	0	0	0	334217	0	0	0	0	948649	0	0	0	18332157	0
FFQ	19	0	0	0	0	0	0	0	0	0	0	0	0	74688	0	0	0	0	0	0	0	0	0	81619	0	0	0	0	124182	0	0	0	0	335232	0	0	0	0	954064	0	0	0	18321401	0
FFQ	20	0	0	0	0	0	0	0	0	0	0	0	0	73495	0	0	0	0	0	0	0	0	0	80095	0	0	0	0	121818	0	0	0	0	329883	0	0	0	0	949813	0	0	0	18336082	0
FFQ	21	0	0	0	0	0	0	0	0	0	0	0	0	76423	0	0	0	0	0	0	0	0	0	82288	0	0	0	0	125387	0	0	0	0	332590	0	0	0	0	968168	0	0	0	18306330	0
FFQ	22	0	0	0	0	0	0	0	0	0	0	0	0	76515	0	0	0	0	0	0	0	0	0	82971	0	0	0	0	129703	0	0	0	0	328424	0	0	0	0	968006	0	0	0	18305567	0
FFQ	23	0	0	0	0	0	0	0	0	0	0	0	0	78092	0	0	0	0	0	0	0	0	0	85468	0	0	0	0	142932	0	0	0	0	317591	0	0	0	0	975802	0	0	0	18291301	0
FFQ	24	0	0	28	0	0	0	0	0	0	0	0	0	77353	0	0	0	0	0	0	0	0	0	88033	0	0	0	0	161071	0	0	0	0	293840	0	0	0	0	968903	0	0	0	18301958	0
FFQ	25	0	0	0	0	0	0	0	0	0	0	0	0	77991	0	0	0	0	0	0	0	0	0	89106	0	0	0	0	168608	0	0	0	0	286191	0	0	0	0	967100	0	0	0	18302190	0
FFQ	26	0	0	0	0	0	0	0	0	0	0	0	0	107458	0	0	0	0	0	0	0	0	0	90964	0	0	0	0	174814	0	0	0	0	283051	0	0	0	0	981971	0	0	0	18252928	0
FFQ	27	0	0	0	0	0	0	0	0	0	0	0	0	108751	0	0	0	0	0	0	0	0	0	96379	0	0	0	0	184307	0	0	0	0	277386	0	0	0	0	986993	0	0	0	18237370	0
FFQ	28	0	0	0	0	0	0	0	0	0	0	0	0	110728	0	0	0	0	0	0	0	0	0	98085	0	0	0	0	187111	0	0	0	0	275762	0	0	0	0	988516	0	0	0	18230984	0
FFQ	29	0	0	0	0	0	0	0	0	0	0	0	0	115525	0	0	0	0	0	0	0	0	0	100169	0	0	0	0	190051	0	0	0	0	277275	0	0	0	0	994244	0	0	0	18213922	0
FFQ	30	0	0	0	0	0	0	0	0	0	0	0	0	111435	0	0	0	0	0	0	0	0	0	99351	0	0	0	0	189496	0	0	0	0	275627	0	0	0	0	998613	0	0	0	18216664	0
FFQ	31	0	0	1	0	0	0	0	0	0	0	0	0	111389	0	0	0	0	0	0	0	0	0	99057	0	0	0	0	187987	0	0	0	0	273953	0	0	0	0	993086	0	0	0	18225713	0
FFQ	32	0	0	10	0	0	0	0	0	0	0	0	0	116299	0	0	0	0	0	0	0	0	0	102346	0	0	0	0	193176	0	0	0	0	280987	0	0	0	0	1006663	0	0	0	18191705	0
FFQ	33	0	0	85	0	0	0	0	0	0	0	0	0	116250	0	0	0	0	0	0	0	0	0	102208	0	0	0	0	192969	0	0	0	0	280144	0	0	0	0	1005978	0	0	0	18193552	0
FFQ	34	0	0	198	0	0	0	0	0	0	0	0	0	117905	0	0	0	0	0	0	0	0	0	102280	0	0	0	0	193770	0	0	0	0	280986	0	0	0	0	1011768	0	0	0	18184279	0
FFQ	35	0	0	5	0	0	0	0	0	0	0	0	0	120299	0	0	0	0	0	0	0	0	0	103722	0	0	0	0	195872	0	0	0	0	281688	0	0	0	0	1016075	0	0	0	18173525	0
FFQ	36	0	0	0	0	0	0	0	0	0	0	0	0	123476	0	0	0	0	0	0	0	0	0	105582	0	0	0	0	197250	0	0	0	0	283735	0	0	0	0	1022843	0	0	0	18158300	0
FFQ	37	0	0	0	0	0	0	0	0	0	0	0	0	120176	0	0	0	0	0	0	0	0	0	104457	0	0	0	0	197224	0	0	0	0	283255	0	0	0	0	1029870	0	0	0	18156204	0
FFQ	38	0	0	78	0	0	0	0	0	0	0	0	0	122476	0	0	0	0	0	0	0	0	0	106157	0	0	0	0	197797	0	0	0	0	284949	0	0	0	0	1033265	0	0	0	18146464	0
FFQ	39	0	0	39	0	0	0	0	0	0	0	0	0	123476	0	0	0	0	0	0	0	0	0	106575	0	0	0	0	198738	0	0	0	0	287440	0	0	0	0	1041296	0	0	0	18133622	0
FFQ	40	0	0	60	0	0	0	0	0	0	0	0	0	129418	0	0	0	0	0	0	0	0	0	108051	0	0	0	0	201632	0	0	0	0	290291	0	0	0	0	1047609	0	0	0	18114125	0
FFQ	41	0	0	0	0	0	0	0	0	0	0	0	0	124778	0	0	0	0	0	0	0	0	0	107848	0	0	0	0	200202	0	0	0	0	289019	0	0	0	0	1047991	0	0	0	18121348	0
FFQ	42	0	0	4	0	0	0	0	0	0	0	0	0	126780	0	0	0	0	0	0	0	0	0	107855	0	0	0	0	201039	0	0	0	0	289198	0	0	0	0	1047116	0	0	0	18119194	0
FFQ	43	0	0	10	0	0	0	0	0	0	0	0	0	128539	0	0	0	0	0	0	0	0	0	108927	0	0	0	0	203205	0	0	0	0	292098	0	0	0	0	1058074	0	0	0	18100333	0
FFQ	44	0	0	0	0	0	0	0	0	0	0	0	0	130092	0	0	0	0	0	0	0	0	0	109475	0	0	0	0	204325	0	0	0	0	291210	0	0	0	0	1058009	0	0	0	18098075	0
FFQ	45	0	0	0	0	0	0	0	0	0	0	0	0	131806	0	0	0	0	0	0	0	0	0	109886	0	0	0	0	205173	0	0	0	0	292097	0	0	0	0	1059885	0	0	0	18092339	0
FFQ	46	0	0	2	0	0	0	0	0	0	0	0	0	133005	0	0	0	0	0	0	0	0	0	112343	0	0	0	0	206678	0	0	0	0	295490	0	0	0	0	1069718	0	0	0	18073950	0
FFQ	47	0	0	0	0	0	0	0	0	0	0	0	0	133145	0	0	0	0	0	0	0	0	0	112236	0	0	0	0	206867	0	0	0	0	295187	0	0	0	0	1071100	0	0	0	18072651	0
FFQ	48	0	0	96	0	0	0	0	0	0	0	0	0	135688	0	0	0	0	0	0	0	0	0	113863	0	0	0	0	209390	0	0	0	0	296614	0	0	0	0	1078950	0	0	0	18056585	0
FFQ	49	0	0	161	0	0	0	0	0	0	0	0	0	137256	0	0	0	0	0	0	0	0	0	115075	0	0	0	0	211984	0	0	0	0	298794	0	0	0	0	1097556	0	0	0	18030360	0
FFQ	50	0	0	0	0	0	0	0	0	0	0	0	0	143244	0	0	0	0	0	0	0	0	0	116613	0	0	0	0	215100	0	0	0	0	300325	0	0	0	0	1095938	0	0	0	18019966	0
FFQ	51	0	0	0	0	0	0	0	0	0	0	0	0	142888	0	0	0	0	0	0	0	0	0	117348	0	0	0	0	217587	0	0	0	0	303296	0	0	0	0	1110864	0	0	0	17999203	0
FFQ	52	0	0	116	0	0	0	0	0	0	0	0	0	140679	0	0	0	0	0	0	0	0	0	115944	0	0	0	0	216506	0	0	0	0	302860	0	0	0	0	1117344	0	0	0	17997737	0
FFQ	53	0	0	0	0	0	0	0	0	0	0	0	0	145321	0	0	0	0	0	0	0	0	0	119473	0	0	0	0	220456	0	0	0	0	306799	0	0	0	0	1126816	0	0	0	17972321	0
FFQ	54	0	0	3	0	0	0	0	0	0	0	0	0	148831	0	0	0	0	0	0	0	0	0	120559	0	0	0	0	221584	0	0	0	0	306921	0	0	0	0	1129569	0	0	0	17963719	0
FFQ	55	0	0	255	0	0	0	0	0	0	0	0	0	148897	0	0	0	0	0	0	0	0	0	122067	0	0	0	0	225764	0	0	0	0	309658	0	0	0	0	1137507	0	0	0	17947038	0
FFQ	56	0	0	103	0	0	0	0	0	0	0	0	0	150345	0	0	0	0	0	0	0	0	0	122505	0	0	0	0	227083	0	0	0	0	319508	0	0	0	0	1146836	0	0	0	17924806	0
FFQ	57	0	0	197	0	0	0	0	0	0	0	0	0	150752	0	0	0	0	0	0	0	0	0	122863	0	0	0	0	225426	0	0	0	0	326259	0	0	0	0	1136178	0	0	0	17929511	0
FFQ	58	0	0	0	0	0	0	0	0	0	0	0	0	150152	0	0	0	0	0	0	0	0	0	122929	0	0	0	0	226979	0	0	0	0	329848	0	0	0	0	1137597	0	0	0	17923681	0
FFQ	59	0	0	21	0	0	0	0	0	0	0	0	0	154037	0	0	0	0	0	0	0	0	0	125141	0	0	0	0	229095	0	0	0	0	335507	0	0	0	0	1146244	0	0	0	17901141	0
FFQ	60	0	0	0	0	0	0	0	0	0	0	0	0	156922	0	0	0	0	0	0	0	0	0	125865	0	0	0	0	231786	0	0	0	0	343429	0	0	0	0	1148817	0	0	0	17884367	0
FFQ	61	0	0	0	0	0	0	0	0	0	0	0	0	160898	0	0	0	0	0	0	0	0	0	127925	0	0	0	0	234201	0	0	0	0	356232	0	0	0	0	1149479	0	0	0	17862160	0
FFQ	62	0	0	429	0	0	0	0	0	0	0	0	0	162224	0	0	0	0	0	0	0	0	0	128874	0	0	0	0	236029	0	0	0	0	362426	0	0	0	0	1155183	0	0	0	17845421	0
FFQ	63	0	0	396	0	0	0	0	0	0	0	0	0	163076	0	0	0	0	0	0	0	0	0	129641	0	0	0	0	237124	0	0	0	0	364841	0	0	0	0	1153840	0	0	0	17841347	0
FFQ	64	0	0	74	0	0	0	0	0	0	0	0	0	161032	0	0	0	0	0	0	0	0	0	129529	0	0	0	0	236332	0	0	0	0	371750	0	0	0	0	1158896	0	0	0	17832345	0
FFQ	65	0	0	0	0	0	0	0	0	0	0	0	0	168988	0	0	0	0	0	0	0	0	0	132219	0	0	0	0	241109	0	0	0	0	376492	0	0	0	0	1173952	0	0	0	17796880	0
FFQ	66	0	0	0	0	0	0	0	0	0	0	0	0	166038	0	0	0	0	0	0	0	0	0	132194	0	0	0	0	241267	0	0	0	0	379252	0	0	0	0	1168533	0	0	0	17802053	0
FFQ	67	0	0	26	0	0	0	0	0	0	0	0	0	166950	0	0	0	0	0	0	0	0	0	132157	0	0	0	0	241096	0	0	0	0	380114	0	0	0	0	1170130	0	0	0	17798568	0
FFQ	68	0	0	0	0	0	0	0	0	0	0	0	0	167429	0	0	0	0	0	0	0	0	0	133031	0	0	0	0	241801	0	0	0	0	381067	0	0	0	0	1178046	0	0	0	17787354	0
FFQ	69	0	0	18	0	0	0	0	0	0	0	0	0	172900	0	0	0	0	0	0	0	0	0	134576	0	0	0	0	244541	0	0	0	0	384742	0	0	0	0	1181522	0	0	0	17770153	0
FFQ	70	0	0	0	0	0	0	0	0	0	0	0	0	171372	0	0	0	0	0	0	0	0	0	135041	0	0	0	0	244642	0	0	0	0	387789	0	0	0	0	1182581	0	0	0	17766714	0
FFQ	71	0	0	5	0	0	0	0	0	0	0	0	0	175362	0	0	0	0	0	0	0	0	0	137593	0	0	0	0	248411	0	0	0	0	394434	0	0	0	0	1196521	0	0	0	17735494	0
FFQ	72	0	0	145	0	0	0	0	0	0	0	0	0	179313	0	0	0	0	0	0	0	0	0	139135	0	0	0	0	252411	0	0	0	0	404838	0	0	0	0	1201887	0	0	0	17709827	0
FFQ	73	0	0	0	0	0	0	0	0	0	0	0	0	180219	0	0	0	0	0	0	0	0	0	140178	0	0	0	0	253439	0	0	0	0	406738	0	0	0	0	1203426	0	0	0	17703236	0
FFQ	74	0	0	12	0	0	0	0	0	0	0	0	0	176766	0	0	0	0	0	0	0	0	0	138778	0	0	0	0	251802	0	0	0	0	411550	0	0	0	0	1212160	0	0	0	17695830	0
FFQ	75	0	0	40	0	0	0	0	0	0	0	0	0	183496	0	0	0	0	0	0	0	0	0	142155	0	0	0	0	255734	0	0	0	0	417537	0	0	0	0	1222830	0	0	0	17664798	0
FFQ	76	0	0	0	0	0	0	0	0	0	0	0	0	185121	0	0	0	0	0	0	0	0	0	144181	0	0	0	0	260154	0	0	0	0	415663	0	0	0	0	1252858	0	0	0	17628292	0
FFQ	77	0	0	0	0	0	0	0	0	0	0	0	0	171635	0	0	0	0	0	0	0	0	0	285464	0	0	0	0	340506	0	0	0	0	1004033	0	0	0	0	3070079	0	0	0	15014262	0
FFQ	78	0	0	4	0	0	0	0	0	0	0	0	0	166282	0	0	0	0	0	0	0	0	0	180515	0	0	0	0	268896	0	0	0	0	618023	0	0	0	0	1657015	0	0	0	16994940	0
FFQ	79	0	0	0	0	0	0	0	0	0	0	0	0	154759	0	0	0	0	0	0	0	0	0	149101	0	0	0	0	238835	0	0	0	0	485709	0	0	0	0	1290033	0	0	0	17566928	0
FFQ	80	0	0	0	0	0	0	0	0	0	0	0	0	146831	0	0	0	0	0	0	0	0	0	137344	0	0	0	0	220574	0	0	0	0	429392	0	0	0	0	1139319	0	0	0	17811577	0
FFQ	81	0	0	0	0	0	0	0	0	0	0	0	0	146360	0	0	0	0	0	0	0	0	0	133722	0	0	0	0	215508	0	0	0	0	407478	0	0	0	0	1090206	0	0	0	17891443	0
FFQ	82	0	0	86	0	0	0	0	0	0	0	0	0	146912	0	0	0	0	0	0	0	0	0	134646	0	0	0	0	213429	0	0	0	0	401552	0	0	0	0	1071373	0	0	0	17916390	0
FFQ	83	0	0	25	0	0	0	0	0	0	0	0	0	145343	0	0	0	0	0	0	0	0	0	133446	0	0	0	0	209244	0	0	0	0	396495	0	0	0	0	1059513	0	0	0	17940029	0
FFQ	84	0	0	242	0	0	0	0	0	0	0	0	0	147975	0	0	0	0	0	0	0	0	0	133502	0	0	0	0	211676	0	0	0	0	396006	0	0	0	0	1063431	0	0	0	17930946	0
FFQ	85	0	0	157	0	0	0	0	0	0	0	0	0	148887	0	0	0	0	0	0	0	0	0	137954	0	0	0	0	208262	0	0	0	0	395542	0	0	0	0	1064791	0	0	0	17927914	0
FFQ	86	0	0	0	0	0	0	0	0	0	0	0	0	154214	0	0	0	0	0	0	0	0	0	146632	0	0	0	0	208000	0	0	0	0	402543	0	0	0	0	1084921	0	0	0	17886863	0
FFQ	87	0	0	191	0	0	0	0	0	0	0	0	0	151558	0	0	0	0	0	0	0	0	0	148209	0	0	0	0	205186	0	0	0	0	404157	0	0	0	0	1090791	0	0	0	17882754	0
FFQ	88	0	0	310	0	0	0	0	0	0	0	0	0	154421	0	0	0	0	0	0	0	0	0	153368	0	0	0	0	203016	0	0	0	0	406202	0	0	0	0	1098588	0	0	0	17866613	0
FFQ	89	0	0	0	0	0	0	0	0	0	0	0	0	160318	0	0	0	0	0	0	0	0	0	159622	0	0	0	0	200444	0	0	0	0	406698	0	0	0	0	1103844	0	0	0	17851267	0
FFQ	90	0	0	2	0	0	0	0	0	0	0	0	0	158542	0	0	0	0	0	0	0	0	0	163360	0	0	0	0	199471	0	0	0	0	410702	0	0	0	0	1116489	0	0	0	17833298	0
FFQ	91	0	0	0	0	0	0	0	0	0	0	0	0	159732	0	0	0	0	0	0	0	0	0	163819	0	0	0	0	198973	0	0	0	0	410793	0	0	0	0	1118552	0	0	0	17829668	0
FFQ	92	0	0	0	0	0	0	0	0	0	0	0	0	164502	0	0	0	0	0	0	0	0	0	167538	0	0	0	0	202376	0	0	0	0	417218	0	0	0	0	1139753	0	0	0	17789847	0
FFQ	93	0	0	0	0	0	0	0	0	0	0	0	0	167350	0	0	0	0	0	0	0	0	0	169932	0	0	0	0	205053	0	0	0	0	422876	0	0	0	0	1155584	0	0	0	17760134	0
FFQ	94	0	0	0	0	0	0	0	0	0	0	0	0	170525	0	0	0	0	0	0	0	0	0	172536	0	0	0	0	205436	0	0	0	0	424188	0	0	0	0	1157268	0	0	0	17750680	0
FFQ	95	0	0	0	0	0	0	0	0	0	0	0	0	172153	0	0	0	0	0	0	0	0	0	173420	0	0	0	0	208604	0	0	0	0	428975	0	0	0	0	1166392	0	0	0	17730803	0
FFQ	96	0	0	0	0	0	0	0	0	0	0	0	0	170731	0	0	0	0	0	0	0	0	0	173525	0	0	0	0	207553	0	0	0	0	428602	0	0	0	0	1172246	0	0	0	17727327	0
FFQ	97	0	0	0	0	0	0	0	0	0	0	0	0	177627	0	0	0	0	0	0	0	0	0	177325	0	0	0	0	212182	0	0	0	0	435285	0	0	0	0	1193518	0	0	0	17683740	0
FFQ	98	0	0	0	0	0	0	0	0	0	0	0	0	183570	0	0	0	0	0	0	0	0	0	181269	0	0	0	0	216983	0	0	0	0	443178	0	0	0	0	1211790	0	0	0	17642524	0
FFQ	99	0	0	90	0	0	0	0	0	0	0	0	0	181649	0	0	0	0	0	0	0	0	0	181198	0	0	0	0	215361	0	0	0	0	444008	0	0	0	0	1214073	0	0	0	17642598	0
FFQ	100	0	0	0	0	0	0	0	0	0	0	0	0	185308	0	0	0	0	0	0	0	0	0	182607	0	0	0	0	218216	0	0	0	0	448094	0	0	0	0	1227283	0	0	0	17617102	0
FFQ	101	0	0	72	0	0	0	0	0	0	0	0	0	190658	0	0	0	0	0	0	0	0	0	187743	0	0	0	0	223193	0	0	0	0	458586	0	0	0	0	1247666	0	0	0	17570362	0
FFQ	102	0	0	361	0	0	0	0	0	0	0	0	0	195067	0	0	0	0	0	0	0	0	0	190070	0	0	0	0	225933	0	0	0	0	467195	0	0	0	0	1252068	0	0	0	17547239	0
FFQ	103	0	0	27	0	0	0	0	0	0	0	0	0	194255	0	0	0	0	0	0	0	0	0	191263	0	0	0	0	224495	0	0	0	0	471622	0	0	0	0	1249987	0	0	0	17545971	0
FFQ	104	0	0	23	0	0	0	0	0	0	0	0	0	198478	0	0	0	0	0	0	0	0	0	191281	0	0	0	0	227312	0	0	0	0	472609	0	0	0	0	1255127	0	0	0	17532447	0
FFQ	105	0	0	0	0	0	0	0	0	0	0	0	0	200074	0	0	0	0	0	0	0	0	0	195269	0	0	0	0	229450	0	0	0	0	483114	0	0	0	0	1279636	0	0	0	17489400	0
FFQ	106	0	0	0	0	0	0	0	0	0	0	0	0	207054	0	0	0	0	0	0	0	0	0	197580	0	0	0	0	234192	0	0	0	0	486257	0	0	0	0	1294039	0	0	0	17457483	0
FFQ	107	0	0	0	0	0	0	0	0	0	0	0	0	207744	0	0	0	0	0	0	0	0	0	199304	0	0	0	0	234744	0	0	0	0	491339	0	0	0	0	1293481	0	0	0	17449668	0
FFQ	108	0	0	0	0	0	0	0	0	0	0	0	0	214915	0	0	0	0	0	0	0	0	0	203495	0	0	0	0	239136	0	0	0	0	498499	0	0	0	0	1303841	0	0	0	17416022	0
FFQ	109	0	0	0	0	0	0	0	0	0	0	0	0	215342	0	0	0	0	0	0	0	0	0	204696	0	0	0	0	240190	0	0	0	0	502619	0	0	0	0	1308215	0	0	0	17404512	0
FFQ	110	0	0	0	0	0	0	0	0	0	0	0	0	218695	0	0	0	0	0	0	0	0	0	209151	0	0	0	0	244906	0	0	0	0	516423	0	0	0	0	1330157	0	0	0	17355901	0
FFQ	111	0	0	0	0	0	0	0	0	0	0	0	0	220834	0	0	0	0	0	0	0	0	0	209329	0	0	0	0	245807	0	0	0	0	523023	0	0	0	0	1323167	0	0	0	17352716	0
FFQ	112	0	0	0	0	0	0	0	0	0	0	0	0	224419	0	0	0	0	0	0	0	0	0	210431	0	0	0	0	248416	0	0	0	0	530420	0	0	0	0	1336984	0	0	0	17323842	0
FFQ	113	0	0	0	0	0	0	0	0	0	0	0	0	228945	0	0	0	0	0	0	0	0	0	213097	0	0	0	0	253087	0	0	0	0	534335	0	0	0	0	1353704	0	0	0	17290975	0
FFQ	114	0	0	114	0	0	0	0	0	0	0	0	0	234015	0	0	0	0	0	0	0	0	0	217976	0	0	0	0	253843	0	0	0	0	541801	0	0	0	0	1378417	0	0	0	17247665	0
FFQ	115	0	0	0	0	0	0	0	0	0	0	0	0	234789	0	0	0	0	0	0	0	0	0	219966	0	0	0	0	255151	0	0	0	0	544445	0	0	0	0	1435679	0	0	0	17183438	0
FFQ	116	0	0	0	0	0	0	0	0	0	0	0	0	237317	0	0	0	0	0	0	0	0	0	225219	0	0	0	0	256896	0	0	0	0	552281	0	0	0	0	1485578	0	0	0	17115793	0
FFQ	117	0	0	0	0	0	0	0	0	0	0	0	0	244548	0	0	0	0	0	0	0	0	0	227669	0	0	0	0	260581	0	0	0	0	558818	0	0	0	0	1504515	0	0	0	17076589	0
FFQ	118	0	0	0	0	0	0	0	0	0	0	0	0	250022	0	0	0	0	0	0	0	0	0	232892	0	0	0	0	265345	0	0	0	0	569868	0	0	0	0	1543653	0	0	0	17010579	0
FFQ	119	0	0	0	0	0	0	0	0	0	0	0	0	252250	0	0	0	0	0	0	0	0	0	234571	0	0	0	0	268400	0	0	0	0	570559	0	0	0	0	1555276	0	0	0	16990921	0
FFQ	120	0	0	0	0	0	0	0	0	0	0	0	0	258580	0	0	0	0	0	0	0	0	0	239327	0	0	0	0	272604	0	0	0	0	580760	0	0	0	0	1588575	0	0	0	16931744	0
FFQ	121	0	0	0	0	0	0	0	0	0	0	0	0	264510	0	0	0	0	0	0	0	0	0	245501	0	0	0	0	279082	0	0	0	0	597289	0	0	0	0	1633916	0	0	0	16850892	0
FFQ	122	0	0	0	0	0	0	0	0	0	0	0	0	266842	0	0	0	0	0	0	0	0	0	247100	0	0	0	0	283495	0	0	0	0	587025	0	0	0	0	1644663	0	0	0	16841658	0
FFQ	123	0	0	0	0	0	0	0	0	0	0	0	0	263946	0	0	0	0	0	0	0	0	0	247804	0	0	0	0	287977	0	0	0	0	578274	0	0	0	0	1684742	0	0	0	16807657	0
FFQ	124	0	0	0	0	0	0	0	0	0	0	0	0	280538	0	0	0	0	0	0	0	0	0	255795	0	0	0	0	308012	0	0	0	0	590016	0	0	0	0	1726647	0	0	0	16708948	0
FFQ	125	0	0	0	0	0	0	0	0	0	0	0	0	284229	0	0	0	0	0	0	0	0	0	260779	0	0	0	0	313454	0	0	0	0	597492	0	0	0	0	1751453	0	0	0	16662115	0
FFQ	126	0	0	0	0	0	0	0	0	0	0	0	0	291004	0	0	0	0	0	0	0	0	0	264617	0	0	0	0	319995	0	0	0	0	598190	0	0	0	0	1779024	0	0	0	16616262	0
FFQ	127	0	0	138	0	0	0	0	0	0	0	0	0	292212	0	0	0	0	0	0	0	0	0	269697	0	0	0	0	318586	0	0	0	0	600621	0	0	0	0	1884952	0	0	0	16502467	0
FFQ	128	0	0	0	0	0	0	0	0	0	0	0	0	305351	0	0	0	0	0	0	0	0	0	270177	0	0	0	0	322447	0	0	0	0	602806	0	0	0	0	1944532	0	0	0	16422911	0
FFQ	129	0	0	79	0	0	0	0	0	0	0	0	0	380219	0	0	0	0	0	0	0	0	0	295220	0	0	0	0	340395	0	0	0	0	631560	0	0	0	0	1992672	0	0	0	16227661	0
FFQ	130	0	0	2161	0	0	0	0	0	0	0	0	0	333747	0	0	0	0	0	0	0	0	0	321202	0	0	0	0	332641	0	0	0	0	642379	0	0	0	0	2075063	0	0	0	16160179	0
FFQ	131	0	0	15	0	0	0	0	0	0	0	0	0	331466	0	0	0	0	0	0	0	0	0	286128	0	0	0	0	336895	0	0	0	0	630583	0	0	0	0	2135308	0	0	0	16146523	0
FFQ	132	0	0	0	0	0	0	0	0	0	0	0	0	347123	0	0	0	0	0	0	0	0	0	279976	0	0	0	0	337722	0	0	0	0	629538	0	0	0	0	2131221	0	0	0	16140872	0
FFQ	133	0	0	0	0	0	0	0	0	0	0	0	0	355472	0	0	0	0	0	0	0	0	0	281385	0	0	0	0	345541	0	0	0	0	628362	0	0	0	0	2156215	0	0	0	16099028	0
FFQ	134	0	0	0	0	0	0	0	0	0	0	0	0	367229	0	0	0	0	0	0	0	0	0	286035	0	0	0	0	353809	0	0	0	0	635881	0	0	0	0	2209494	0	0	0	16013056	0
FFQ	135	0	0	0	0	0	0	0	0	0	0	0	0	369745	0	0	0	0	0	0	0	0	0	287194	0	0	0	0	357400	0	0	0	0	638512	0	0	0	0	2227481	0	0	0	15984632	0
FFQ	136	0	0	51	0	0	0	0	0	5051	0	0	0	366275	0	0	0	0	0	0	0	0	0	289101	0	0	0	0	364117	0	0	0	0	662785	0	0	0	0	2218985	0	0	0	15958068	0
FFQ	137	0	0	0	0	0	0	0	0	10630	0	0	0	372857	0	0	0	0	0	0	0	0	0	292059	0	0	0	0	371465	0	0	0	0	685369	0	0	0	0	2235749	0	0	0	15895640	0
FFQ	138	0	0	5	0	0	0	0	0	13934	0	0	0	379938	0	0	0	0	0	0	0	0	0	297339	0	0	0	0	387411	0	0	0	0	700404	0	0	0	0	2256251	0	0	0	15827556	0
FFQ	139	0	0	64	0	0	0	0	0	18241	0	0	0	388636	0	0	0	0	0	0	0	0	0	307336	0	0	0	0	390969	0	0	0	0	743448	0	0	0	0	2282474	0	0	0	15729959	0
FFQ	140	0	0	50	0	0	0	0	0	20278	0	0	0	397402	0	0	0	0	0	0	0	0	0	311620	0	0	0	0	405893	0	0	0	0	752496	0	0	0	0	2311309	0	0	0	15658602	0
FFQ	141	0	0	0	0	0	0	0	0	29696	0	0	0	391700	0	0	0	0	0	0	0	0	0	315531	0	0	0	0	404744	0	0	0	0	785804	0	0	0	0	2274040	0	0	0	15647477	0
FFQ	142	0	0	0	0	0	0	0	0	28313	0	0	0	408122	0	0	0	0	0	0	0	0	0	308125	0	0	0	0	410260	0	0	0	0	786265	0	0	0	0	2272895	0	0	0	15612299	0
FFQ	143	0	0	32	0	0	0	0	0	32276	0	0	0	429378	0	0	0	0	0	0	0	0	0	305042	0	0	0	0	416717	0	0	0	0	804055	0	0	0	0	2288024	0	0	0	15549055	0
FFQ	144	0	0	38	0	0	0	0	0	33172	0	0	0	445498	0	0	0	0	0	0	0	0	0	305186	0	0	0	0	431816	0	0	0	0	817122	0	0	0	0	2291920	0	0	0	15499169	0
FFQ	145	0	0	186	0	0	0	0	0	34517	0	0	0	456889	0	0	0	0	0	0	0	0	0	305925	0	0	0	0	447649	0	0	0	0	832284	0	0	0	0	2285041	0	0	0	15460752	0
FFQ	146	0	0	0	0	0	0	0	0	36040	0	0	0	468980	0	0	0	0	0	0	0	0	0	320259	0	0	0	0	469833	0	0	0	0	863737	0	0	0	0	2333164	0	0	0	15330518	0
FFQ	147	0	0	0	0	0	0	0	0	36720	0	0	0	479213	0	0	0	0	0	0	0	0	0	316546	0	0	0	0	478436	0	0	0	0	866148	0	0	0	0	2324141	0	0	0	15320604	0
FFQ	148	0	0	4	0	0	0	0	0	38933	0	0	0	488770	0	0	0	0	0	0	0	0	0	322708	0	0	0	0	485158	0	0	0	0	876915	0	0	0	0	2318321	0	0	0	15290200	0
FFQ	149	0	0	274	0	0	0	0	0	41945	0	0	0	501247	0	0	0	0	0	0	0	0	0	326856	0	0	0	0	491127	0	0	0	0	903189	0	0	0	0	2346450	0	0	0	15209092	0
FFQ	150	0	0	274	0	0	0	0	0	129403	0	0	0	1048004	0	0	0	0	0	0	0	0	0	761674	0	0	0	0	1131164	0	0	0	0	1983685	0	0	0	0	4045701	0	0	0	10719411	0
# Last Fragment Qualities. Use `grep ^LFQ | cut -f 2-` to extract this part.
# Columns correspond to qualities and rows to cycles. First column is the cycle number.
LFQ	1	0	0	169229	0	0	0	0	0	0	0	0	0	371054	0	0	0	0	0	0	0	0	0	0	0	0	0	0	508958	0	0	0	0	18841941	0	0	0	0	4	0	0	0	0	0
LFQ	2	0	0	295	0	0	0	0	0	0	0	0	0	326071	0	0	0	0	0	0	0	0	0	0	0	0	0	0	397839	0	0	0	0	19166801	0	0	0	0	180	0	0	0	0	0
LFQ	3	0	0	0	0	0	0	0	0	0	0	0	0	359131	0	0	0	0	0	0	0	0	0	53	0	0	0	0	454732	0	0	0	0	3786649	0	0	0	0	15290621	0	0	0	0	0
LFQ	4	0	0	0	0	0	0	0	0	0	0	0	0	317130	0	0	0	0	0	0	0	0	0	24818	0	0	0	0	360800	0	0	0	0	1317708	0	0	0	0	17870730	0	0	0	0	0
LFQ	5	0	0	19	0	0	0	0	0	0	0	0	0	257770	0	0	0	0	0	0	0	0	0	65888	0	0	0	0	249128	0	0	0	0	810598	0	0	0	0	18507779	0	0	0	4	0
LFQ	6	0	0	0	0	0	0	0	0	0	0	0	0	240004	0	0	0	0	0	0	0	0	0	75612	0	0	0	0	208489	0	0	0	0	632218	0	0	0	0	1908395	0	0	0	16826468	0
LFQ	7	0	0	0	0	0	0	0	0	0	0	0	0	230430	0	0	0	0	0	0	0	0	0	66638	0	0	0	0	196888	0	0	0	0	531295	0	0	0	0	1513950	0	0	0	17351985	0
LFQ	8	0	0	0	0	0	0	0	0	0	0	0	0	227610	0	0	0	0	0	0	0	0	0	105666	0	0	0	0	179578	0	0	0	0	474477	0	0	0	0	1374878	0	0	0	17528977	0
LFQ	9	0	0	0	0	0	0	0	0	0	0	0	0	228987	0	0	0	0	0	0	0	0	0	136108	0	0	0	0	167265	0	0	0	0	446503	0	0	0	0	1278227	0	0	0	17634096	0
LFQ	10	0	0	9	0	0	0	0	0	0	0	0	0	238383	0	0	0	0	0	0	0	0	0	153037	0	0	0	0	239035	0	0	0	0	369793	0	0	0	0	1286955	0	0	0	17603974	0
LFQ	11	0	0	0	0	0	0	0	0	0	0	0	0	229696	0	0	0	0	0	0	0	0	0	154022	0	0	0	0	233953	0	0	0	0	378211	0	0	0	0	1275800	0	0	0	17619504	0
LFQ	12	0	0	0	0	0	0	0	0	0	0	0	0	246320	0	0	0	0	0	0	0	0	0	160325	0	0	0	0	235726	0	0	0	0	399968	0	0	0	0	1285242	0	0	0	17563605	0
LFQ	13	0	0	0	0	0	0	0	0	0	0	0	0	247240	0	0	0	0	0	0	0	0	0	168977	0	0	0	0	267344	0	0	0	0	374840	0	0	0	0	1304984	0	0	0	17527801	0
LFQ	14	0	0	0	0	0	0	0	0	0	0	0	0	257760	0	0	0	0	0	0	0	0	0	176495	0	0	0	0	281423	0	0	0	0	366677	0	0	0	0	1297971	0	0	0	17510860	0
LFQ	15	0	0	0	0	0	0	0	0	0	0	0	0	257606	0	0	0	0	0	0	0	0	0	173014	0	0	0	0	279492	0	0	0	0	360652	0	0	0	0	1300992	0	0	0	17519430	0
LFQ	16	0	0	0	0	0	0	0	0	0	0	0	0	265312	0	0	0	0	0	0	0	0	0	176907	0	0	0	0	283270	0	0	0	0	369849	0	0	0	0	1315034	0	0	0	17480814	0
LFQ	17	0	0	0	0	0	0	0	0	0	0	0	0	269160	0	0	0	0	0	0	0	0	0	177214	0	0	0	0	288973	0	0	0	0	370442	0	0	0	0	1336182	0	0	0	17449215	0
LFQ	18	0	0	47	0	0	0	0	0	0	0	0	0	268358	0	0	0	0	0	0	0	0	0	177488	0	0	0	0	289400	0	0	0	0	371671	0	0	0	0	1332498	0	0	0	17451724	0
LFQ	19	0	0	255	0	0	0	0	0	0	0	0	0	266749	0	0	0	0	0	0	0	0	0	175430	0	0	0	0	287831	0	0	0	0	367907	0	0	0	0	1326530	0	0	0	17466484	0
LFQ	20	0	0	0	0	0	0	0	0	0	0	0	0	269489	0	0	0	0	0	0	0	0	0	173841	0	0	0	0	288386	0	0	0	0	366594	0	0	0	0	1330985	0	0	0	17461891	0
LFQ	21	0	0	0	0	0	0	0	0	0	0	0	0	268225	0	0	0	0	0	0	0	0	0	172669	0	0	0	0	287119	0	0	0	0	362017	0	0	0	0	1318797	0	0	0	17482359	0
LFQ	22	0	0	0	0	0	0	0	0	0	0	0	0	276723	0	0	0	0	0	0	0	0	0	175343	0	0	0	0	292294	0	0	0	0	371499	0	0	0	0	1344291	0	0	0	17431036	0
LFQ	23	0	0	0	0	0	0	0	0	0	0	0	0	281222	0	0	0	0	0	0	0	0	0	177561	0	0	0	0	295094	0	0	0	0	374269	0	0	0	0	1356138	0	0	0	17406902	0
LFQ	24	0	0	0	0	0	0	0	0	0	0	0	0	286231	0	0	0	0	0	0	0	0	0	180029	0	0	0	0	297923	0	0	0	0	375529	0	0	0	0	1363715	0	0	0	17387759	0
LFQ	25	0	0	0	0	0	0	0	0	0	0	0	0	295670	0	0	0	0	0	0	0	0	0	186047	0	0	0	0	305299	0	0	0	0	384591	0	0	0	0	1391178	0	0	0	17328401	0
LFQ	26	0	0	0	0	0	0	0	0	0	0	0	0	308135	0	0	0	0	0	0	0	0	0	192486	0	0	0	0	314216	0	0	0	0	395238	0	0	0	0	1417075	0	0	0	17264036	0
LFQ	27	0	0	0	0	0	0	0	0	0	0	0	0	304931	0	0	0	0	0	0	0	0	0	192339	0	0	0	0	312853	0	0	0	0	392695	0	0	0	0	1426102	0	0	0	17262266	0
LFQ	28	0	0	11	0	0	0	0	0	0	0	0	0	299006	0	0	0	0	0	0	0	0	0	189408	0	0	0	0	309650	0	0	0	0	392032	0	0	0	0	1415247	0	0	0	17285832	0
LFQ	29	0	0	0	0	0	0	0	0	0	0	0	0	315555	0	0	0	0	0	0	0	0	0	195110	0	0	0	0	317363	0	0	0	0	399370	0	0	0	0	1428092	0	0	0	17235696	0
LFQ	30	0	0	0	0	0	0	0	0	0	0	0	0	320233	0	0	0	0	0	0	0	0	0	198934	0	0	0	0	322604	0	0	0	0	403155	0	0	0	0	1448259	0	0	0	17198001	0
LFQ	31	0	0	0	0	0	0	0	0	0	0	0	0	314581	0	0	0	0	0	0	0	0	0	197195	0	0	0	0	320941	0	0	0	0	403461	0	0	0	0	1450931	0	0	0	17204077	0
LFQ	32	0	0	0	0	0	0	0	0	0	0	0	0	323812	0	0	0	0	0	0	0	0	0	202337	0	0	0	0	327013	0	0	0	0	409001	0	0	0	0	1458941	0	0	0	17170082	0
LFQ	33	0	0	0	0	0	0	0	0	0	0	0	0	325965	0	0	0	0	0	0	0	0	0	204097	0	0	0	0	331362	0	0	0	0	414454	0	0	0	0	1474631	0	0	0	17140677	0
LFQ	34	0	0	0	0	0	0	0	0	0	0	0	0	331132	0	0	0	0	0	0	0	0	0	207581	0	0	0	0	336085	0	0	0	0	417561	0	0	0	0	1485270	0	0	0	17113557	0
LFQ	35	0	0	0	0	0	0	0	0	0	0	0	0	331806	0	0	0	0	0	0	0	0	0	208629	0	0	0	0	340431	0	0	0	0	425185	0	0	0	0	1531316	0	0	0	17053819	0
LFQ	36	0	0	0	0	0	0	0	0	0	0	0	0	341593	0	0	0	0	0	0	0	0	0	213837	0	0	0	0	350418	0	0	0	0	430663	0	0	0	0	1553532	0	0	0	17001143	0
LFQ	37	0	0	20	0	0	0	0	0	0	0	0	0	332442	0	0	0	0	0	0	0	0	0	211588	0	0	0	0	348220	0	0	0	0	428265	0	0	0	0	1560277	0	0	0	17010374	0
LFQ	38	0	0	0	0	0	0	0	0	0	0	0	0	337423	0	0	0	0	0	0	0	0	0	212101	0	0	0	0	349638	0	0	0	0	430152	0	0	0	0	1565343	0	0	0	16996529	0
LFQ	39	0	0	0	0	0	0	0	0	0	0	0	0	334330	0	0	0	0	0	0	0	0	0	211483	0	0	0	0	348798	0	0	0	0	439601	0	0	0	0	1555782	0	0	0	17001192	0
LFQ	40	0	0	0	0	0	0	0	0	0	0	0	0	335121	0	0	0	0	0	0	0	0	0	212162	0	0	0	0	352602	0	0	0	0	459892	0	0	0	0	1560639	0	0	0	16970770	0
LFQ	41	0	0	0	0	0	0	0	0	0	0	0	0	338683	0	0	0	0	0	0	0	0	0	214408	0	0	0	0	353419	0	0	0	0	485708	0	0	0	0	1549551	0	0	0	16949417	0
LFQ	42	0	0	0	0	0	0	0	0	0	0	0	0	343524	0	0	0	0	0	0	0	0	0	216839	0	0	0	0	356524	0	0	0	0	502585	0	0	0	0	1546569	0	0	0	16925145	0
LFQ	43	0	0	0	0	0	0	0	0	0	0	0	0	346146	0	0	0	0	0	0	0	0	0	218943	0	0	0	0	360920	0	0	0	0	508994	0	0	0	0	1570337	0	0	0	16885846	0
LFQ	44	0	0	1	0	0	0	0	0	0	0	0	0	352344	0	0	0	0	0	0	0	0	0	220992	0	0	0	0	365813	0	0	0	0	510665	0	0	0	0	1580788	0	0	0	16860583	0
LFQ	45	0	0	48	0	0	0	0	0	0	0	0	0	351419	0	0	0	0	0	0	0	0	0	221549	0	0	0	0	365466	0	0	0	0	514406	0	0	0	0	1582996	0	0	0	16855302	0
LFQ	46	0	0	0	0	0	0	0	0	0	0	0	0	350516	0	0	0	0	0	0	0	0	0	222951	0	0	0	0	365689	0	0	0	0	515377	0	0	0	0	1581663	0	0	0	16854990	0
LFQ	47	0	0	0	0	0	0	0	0	0	0	0	0	356015	0	0	0	0	0	0	0	0	0	225074	0	0	0	0	371111	0	0	0	0	522887	0	0	0	0	1601318	0	0	0	16814781	0
LFQ	48	0	0	0	0	0	0	0	0	0	0	0	0	361098	0	0	0	0	0	0	0	0	0	227104	0	0	0	0	372225	0	0	0	0	523999	0	0	0	0	1599980	0	0	0	16806780	0
LFQ	49	0	0	0	0	0	0	0	0	0	0	0	0	360042	0	0	0	0	0	0	0	0	0	227722	0	0	0	0	375452	0	0	0	0	529751	0	0	0	0	1620145	0	0	0	16778074	0
LFQ	50	0	0	0	0	0	0	0	0	0	0	0	0	369696	0	0	0	0	0	0	0	0	0	231253	0	0	0	0	381817	0	0	0	0	535644	0	0	0	0	1631572	0	0	0	16741204	0
LFQ	51	0	0	0	0	0	0	0	0	0	0	0	0	371942	0	0	0	0	0	0	0	0	0	234371	0	0	0	0	384346	0	0	0	0	547818	0	0	0	0	1653458	0	0	0	16699251	0
LFQ	52	0	0	0	0	0	0	0	0	0	0	0	0	378612	0	0	0	0	0	0	0	0	0	236639	0	0	0	0	387837	0	0	0	0	560244	0	0	0	0	1657675	0	0	0	16670179	0
LFQ	53	0	0	0	0	0	0	0	0	0	0	0	0	379703	0	0	0	0	0	0	0	0	0	238144	0	0	0	0	390614	0	0	0	0	577767	0	0	0	0	1644215	0	0	0	16660743	0
LFQ	54	0	0	47	0	0	0	0	0	0	0	0	0	381660	0	0	0	0	0	0	0	0	0	239590	0	0	0	0	393662	0	0	0	0	600872	0	0	0	0	1639837	0	0	0	16635518	0
LFQ	55	0	0	295	0	0	0	0	0	0	0	0	0	389970	0	0	0	0	0	0	0	0	0	242981	0	0	0	0	400826	0	0	0	0	620143	0	0	0	0	1658756	0	0	0	16578215	0
LFQ	56	0	0	157	0	0	0	0	0	0	0	0	0	389922	0	0	0	0	0	0	0	0	0	243923	0	0	0	0	397959	0	0	0	0	637275	0	0	0	0	1635043	0	0	0	16586907	0
LFQ	57	0	0	331	0	0	0	0	0	0	0	0	0	390108	0	0	0	0	0	0	0	0	0	244907	0	0	0	0	400707	0	0	0	0	639976	0	0	0	0	1634762	0	0	0	16580395	0
LFQ	58	0	0	81	0	0	0	0	0	0	0	0	0	395300	0	0	0	0	0	0	0	0	0	245842	0	0	0	0	403164	0	0	0	0	643352	0	0	0	0	1649552	0	0	0	16553895	0
LFQ	59	0	0	514	0	0	0	0	0	0	0	0	0	394639	0	0	0	0	0	0	0	0	0	247934	0	0	0	0	406496	0	0	0	0	651481	0	0	0	0	1655598	0	0	0	16534524	0
LFQ	60	0	0	0	0	0	0	0	0	0	0	0	0	404698	0	0	0	0	0	0	0	0	0	252046	0	0	0	0	411079	0	0	0	0	657797	0	0	0	0	1670565	0	0	0	16495001	0
LFQ	61	0	0	509	0	0	0	0	0	0	0	0	0	411316	0	0	0	0	0	0	0	0	0	255639	0	0	0	0	414836	0	0	0	0	663439	0	0	0	0	1682225	0	0	0	16462928	0
LFQ	62	0	0	0	0	0	0	0	0	0	0	0	0	402184	0	0	0	0	0	0	0	0	0	258404	0	0	0	0	405609	0	0	0	0	660399	0	0	0	0	1678093	0	0	0	16485887	0
LFQ	63	0	0	409	0	0	0	0	0	0	0	0	0	403745	0	0	0	0	0	0	0	0	0	263500	0	0	0	0	401722	0	0	0	0	658123	0	0	0	0	1678649	0	0	0	16484100	0
LFQ	64	0	0	558	0	0	0	0	0	0	0	0	0	404970	0	0	0	0	0	0	0	0	0	268943	0	0	0	0	397096	0	0	0	0	661503	0	0	0	0	1692208	0	0	0	16464660	0
LFQ	65	0	0	0	0	0	0	0	0	0	0	0	0	409201	0	0	0	0	0	0	0	0	0	283926	0	0	0	0	387254	0	0	0	0	664731	0	0	0	0	1698600	0	0	0	16445900	0
LFQ	66	0	0	318	0	0	0	0	0	0	0	0	0	413292	0	0	0	0	0	0	0	0	0	291384	0	0	0	0	383447	0	0	0	0	669338	0	0	0	0	1707344	0	0	0	16424183	0
LFQ	67	0	0	0	0	0	0	0	0	0	0	0	0	425347	0	0	0	0	0	0	0	0	0	304713	0	0	0	0	387573	0	0	0	0	679864	0	0	0	0	1731658	0	0	0	16359850	0
LFQ	68	0	0	40	0	0	0	0	0	0	0	0	0	421392	0	0	0	0	0	0	0	0	0	322815	0	0	0	0	371667	0	0	0	0	686702	0	0	0	0	1753777	0	0	0	16332299	0
LFQ	69	0	0	0	0	0	0	0	0	0	0	0	0	430488	0	0	0	0	0	0	0	0	0	333861	0	0	0	0	365912	0	0	0	0	686916	0	0	0	0	1761047	0	0	0	16310188	0
LFQ	70	0	0	0	0	0	0	0	0	0	0	0	0	433822	0	0	0	0	0	0	0	0	0	340811	0	0	0	0	368957	0	0	0	0	694368	0	0	0	0	1775011	0	0	0	16275126	0
LFQ	71	0	0	87	0	0	0	0	0	0	0	0	0	438304	0	0	0	0	0	0	0	0	0	349881	0	0	0	0	365137	0	0	0	0	702143	0	0	0	0	1787377	0	0	0	16244839	0
LFQ	72	0	0	0	0	0	0	0	0	0	0	0	0	446467	0	0	0	0	0	0	0	0	0	353415	0	0	0	0	367638	0	0	0	0	705855	0	0	0	0	1796152	0	0	0	16217970	0
LFQ	73	0	0	0	0	0	0	0	0	0	0	0	0	448595	0	0	0	0	0	0	0	0	0	357437	0	0	0	0	368565	0	0	0	0	709119	0	0	0	0	1800353	0	0	0	16203101	0
LFQ	74	0	0	0	0	0	0	0	0	0	0	0	0	451922	0	0	0	0	0	0	0	0	0	360203	0	0	0	0	374463	0	0	0	0	715964	0	0	0	0	1820085	0	0	0	16164189	0
LFQ	75	0	0	31	0	0	0	0	0	0	0	0	0	463784	0	0	0	0	0	0	0	0	0	367968	0	0	0	0	377364	0	0	0	0	726488	0	0	0	0	1834423	0	0	0	16116454	0
LFQ	76	0	0	11	0	0	0	0	0	0	0	0	0	472566	0	0	0	0	0	0	0	0	0	375720	0	0	0	0	387178	0	0	0	0	746039	0	0	0	0	1867084	0	0	0	16037579	0
LFQ	77	0	0	520	0	0	0	0	0	0	0	0	0	460992	0	0	0	0	0	0	0	0	0	686505	0	0	0	0	517547	0	0	0	0	1650098	0	0	0	0	3806411	0	0	0	12763808	0
LFQ	78	0	0	0	0	0	0	0	0	0	0	0	0	431873	0	0	0	0	0	0	0	0	0	455250	0	0	0	0	400682	0	0	0	0	1039321	0	0	0	0	2490422	0	0	0	15068010	0
LFQ	79	0	0	0	0	0	0	0	0	0	0	0	0	403672	0	0	0	0	0	0	0	0	0	373546	0	0	0	0	360506	0	0	0	0	812859	0	0	0	0	2013470	0	0	0	15921193	0
LFQ	80	0	0	0	0	0	0	0	0	0	0	0	0	377793	0	0	0	0	0	0	0	0	0	335951	0	0	0	0	335573	0	0	0	0	714859	0	0	0	0	1784591	0	0	0	16336141	0
LFQ	81	0	0	0	0	0	0	0	0	0	0	0	0	378091	0	0	0	0	0	0	0	0	0	322082	0	0	0	0	328834	0	0	0	0	673137	0	0	0	0	1687822	0	0	0	16494618	0
LFQ	82	0	0	339	0	0	0	0	0	0	0	0	0	379130	0	0	0	0	0	0	0	0	0	319002	0	0	0	0	329007	0	0	0	0	660952	0	0	0	0	1670125	0	0	0	16525694	0
LFQ	83	0	0	68	0	0	0	0	0	0	0	0	0	376120	0	0	0	0	0	0	0	0	0	317003	0	0	0	0	326609	0	0	0	0	657706	0	0	0	0	1659029	0	0	0	16547415	0
LFQ	84	0	0	9	0	0	0	0	0	0	0	0	0	379078	0	0	0	0	0	0	0	0	0	317556	0	0	0	0	328057	0	0	0	0	658188	0	0	0	0	1651428	0	0	0	16549314	0
LFQ	85	0	0	0	0	0	0	0	0	0	0	0	0	384222	0	0	0	0	0	0	0	0	0	318832	0	0	0	0	329497	0	0	0	0	661690	0	0	0	0	1654341	0	0	0	16534775	0
LFQ	86	0	0	8	0	0	0	0	0	0	0	0	0	386594	0	0	0	0	0	0	0	0	0	322749	0	0	0	0	333692	0	0	0	0	668510	0	0	0	0	1662289	0	0	0	16509179	0
LFQ	87	0	0	0	0	0	0	0	0	0	0	0	0	393882	0	0	0	0	0	0	0	0	0	325125	0	0	0	0	338825	0	0	0	0	678238	0	0	0	0	1667280	0	0	0	16479338	0
LFQ	88	0	0	0	0	0	0	0	0	0	0	0	0	398888	0	0	0	0	0	0	0	0	0	328817	0	0	0	0	341789	0	0	0	0	686374	0	0	0	0	1674822	0	0	0	16451660	0
LFQ	89	0	0	0	0	0	0	0	0	0	0	0	0	400558	0	0	0	0	0	0	0	0	0	333141	0	0	0	0	345381	0	0	0	0	703339	0	0	0	0	1691843	0	0	0	16407763	0
LFQ	90	0	0	0	0	0	0	0	0	0	0	0	0	408296	0	0	0	0	0	0	0	0	0	336759	0	0	0	0	350413	0	0	0	0	712349	0	0	0	0	1708813	0	0	0	16365057	0
LFQ	91	0	0	0	0	0	0	0	0	0	0	0	0	411242	0	0	0	0	0	0	0	0	0	340361	0	0	0	0	351566	0	0	0	0	720100	0	0	0	0	1720895	0	0	0	16337189	0
LFQ	92	0	0	0	0	0	0	0	0	0	0	0	0	412620	0	0	0	0	0	0	0	0	0	343790	0	0	0	0	353352	0	0	0	0	728831	0	0	0	0	1756909	0	0	0	16285543	0
LFQ	93	0	0	0	0	0	0	0	0	0	0	0	0	527260	0	0	0	0	0	0	0	0	0	369495	0	0	0	0	364162	0	0	0	0	750883	0	0	0	0	1810685	0	0	0	16058248	0
LFQ	94	0	0	0	0	0	0	0	0	0	0	0	0	432709	0	0	0	0	0	0	0	0	0	402771	0	0	0	0	401164	0	0	0	0	766079	0	0	0	0	1848890	0	0	0	16028818	0
LFQ	95	0	0	0	0	0	0	0	0	0	0	0	0	430201	0	0	0	0	0	0	0	0	0	369331	0	0	0	0	363574	0	0	0	0	781493	0	0	0	0	1912686	0	0	0	16022853	0
LFQ	96	0	0	0	0	0	0	0	0	0	0	0	0	434190	0	0	0	0	0	0	0	0	0	360788	0	0	0	0	364227	0	0	0	0	755845	0	0	0	0	1925908	0	0	0	16038813	0
LFQ	97	0	0	0	0	0	0	0	0	0	0	0	0	447379	0	0	0	0	0	0	0	0	0	365348	0	0	0	0	373192	0	0	0	0	761403	0	0	0	0	1938391	0	0	0	15993741	0
LFQ	98	0	0	0	0	0	0	0	0	0	0	0	0	446469	0	0	0	0	0	0	0	0	0	370360	0	0	0	0	380492	0	0	0	0	760826	0	0	0	0	1965363	0	0	0	15955576	0
LFQ	99	0	0	0	0	0	0	0	0	0	0	0	0	447860	0	0	0	0	0	0	0	0	0	373476	0	0	0	0	392029	0	0	0	0	760611	0	0	0	0	1984289	0	0	0	15920480	0
LFQ	100	0	0	0	0	0	0	0	0	0	0	0	0	454524	0	0	0	0	0	0	0	0	0	376969	0	0	0	0	393427	0	0	0	0	761343	0	0	0	0	2027347	0	0	0	15864761	0
LFQ	101	0	0	0	0	0	0	0	0	0	0	0	0	457538	0	0	0	0	0	0	0	0	0	382712	0	0	0	0	401899	0	0	0	0	763062	0	0	0	0	2091638	0	0	0	15781186	0
LFQ	102	0	0	0	0	0	0	0	0	0	0	0	0	470618	0	0	0	0	0	0	0	0	0	389596	0	0	0	0	411534	0	0	0	0	765677	0	0	0	0	2116048	0	0	0	15724211	0
LFQ	103	0	0	0	0	0	0	0	0	0	0	0	0	478314	0	0	0	0	0	0	0	0	0	394955	0	0	0	0	420704	0	0	0	0	779413	0	0	0	0	2173589	0	0	0	15630392	0
LFQ	104	0	0	0	0	0	0	0	0	0	0	0	0	486088	0	0	0	0	0	0	0	0	0	401263	0	0	0	0	426192	0	0	0	0	783050	0	0	0	0	2257104	0	0	0	15523318	0
LFQ	105	0	0	0	0	0	0	0	0	0	0	0	0	498774	0	0	0	0	0	0	0	0	0	400062	0	0	0	0	421323	0	0	0	0	782683	0	0	0	0	2350479	0	0	0	15423355	0
LFQ	106	0	0	0	0	0	0	0	0	0	0	0	0	507215	0	0	0	0	0	0	0	0	0	400349	0	0	0	0	419460	0	0	0	0	787815	0	0	0	0	2425384	0	0	0	15336109	0
LFQ	107	0	0	0	0	0	0	0	0	0	0	0	0	524506	0	0	0	0	0	0	0	0	0	396861	0	0	0	0	417074	0	0	0	0	789602	0	0	0	0	2466514	0	0	0	15281441	0
LFQ	108	0	0	0	0	0	0	0	0	2293	0	0	0	531404	0	0	0	0	0	0	0	0	0	407080	0	0	0	0	422812	0	0	0	0	811833	0	0	0	0	2497014	0	0	0	15203187	0
LFQ	109	0	0	0	0	0	0	0	0	1573	0	0	0	541177	0	0	0	0	0	0	0	0	0	404976	0	0	0	0	426540	0	0	0	0	813331	0	0	0	0	2525256	0	0	0	15162424	0
LFQ	110	0	0	0	0	0	0	0	0	3796	0	0	0	542217	0	0	0	0	0	0	0	0	0	406051	0	0	0	0	441136	0	0	0	0	816481	0	0	0	0	2539478	0	0	0	15125770	0
LFQ	111	0	0	0	0	0	0	0	0	10702	0	0	0	548388	0	0	0	0	0	0	0	0	0	413584	0	0	0	0	460948	0	0	0	0	838184	0	0	0	0	2556932	0	0	0	15045829	0
LFQ	112	0	0	0	0	0	0	0	0	20583	0	0	0	540741	0	0	0	0	0	0	0	0	0	421920	0	0	0	0	470503	0	0	0	0	881006	0	0	0	0	2527324	0	0	0	15012126	0
LFQ	113	0	0	24	0	0	0	0	0	20039	0	0	0	582980	0	0	0	0	0	0	0	0	0	424729	0	0	0	0	497362	0	0	0	0	855255	0	0	0	0	2571811	0	0	0	14921627	0
LFQ	114	0	0	380	0	0	0	0	0	22665	0	0	0	579781	0	0	0	0	0	0	0	0	0	455439	0	0	0	0	517226	0	0	0	0	873370	0	0	0	0	2633917	0	0	0	14790726	0
LFQ	115	0	0	87	0	0	0	0	0	27661	0	0	0	583906	0	0	0	0	0	0	0	0	0	438588	0	0	0	0	519248	0	0	0	0	920935	0	0	0	0	2645911	0	0	0	14736798	0
LFQ	116	0	0	64	0	0	0	0	0	30167	0	0	0	590326	0	0	0	0	0	0	0	0	0	438761	0	0	0	0	527668	0	0	0	0	932752	0	0	0	0	2655534	0	0	0	14697468	0
LFQ	117	0	0	0	0	0	0	0	0	36253	0	0	0	593164	0	0	0	0	0	0	0	0	0	447277	0	0	0	0	538135	0	0	0	0	970154	0	0	0	0	2642893	0	0	0	14644491	0
LFQ	118	0	0	0	0	0	0	0	0	38534	0	0	0	631037	0	0	0	0	0	0	0	0	0	432752	0	0	0	0	544783	0	0	0	0	986759	0	0	0	0	2656488	0	0	0	14581645	0
LFQ	119	0	0	0	0	0	0	0	0	47717	0	0	0	690080	0	0	0	0	0	0	0	0	0	427128	0	0	0	0	559706	0	0	0	0	997999	0	0	0	0	2665192	0	0	0	14483784	0
LFQ	120	0	0	0	0	0	0	0	0	39757	0	0	0	696984	0	0	0	0	0	0	0	0	0	449771	0	0	0	0	570645	0	0	0	0	1008174	0	0	0	0	2669002	0	0	0	14436876	0
LFQ	121	0	0	1	0	0	0	0	0	40430	0	0	0	721629	0	0	0	0	0	0	0	0	0	424128	0	0	0	0	584121	0	0	0	0	1043445	0	0	0	0	2724596	0	0	0	14332448	0
LFQ	122	0	0	12	0	0	0	0	0	39658	0	0	0	726355	0	0	0	0	0	0	0	0	0	419633	0	0	0	0	596030	0	0	0	0	1036477	0	0	0	0	2708177	0	0	0	14344038	0
LFQ	123	0	0	0	0	0	0	0	0	50877	0	0	0	727612	0	0	0	0	0	0	0	0	0	427357	0	0	0	0	602407	0	0	0	0	1073413	0	0	0	0	2718797	0	0	0	14269514	0
LFQ	124	0	0	0	0	0	0	0	0	58238	0	0	0	732582	0	0	0	0	0	0	0	0	0	437938	0	0	0	0	616352	0	0	0	0	1104492	0	0	0	0	2698292	0	0	0	14221612	0
LFQ	125	0	0	4	0	0	0	0	0	85181	0	0	0	716247	0	0	0	0	0	0	0	0	0	449005	0	0	0	0	618051	0	0	0	0	1177179	0	0	0	0	2637020	0	0	0	14186367	0
LFQ	126	0	0	0	0	0	0	0	0	108230	0	0	0	715636	0	0	0	0	0	0	0	0	0	462017	0	0	0	0	620503	0	0	0	0	1244535	0	0	0	0	2592411	0	0	0	14125260	0
LFQ	127	0	0	0	0	0	0	0	0	131988	0	0	0	704054	0	0	0	0	0	0	0	0	0	476775	0	0	0	0	624746	0	0	0	0	1313919	0	0	0	0	2583059	0	0	0	14033618	0
LFQ	128	0	0	0	0	0	0	0	0	150284	0	0	0	708015	0	0	0	0	0	0	0	0	0	490424	0	0	0	0	640901	0	0	0	0	1375343	0	0	0	0	2608740	0	0	0	13893982	0
LFQ	129	0	0	0	0	0	0	0	0	167424	0	0	0	696302	0	0	0	0	0	0	0	0	0	504871	0	0	0	0	651208	0	0	0	0	1399978	0	0	0	0	2601232	0	0	0	13846208	0
LFQ	130	0	0	0	0	0	0	0	0	169798	0	0	0	709554	0	0	0	0	0	0	0	0	0	512910	0	0	0	0	667326	0	0	0	0	1405395	0	0	0	0	2638681	0	0	0	13763063	0
LFQ	131	0	0	0	0	0	0	0	0	181713	0	0	0	709785	0	0	0	0	0	0	0	0	0	526950	0	0	0	0	689784	0	0	0	0	1431217	0	0	0	0	2665307	0	0	0	13661430	0
LFQ	132	0	0	0	0	0	0	0	0	184654	0	0	0	730621	0	0	0	0	0	0	0	0	0	537788	0	0	0	0	719098	0	0	0	0	1430428	0	0	0	0	2685926	0	0	0	13577108	0
LFQ	133	0	0	0	0	0	0	0	0	191307	0	0	0	743959	0	0	0	0	0	0	0	0	0	558264	0	0	0	0	756150	0	0	0	0	1456131	0	0	0	0	2709213	0	0	0	13450065	0
LFQ	134	0	0	0	0	0	0	0	0	198868	0	0	0	771972	0	0	0	0	0	0	0	0	0	580918	0	0	0	0	804671	0	0	0	0	1479825	0	0	0	0	2711885	0	0	0	13316339	0
LFQ	135	0	0	0	0	0	0	0	0	203387	0	0	0	789987	0	0	0	0	0	0	0	0	0	593315	0	0	0	0	835654	0	0	0	0	1492149	0	0	0	0	2737696	0	0	0	13211678	0
LFQ	136	0	0	4	0	0	0	0	0	210765	0	0	0	820718	0	0	0	0	0	0	0	0	0	616376	0	0	0	0	862920	0	0	0	0	1523016	0	0	0	0	2812769	0	0	0	13016669	0
LFQ	137	0	0	0	0	0	0	0	0	206447	0	0	0	826767	0	0	0	0	0	0	0	0	0	640825	0	0	0	0	965547	0	0	0	0	1507498	0	0	0	0	2729179	0	0	0	12986075	0
LFQ	138	0	0	0	0	0	0	0	0	207424	0	0	0	829920	0	0	0	0	0	0	0	0	0	641767	0	0	0	0	980714	0	0	0	0	1508307	0	0	0	0	2690898	0	0	0	13002005	0
LFQ	139	0	0	0	0	0	0	0	0	215662	0	0	0	858029	0	0	0	0	0	0	0	0	0	657832	0	0	0	0	1002868	0	0	0	0	1527737	0	0	0	0	2714443	0	0	0	12882250	0
LFQ	140	0	0	0	0	0	0	0	0	215542	0	0	0	859331	0	0	0	0	0	0	0	0	0	664537	0	0	0	0	1016515	0	0	0	0	1538042	0	0	0	0	2712605	0	0	0	12847770	0
LFQ	141	0	0	0	0	0	0	0	0	215914	0	0	0	860595	0	0	0	0	0	0	0	0	0	660797	0	0	0	0	1009288	0	0	0	0	1521620	0	0	0	0	2681197	0	0	0	12894768	0
LFQ	142	0	0	0	0	0	0	0	0	220425	0	0	0	878812	0	0	0	0	0	0	0	0	0	671865	0	0	0	0	1027262	0	0	0	0	1543404	0	0	0	0	2706994	0	0	0	12770601	0
LFQ	143	0	0	0	0	0	0	0	0	228994	0	0	0	902148	0	0	0	0	0	0	0	0	0	689974	0	0	0	0	1053872	0	0	0	0	1575025	0	0	0	0	2764209	0	0	0	12602948	0
LFQ	144	0	0	0	0	0	0	0	0	239020	0	0	0	942662	0	0	0	0	0	0	0	0	0	719348	0	0	0	0	1091934	0	0	0	0	1610482	0	0	0	0	2821717	0	0	0	12391349	0
LFQ	145	0	0	31	0	0	0	0	0	239130	0	0	0	946911	0	0	0	0	0	0	0	0	0	724663	0	0	0	0	1100139	0	0	0	0	1622011	0	0	0	0	2842309	0	0	0	12340640	0
LFQ	146	0	0	0	0	0	0	0	0	244249	0	0	0	971728	0	0	0	0	0	0	0	0	0	743317	0	0	0	0	1132085	0	0	0	0	1621063	0	0	0	0	2903361	0	0	0	12199319	0
LFQ	147	0	0	0	0	0	0	0	0	243651	0	0	0	973433	0	0	0	0	0	0	0	0	0	746440	0	0	0	0	1143410	0	0	0	0	1617589	0	0	0	0	2912912	0	0	0	12176963	0
LFQ	148	0	0	0	0	0	0	0	0	246921	0	0	0	992323	0	0	0	0	0	0	0	0	0	758152	0	0	0	0	1174825	0	0	0	0	1585820	0	0	0	0	2953581	0	0	0	12101977	0
LFQ	149	0	0	1	0	0	0	0	0	253767	0	0	0	1043479	0	0	0	0	0	0	0	0	0	800032	0	0	0	0	1279936	0	0	0	0	1516742	0	0	0	0	3125860	0	0	0	11792953	0
LFQ	150	0	0	0	0	0	0	0	0	622197	0	0	0	2240743	0	0	0	0	0	0	0	0	0	1744937	0	0	0	0	2478482	0	0	0	0	2462262	0	0	0	0	3823124	0	0	0	6440163	0
# GC Content of first fragments. Use `grep ^GCF | cut -f 2-` to extract this part.
GCF	0.25	0
GCF	0.75	1
GCF	4.27	0
GCF	8.04	1
GCF	9.55	0
GCF	10.80	3
GCF	11.31	13
GCF	11.81	20
GCF	12.31	18
GCF	12.81	22
GCF	13.32	46
GCF	13.82	61
GCF	14.32	63
GCF	14.82	109
GCF	15.33	158
GCF	15.83	272
GCF	16.33	284
GCF	16.83	421
GCF	17.34	654
GCF	17.84	1049
GCF	18.34	1053
GCF	18.84	1440
GCF	19.35	2185
GCF	19.85	2875
GCF	20.35	2892
GCF	20.85	4095
GCF	21.36	5629
GCF	21.86	7488
GCF	22.36	7526
GCF	22.86	10390
GCF	23.37	13638
GCF	23.87	17535
GCF	24.37	17571
GCF	24.87	22977
GCF	25.38	29532
GCF	25.88	38177
GCF	26.38	38194
GCF	26.88	48730
GCF	27.39	61884
GCF	27.89	76710
GCF	28.39	76792
GCF	28.89	94869
GCF	29.40	115097
GCF	29.90	136346
GCF	30.40	136379
GCF	30.90	161933
GCF	31.41	189033
GCF	31.91	217956
GCF	32.41	218094
GCF	32.91	245468
GCF	33.42	279480
GCF	33.92	314020
GCF	34.42	349042
GCF	34.92	349220
GCF	35.43	386127
GCF	35.93	422175
GCF	36.43	457792
GCF	36.93	457946
GCF	37.44	497060
GCF	37.94	532480
GCF	38.44	567613
GCF	38.94	567620
GCF	39.45	597720
GCF	39.95	625264
GCF	40.45	650813
GCF	40.95	650732
GCF	41.46	668663
GCF	41.96	679123
GCF	42.46	683434
GCF	42.96	683341
GCF	43.47	682991
GCF	43.97	672065
GCF	44.47	658409
GCF	44.97	658387
GCF	45.48	633927
GCF	45.98	606933
GCF	46.48	573769
GCF	46.98	573686
GCF	47.49	537753
GCF	47.99	499388
GCF	48.49	464496
GCF	48.99	464436
GCF	49.50	429024
GCF	50.00	394303
GCF	50.50	362247
GCF	51.01	362169
GCF	51.51	331062
GCF	52.01	302643
GCF	52.51	273344
GCF	53.02	273256
GCF	53.52	250297
GCF	54.02	230401
GCF	54.52	210071
GCF	55.03	210019
GCF	55.53	194374
GCF	56.03	181062
GCF	56.53	169480
GCF	57.04	169478
GCF	57.54	161271
GCF	58.04	153946
GCF	58.54	148337
GCF	59.05	148278
GCF	59.55	143872
GCF	60.05	138825
GCF	60.55	134494
GCF	61.06	134489
GCF	61.56	128475
GCF	62.06	124008
GCF	62.56	117419
GCF	63.07	117382
GCF	63.57	109639
GCF	64.07	101060
GCF	64.57	91908
GCF	65.08	91890
GCF	65.58	82330
GCF	66.08	72805
GCF	66.58	62829
GCF	67.09	53470
GCF	67.59	53472
GCF	68.09	44801
GCF	68.59	36891
GCF	69.10	30221
GCF	69.60	30200
GCF	70.10	23637
GCF	70.60	18562
GCF	71.11	14574
GCF	71.61	14581
GCF	72.11	11033
GCF	72.61	8433
GCF	73.12	6214
GCF	73.62	6205
GCF	74.12	4599
GCF	74.62	3341
GCF	75.13	2265
GCF	75.63	2259
GCF	76.13	1656
GCF	76.63	1068
GCF	77.14	706
GCF	77.64	707
GCF	78.14	440
GCF	78.64	283
GCF	79.40	225
GCF	80.15	131
GCF	80.65	72
GCF	81.16	56
GCF	81.66	53
GCF	82.16	28
GCF	82.66	14
GCF	83.42	10
GCF	84.17	2
GCF	84.67	4
GCF	85.43	1
GCF	86.18	0
GCF	87.19	1
# GC Content of last fragments. Use `grep ^GCL | cut -f 2-` to extract this part.
GCL	2.51	0
GCL	5.28	1
GCL	5.78	2
GCL	6.28	3
GCL	6.78	2
GCL	7.29	1
GCL	8.04	0
GCL	8.79	5
GCL	9.30	3
GCL	9.80	9
GCL	10.30	8
GCL	10.80	7
GCL	11.31	14
GCL	11.81	18
GCL	12.31	15
GCL	12.81	38
GCL	13.32	60
GCL	13.82	124
GCL	14.32	123
GCL	14.82	164
GCL	15.33	242
GCL	15.83	387
GCL	16.33	396
GCL	16.83	597
GCL	17.34	834
GCL	17.84	1303
GCL	18.34	1312
GCL	18.84	1857
GCL	19.35	2468
GCL	19.85	3463
GCL	20.35	3479
GCL	20.85	4791
GCL	21.36	6326
GCL	21.86	8780
GCL	22.36	8827
GCL	22.86	11757
GCL	23.37	15115
GCL	23.87	19249
GCL	24.37	19346
GCL	24.87	25371
GCL	25.38	31876
GCL	25.88	40795
GCL	26.38	40914
GCL	26.88	51783
GCL	27.39	64457
GCL	27.89	80015
GCL	28.39	80099
GCL	28.89	98045
GCL	29.40	118718
GCL	29.90	141979
GCL	30.40	142118
GCL	30.90	165258
GCL	31.41	192165
GCL	31.91	220378
GCL	32.41	220392
GCL	32.91	250490
GCL	33.42	282585
GCL	33.92	316141
GCL	34.42	352904
GCL	34.92	353030
GCL	35.43	387405
GCL	35.93	422393
GCL	36.43	458740
GCL	36.93	458945
GCL	37.44	496880
GCL	37.94	529264
GCL	38.44	564475
GCL	38.94	564563
GCL	39.45	594828
GCL	39.95	622215
GCL	40.45	646633
GCL	40.95	646509
GCL	41.46	661933
GCL	41.96	673114
GCL	42.46	678977
GCL	42.96	678943
GCL	43.47	678028
GCL	43.97	666720
GCL	44.47	653584
GCL	44.97	653517
GCL	45.48	629859
GCL	45.98	599173
GCL	46.48	569300
GCL	46.98	569158
GCL	47.49	534768
GCL	47.99	496395
GCL	48.49	463287
GCL	48.99	463251
GCL	49.50	425677
GCL	50.00	393715
GCL	50.50	358812
GCL	51.01	358687
GCL	51.51	327806
GCL	52.01	300389
GCL	52.51	274650
GCL	53.02	274556
GCL	53.52	250607
GCL	54.02	228714
GCL	54.52	210226
GCL	55.03	210153
GCL	55.53	194442
GCL	56.03	181822
GCL	56.53	169901
GCL	57.04	169879
GCL	57.54	160271
GCL	58.04	154417
GCL	58.54	148744
GCL	59.05	148664
GCL	59.55	144079
GCL	60.05	139307
GCL	60.55	134622
GCL	61.06	134677
GCL	61.56	128826
GCL	62.06	123745
GCL	62.56	117444
GCL	63.07	117393
GCL	63.57	109529
GCL	64.07	102077
GCL	64.57	93139
GCL	65.08	93105
GCL	65.58	84125
GCL	66.08	74247
GCL	66.58	64523
GCL	67.09	55350
GCL	67.59	55334
GCL	68.09	46217
GCL	68.59	38309
GCL	69.10	31220
GCL	69.60	31202
GCL	70.10	24806
GCL	70.60	19823
GCL	71.11	15331
GCL	71.61	15341
GCL	72.11	12162
GCL	72.61	9181
GCL	73.12	6781
GCL	73.62	6771
GCL	74.12	4929
GCL	74.62	3549
GCL	75.13	2647
GCL	75.63	2642
GCL	76.13	1800
GCL	76.63	1237
GCL	77.14	835
GCL	77.64	838
GCL	78.14	577
GCL	78.64	391
GCL	79.15	235
GCL	79.65	232
GCL	80.15	153
GCL	80.65	107
GCL	81.16	74
GCL	81.66	75
GCL	82.16	39
GCL	82.66	27
GCL	83.42	6
GCL	84.17	10
GCL	84.67	6
GCL	85.68	4
GCL	87.19	2
GCL	88.19	1
GCL	88.69	0
GCL	89.45	2
GCL	90.20	1
# ACGT content per cycle. Use `grep ^GCC | cut -f 2-` to extract this part. The columns are: cycle; A,C,G,T base counts as a percentage of all A/C/G/T bases [%]; and N and O counts as a percentage of all A/C/G/T bases [%]
GCC	1	22.40	22.95	40.64	14.00	0.96	0.00
GCC	2	20.99	22.46	14.47	42.08	0.00	0.00
GCC	3	28.34	22.86	18.13	30.68	0.00	0.00
GCC	4	19.28	27.68	13.36	39.68	0.00	0.00
GCC	5	32.13	16.94	13.65	37.28	0.00	0.00
GCC	6	35.98	14.98	27.31	21.73	0.00	0.00
GCC	7	30.49	18.86	24.22	26.43	0.00	0.00
GCC	8	36.92	18.37	22.24	22.47	0.00	0.00
GCC	9	19.88	34.18	22.31	23.63	0.00	0.00
GCC	10	27.52	24.11	17.05	31.32	0.00	0.00
GCC	11	25.07	17.68	31.70	25.55	0.00	0.00
GCC	12	25.21	22.01	20.94	31.84	0.00	0.00
GCC	13	23.11	23.34	25.61	27.94	0.00	0.00
GCC	14	21.90	29.48	20.88	27.74	0.00	0.00
GCC	15	29.11	23.27	23.61	24.01	0.00	0.00
GCC	16	28.85	21.76	23.25	26.14	0.00	0.00
GCC	17	28.93	21.51	21.42	28.14	0.00	0.00
GCC	18	29.04	21.27	21.66	28.02	0.00	0.00
GCC	19	28.41	21.59	22.25	27.75	0.00	0.00
GCC	20	28.19	22.00	22.02	27.80	0.00	0.00
GCC	21	28.02	22.01	21.99	27.98	0.00	0.00
GCC	22	27.57	22.17	22.29	27.97	0.00	0.00
GCC	23	27.68	22.28	22.02	28.02	0.00	0.00
GCC	24	27.93	21.98	22.17	27.92	0.00	0.00
GCC	25	27.43	22.19	22.48	27.90	0.00	0.00
GCC	26	27.66	22.30	22.14	27.90	0.00	0.00
GCC	27	27.97	22.02	22.33	27.68	0.00	0.00
GCC	28	27.70	22.24	22.44	27.62	0.00	0.00
GCC	29	27.89	22.29	22.14	27.69	0.00	0.00
GCC	30	28.05	22.07	22.23	27.65	0.00	0.00
GCC	31	27.72	22.21	22.38	27.69	0.00	0.00
GCC	32	27.84	22.27	22.10	27.79	0.00	0.00
GCC	33	28.01	22.03	22.16	27.80	0.00	0.00
GCC	34	27.56	22.17	22.40	27.87	0.00	0.00
GCC	35	27.69	22.32	22.10	27.89	0.00	0.00
GCC	36	27.94	22.02	22.25	27.80	0.00	0.00
GCC	37	27.53	22.24	22.47	27.77	0.00	0.00
GCC	38	27.72	22.29	22.19	27.81	0.00	0.00
GCC	39	27.90	22.06	22.31	27.73	0.00	0.00
GCC	40	27.61	22.25	22.48	27.67	0.00	0.00
GCC	41	27.73	22.36	22.12	27.78	0.00	0.00
GCC	42	27.96	22.08	22.25	27.71	0.00	0.00
GCC	43	27.59	22.26	22.42	27.73	0.00	0.00
GCC	44	27.75	22.36	22.12	27.77	0.00	0.00
GCC	45	27.92	22.07	22.25	27.76	0.00	0.00
GCC	46	27.52	22.25	22.44	27.78	0.00	0.00
GCC	47	27.72	22.33	22.12	27.83	0.00	0.00
GCC	48	27.93	22.06	22.29	27.72	0.00	0.00
GCC	49	27.55	22.27	22.46	27.72	0.00	0.00
GCC	50	27.72	22.33	22.16	27.79	0.00	0.00
GCC	51	27.89	22.13	22.30	27.68	0.00	0.00
GCC	52	27.54	22.30	22.46	27.70	0.00	0.00
GCC	53	27.71	22.39	22.14	27.76	0.00	0.00
GCC	54	27.92	22.14	22.24	27.69	0.00	0.00
GCC	55	27.57	22.29	22.44	27.70	0.00	0.00
GCC	56	27.72	22.36	22.17	27.75	0.00	0.00
GCC	57	27.90	22.12	22.27	27.71	0.00	0.00
GCC	58	27.53	22.29	22.46	27.72	0.00	0.00
GCC	59	27.68	22.38	22.15	27.79	0.00	0.00
GCC	60	27.88	22.08	22.33	27.71	0.00	0.00
GCC	61	27.52	22.30	22.52	27.66	0.00	0.00
GCC	62	27.68	22.39	22.18	27.75	0.00	0.00
GCC	63	27.89	22.15	22.28	27.68	0.00	0.00
GCC	64	27.55	22.32	22.49	27.64	0.00	0.00
GCC	65	27.68	22.41	22.17	27.73	0.00	0.00
GCC	66	27.86	22.13	22.29	27.71	0.00	0.00
GCC	67	27.55	22.30	22.47	27.68	0.00	0.00
GCC	68	27.69	22.39	22.17	27.75	0.00	0.00
GCC	69	27.88	22.13	22.31	27.68	0.00	0.00
GCC	70	27.53	22.28	22.50	27.69	0.00	0.00
GCC	71	27.67	22.38	22.20	27.75	0.00	0.00
GCC	72	27.86	22.13	22.33	27.68	0.00	0.00
GCC	73	27.53	22.34	22.47	27.67	0.00	0.00
GCC	74	27.66	22.42	22.19	27.73	0.00	0.00
GCC	75	27.88	22.17	22.30	27.65	0.00	0.00
GCC	76	27.51	22.35	22.48	27.66	0.00	0.00
GCC	77	27.69	22.41	22.19	27.71	0.00	0.00
GCC	78	27.90	22.17	22.30	27.63	0.00	0.00
GCC	79	27.54	22.31	22.50	27.65	0.00	0.00
GCC	80	27.70	22.38	22.19	27.73	0.00	0.00
GCC	81	27.83	22.17	22.33	27.68	0.00	0.00
GCC	82	27.51	22.33	22.47	27.69	0.00	0.00
GCC	83	27.63	22.41	22.19	27.76	0.00	0.00
GCC	84	27.82	22.17	22.34	27.66	0.00	0.00
GCC	85	27.51	22.34	22.52	27.64	0.00	0.00
GCC	86	27.64	22.47	22.19	27.71	0.00	0.00
GCC	87	27.86	22.18	22.32	27.64	0.00	0.00
GCC	88	27.50	22.36	22.49	27.66	0.00	0.00
GCC	89	27.66	22.43	22.19	27.71	0.00	0.00
GCC	90	27.84	22.17	22.33	27.66	0.00	0.00
GCC	91	27.49	22.37	22.48	27.65	0.00	0.00
GCC	92	27.63	22.42	22.20	27.74	0.00	0.00
GCC	93	27.82	22.21	22.39	27.59	0.00	0.00
GCC	94	27.51	22.32	22.50	27.67	0.00	0.00
GCC	95	27.63	22.41	22.23	27.73	0.00	0.00
GCC	96	27.82	22.23	22.33	27.63	0.00	0.00
GCC	97	27.54	22.35	22.49	27.62	0.00	0.00
GCC	98	27.64	22.46	22.22	27.68	0.00	0.00
GCC	99	27.84	22.22	22.31	27.63	0.00	0.00
GCC	100	27.47	22.36	22.49	27.68	0.00	0.00
GCC	101	27.61	22.47	22.21	27.72	0.00	0.00
GCC	102	27.83	22.19	22.34	27.63	0.00	0.00
GCC	103	27.48	22.36	22.51	27.65	0.00	0.00
GCC	104	27.63	22.43	22.22	27.72	0.00	0.00
GCC	105	27.83	22.16	22.34	27.67	0.00	0.00
GCC	106	27.47	22.35	22.54	27.63	0.00	0.00
GCC	107	27.65	22.45	22.19	27.70	0.00	0.00
GCC	108	27.84	22.21	22.33	27.62	0.00	0.00
GCC	109	27.50	22.36	22.50	27.63	0.00	0.00
GCC	110	27.64	22.46	22.20	27.71	0.00	0.00
GCC	111	27.79	22.21	22.36	27.64	0.00	0.00
GCC	112	27.47	22.39	22.49	27.65	0.00	0.00
GCC	113	27.62	22.46	22.25	27.67	0.00	0.00
GCC	114	27.81	22.22	22.33	27.63	0.00	0.00
GCC	115	27.49	22.33	22.52	27.66	0.00	0.00
GCC	116	27.64	22.44	22.21	27.71	0.00	0.00
GCC	117	27.79	22.24	22.29	27.67	0.00	0.00
GCC	118	27.47	22.36	22.51	27.66	0.00	0.00
GCC	119	27.61	22.44	22.25	27.70	0.00	0.00
GCC	120	27.81	22.22	22.35	27.62	0.00	0.00
GCC	121	27.47	22.38	22.52	27.62	0.00	0.00
GCC	122	27.61	22.49	22.21	27.69	0.00	0.00
GCC	123	27.78	22.25	22.36	27.61	0.00	0.00
GCC	124	27.47	22.38	22.51	27.63	0.00	0.00
GCC	125	27.62	22.42	22.26	27.70	0.00	0.00
GCC	126	27.81	22.21	22.35	27.63	0.00	0.00
GCC	127	27.49	22.38	22.49	27.64	0.00	0.00
GCC	128	27.60	22.44	22.23	27.73	0.00	0.00
GCC	129	27.73	22.22	22.41	27.64	0.00	0.00
GCC	130	27.48	22.40	22.49	27.63	0.01	0.00
GCC	131	27.59	22.47	22.26	27.68	0.00	0.00
GCC	132	27.78	22.26	22.36	27.60	0.00	0.00
GCC	133	27.48	22.39	22.51	27.63	0.00	0.00
GCC	134	27.58	22.48	22.27	27.67	0.00	0.00
GCC	135	27.79	22.23	22.35	27.63	0.00	0.00
GCC	136	27.48	22.38	22.53	27.61	0.00	0.00
GCC	137	27.60	22.45	22.24	27.71	0.00	0.00
GCC	138	27.75	22.23	22.36	27.67	0.00	0.00
GCC	139	27.44	22.40	22.52	27.64	0.00	0.00
GCC	140	27.58	22.48	22.23	27.72	0.00	0.00
GCC	141	27.77	22.26	22.37	27.60	0.00	0.00
GCC	142	27.40	22.46	22.56	27.58	0.00	0.00
GCC	143	27.56	22.51	22.26	27.67	0.00	0.00
GCC	144	27.75	22.27	22.43	27.55	0.00	0.00
GCC	145	27.42	22.44	22.53	27.61	0.00	0.00
GCC	146	27.56	22.52	22.27	27.65	0.00	0.00
GCC	147	27.70	22.31	22.41	27.58	0.00	0.00
GCC	148	27.44	22.41	22.53	27.62	0.00	0.00
GCC	149	27.53	22.52	22.27	27.67	0.00	0.00
GCC	150	27.64	22.29	22.39	27.69	0.00	0.00
# ACGT content per cycle, read oriented. Use `grep ^GCT | cut -f 2-` to extract this part. The columns are: cycle; A,C,G,T base counts as a percentage of all A/C/G/T bases [%]
GCT	1	22.40	22.95	40.64	14.00
GCT	2	20.99	22.46	14.47	42.08
GCT	3	28.34	22.86	18.13	30.68
GCT	4	19.28	27.68	13.36	39.68
GCT	5	32.13	16.94	13.65	37.28
GCT	6	35.98	14.98	27.31	21.73
GCT	7	30.49	18.86	24.22	26.43
GCT	8	36.93	18.37	22.24	22.46
GCT	9	19.88	34.18	22.31	23.63
GCT	10	27.52	24.11	17.05	31.32
GCT	11	25.07	17.68	31.70	25.55
GCT	12	25.21	22.01	20.94	31.84
GCT	13	23.11	23.34	25.61	27.94
GCT	14	21.90	29.48	20.88	27.74
GCT	15	29.11	23.27	23.61	24.01
GCT	16	28.85	21.76	23.25	26.14
GCT	17	28.93	21.51	21.42	28.14
GCT	18	29.04	21.27	21.66	28.02
GCT	19	28.41	21.59	22.25	27.75
GCT	20	28.19	22.00	22.02	27.80
GCT	21	28.02	22.01	21.99	27.98
GCT	22	27.57	22.17	22.29	27.97
GCT	23	27.68	22.28	22.02	28.02
GCT	24	27.93	21.98	22.17	27.92
GCT	25	27.43	22.19	22.48	27.90
GCT	26	27.66	22.30	22.14	27.90
GCT	27	27.97	22.02	22.33	27.68
GCT	28	27.70	22.24	22.44	27.62
GCT	29	27.89	22.29	22.14	27.69
GCT	30	28.05	22.07	22.23	27.66
GCT	31	27.72	22.21	22.38	27.69
GCT	32	27.84	22.27	22.10	27.79
GCT	33	28.01	22.03	22.16	27.80
GCT	34	27.56	22.17	22.40	27.87
GCT	35	27.69	22.32	22.10	27.89
GCT	36	27.94	22.02	22.25	27.80
GCT	37	27.53	22.24	22.47	27.77
GCT	38	27.72	22.29	22.19	27.81
GCT	39	27.90	22.06	22.31	27.73
GCT	40	27.61	22.25	22.48	27.67
GCT	41	27.73	22.36	22.12	27.78
GCT	42	27.96	22.08	22.25	27.71
GCT	43	27.59	22.26	22.42	27.73
GCT	44	27.75	22.36	22.12	27.77
GCT	45	27.92	22.07	22.25	27.76
GCT	46	27.52	22.25	22.44	27.78
GCT	47	27.72	22.33	22.12	27.83
GCT	48	27.93	22.06	22.29	27.72
GCT	49	27.55	22.27	22.46	27.72
GCT	50	27.72	22.33	22.16	27.79
GCT	51	27.89	22.13	22.30	27.68
GCT	52	27.54	22.30	22.46	27.70
GCT	53	27.71	22.39	22.14	27.76
GCT	54	27.92	22.14	22.24	27.69
GCT	55	27.57	22.29	22.44	27.70
GCT	56	27.72	22.36	22.17	27.75
GCT	57	27.90	22.12	22.27	27.71
GCT	58	27.53	22.29	22.46	27.72
GCT	59	27.68	22.38	22.15	27.79
GCT	60	27.88	22.08	22.33	27.71
GCT	61	27.52	22.30	22.52	27.66
GCT	62	27.68	22.39	22.18	27.75
GCT	63	27.89	22.15	22.28	27.68
GCT	64	27.55	22.32	22.49	27.64
GCT	65	27.68	22.41	22.17	27.73
GCT	66	27.86	22.13	22.29	27.71
GCT	67	27.55	22.30	22.47	27.68
GCT	68	27.69	22.39	22.17	27.75
GCT	69	27.88	22.13	22.31	27.68
GCT	70	27.53	22.28	22.50	27.69
GCT	71	27.67	22.38	22.20	27.75
GCT	72	27.86	22.13	22.33	27.68
GCT	73	27.53	22.34	22.47	27.67
GCT	74	27.66	22.42	22.19	27.73
GCT	75	27.88	22.17	22.30	27.65
GCT	76	27.51	22.35	22.48	27.66
GCT	77	27.69	22.41	22.19	27.71
GCT	78	27.90	22.17	22.30	27.63
GCT	79	27.54	22.31	22.50	27.65
GCT	80	27.70	22.38	22.19	27.73
GCT	81	27.83	22.17	22.33	27.68
GCT	82	27.51	22.33	22.47	27.69
GCT	83	27.63	22.41	22.19	27.76
GCT	84	27.82	22.17	22.34	27.66
GCT	85	27.51	22.34	22.52	27.64
GCT	86	27.64	22.47	22.19	27.71
GCT	87	27.86	22.18	22.32	27.64
GCT	88	27.50	22.36	22.49	27.66
GCT	89	27.66	22.43	22.19	27.71
GCT	90	27.84	22.17	22.33	27.66
GCT	91	27.49	22.37	22.48	27.65
GCT	92	27.63	22.42	22.20	27.74
GCT	93	27.82	22.21	22.39	27.59
GCT	94	27.51	22.32	22.50	27.67
GCT	95	27.63	22.41	22.23	27.73
GCT	96	27.82	22.23	22.33	27.63
GCT	97	27.54	22.35	22.49	27.62
GCT	98	27.64	22.46	22.22	27.68
GCT	99	27.84	22.22	22.31	27.63
GCT	100	27.47	22.36	22.49	27.68
GCT	101	27.61	22.47	22.21	27.72
GCT	102	27.83	22.19	22.34	27.63
GCT	103	27.48	22.36	22.51	27.65
GCT	104	27.63	22.43	22.21	27.72
GCT	105	27.83	22.16	22.34	27.67
GCT	106	27.47	22.35	22.54	27.63
GCT	107	27.65	22.45	22.19	27.70
GCT	108	27.84	22.21	22.33	27.62
GCT	109	27.50	22.36	22.50	27.63
GCT	110	27.64	22.46	22.20	27.71
GCT	111	27.79	22.21	22.36	27.64
GCT	112	27.47	22.39	22.49	27.65
GCT	113	27.62	22.46	22.25	27.67
GCT	114	27.81	22.22	22.33	27.63
GCT	115	27.49	22.33	22.52	27.66
GCT	116	27.64	22.44	22.21	27.71
GCT	117	27.79	22.24	22.29	27.67
GCT	118	27.47	22.36	22.51	27.66
GCT	119	27.61	22.44	22.25	27.70
GCT	120	27.81	22.22	22.35	27.62
GCT	121	27.47	22.38	22.52	27.62
GCT	122	27.61	22.49	22.21	27.69
GCT	123	27.78	22.25	22.36	27.61
GCT	124	27.47	22.38	22.51	27.63
GCT	125	27.62	22.42	22.26	27.70
GCT	126	27.81	22.21	22.35	27.63
GCT	127	27.49	22.38	22.49	27.64
GCT	128	27.60	22.44	22.23	27.73
GCT	129	27.73	22.22	22.41	27.64
GCT	130	27.48	22.40	22.49	27.63
GCT	131	27.59	22.47	22.26	27.68
GCT	132	27.78	22.26	22.36	27.60
GCT	133	27.48	22.39	22.51	27.63
GCT	134	27.58	22.48	22.27	27.67
GCT	135	27.79	22.23	22.35	27.63
GCT	136	27.48	22.38	22.53	27.61
GCT	137	27.60	22.45	22.24	27.71
GCT	138	27.75	22.23	22.36	27.67
GCT	139	27.44	22.40	22.52	27.64
GCT	140	27.58	22.48	22.23	27.72
GCT	141	27.77	22.26	22.37	27.60
GCT	142	27.40	22.46	22.56	27.58
GCT	143	27.56	22.51	22.26	27.67
GCT	144	27.75	22.27	22.43	27.55
GCT	145	27.42	22.44	22.53	27.61
GCT	146	27.56	22.52	22.27	27.65
GCT	147	27.70	22.31	22.41	27.58
GCT	148	27.44	22.41	22.53	27.62
GCT	149	27.53	22.52	22.27	27.67
GCT	150	27.64	22.29	22.39	27.69
# ACGT content per cycle for first fragments. Use `grep ^FBC | cut -f 2-` to extract this part. The columns are: cycle; A,C,G,T base counts as a percentage of all A/C/G/T bases [%]; and N and O counts as a percentage of all A/C/G/T bases [%]
FBC	1	22.41	22.92	40.66	14.00	1.07	0.00
FBC	2	21.02	22.42	14.50	42.06	0.00	0.00
FBC	3	28.35	22.88	18.10	30.68	0.00	0.00
FBC	4	19.30	27.66	13.37	39.67	0.01	0.00
FBC	5	32.13	16.93	13.65	37.29	0.00	0.00
FBC	6	35.99	14.97	27.32	21.71	0.00	0.00
FBC	7	30.50	18.87	24.28	26.36	0.00	0.00
FBC	8	36.97	18.35	22.27	22.40	0.00	0.00
FBC	9	19.88	34.22	22.32	23.58	0.00	0.00
FBC	10	27.57	24.14	17.05	31.23	0.00	0.00
FBC	11	25.10	17.68	31.74	25.47	0.00	0.00
FBC	12	25.23	22.03	20.94	31.80	0.00	0.00
FBC	13	23.14	23.35	25.65	27.87	0.00	0.00
FBC	14	21.93	29.52	20.90	27.66	0.00	0.00
FBC	15	29.17	23.27	23.63	23.93	0.00	0.00
FBC	16	28.89	21.77	23.28	26.05	0.00	0.00
FBC	17	29.01	21.50	21.44	28.04	0.00	0.00
FBC	18	29.10	21.27	21.67	27.96	0.00	0.00
FBC	19	28.44	21.59	22.28	27.69	0.00	0.00
FBC	20	28.25	21.99	22.03	27.73	0.00	0.00
FBC	21	28.05	22.02	22.00	27.93	0.00	0.00
FBC	22	27.60	22.18	22.33	27.89	0.00	0.00
FBC	23	27.72	22.28	22.05	27.94	0.00	0.00
FBC	24	27.98	21.99	22.19	27.85	0.00	0.00
FBC	25	27.47	22.20	22.51	27.83	0.00	0.00
FBC	26	27.72	22.29	22.16	27.83	0.00	0.00
FBC	27	28.01	22.02	22.36	27.60	0.00	0.00
FBC	28	27.74	22.25	22.48	27.52	0.00	0.00
FBC	29	27.95	22.29	22.18	27.59	0.00	0.00
FBC	30	28.09	22.07	22.27	27.56	0.00	0.00
FBC	31	27.76	22.24	22.41	27.59	0.00	0.00
FBC	32	27.89	22.27	22.14	27.70	0.00	0.00
FBC	33	28.05	22.04	22.20	27.72	0.00	0.00
FBC	34	27.60	22.18	22.44	27.79	0.00	0.00
FBC	35	27.73	22.32	22.13	27.82	0.00	0.00
FBC	36	27.97	22.03	22.25	27.75	0.00	0.00
FBC	37	27.54	22.25	22.50	27.70	0.00	0.00
FBC	38	27.74	22.29	22.21	27.75	0.00	0.00
FBC	39	27.93	22.05	22.33	27.69	0.00	0.00
FBC	40	27.66	22.23	22.51	27.60	0.00	0.00
FBC	41	27.77	22.37	22.15	27.70	0.00	0.00
FBC	42	27.98	22.10	22.28	27.64	0.00	0.00
FBC	43	27.62	22.28	22.45	27.65	0.00	0.00
FBC	44	27.78	22.35	22.15	27.72	0.00	0.00
FBC	45	27.96	22.07	22.27	27.71	0.00	0.00
FBC	46	27.56	22.24	22.47	27.73	0.00	0.00
FBC	47	27.75	22.33	22.14	27.78	0.00	0.00
FBC	48	27.98	22.04	22.30	27.68	0.00	0.00
FBC	49	27.58	22.28	22.48	27.66	0.00	0.00
FBC	50	27.75	22.34	22.18	27.73	0.00	0.00
FBC	51	27.92	22.13	22.31	27.64	0.00	0.00
FBC	52	27.56	22.31	22.49	27.63	0.00	0.00
FBC	53	27.75	22.37	22.18	27.70	0.00	0.00
FBC	54	27.95	22.15	22.26	27.64	0.00	0.00
FBC	55	27.60	22.30	22.47	27.63	0.00	0.00
FBC	56	27.76	22.35	22.18	27.71	0.00	0.00
FBC	57	27.94	22.12	22.28	27.66	0.00	0.00
FBC	58	27.54	22.30	22.49	27.66	0.00	0.00
FBC	59	27.72	22.36	22.18	27.74	0.00	0.00
FBC	60	27.91	22.06	22.36	27.67	0.00	0.00
FBC	61	27.55	22.29	22.54	27.62	0.00	0.00
FBC	62	27.72	22.38	22.21	27.69	0.00	0.00
FBC	63	27.92	22.15	22.30	27.64	0.00	0.00
FBC	64	27.58	22.33	22.50	27.59	0.00	0.00
FBC	65	27.70	22.39	22.19	27.71	0.00	0.00
FBC	66	27.88	22.12	22.33	27.67	0.00	0.00
FBC	67	27.57	22.30	22.48	27.65	0.00	0.00
FBC	68	27.72	22.39	22.19	27.70	0.00	0.00
FBC	69	27.90	22.13	22.32	27.65	0.00	0.00
FBC	70	27.57	22.28	22.51	27.64	0.00	0.00
FBC	71	27.72	22.36	22.22	27.70	0.00	0.00
FBC	72	27.89	22.12	22.35	27.64	0.00	0.00
FBC	73	27.55	22.35	22.49	27.61	0.00	0.00
FBC	74	27.69	22.43	22.20	27.68	0.00	0.00
FBC	75	27.91	22.17	22.33	27.60	0.00	0.00
FBC	76	27.53	22.34	22.50	27.63	0.00	0.00
FBC	77	27.70	22.40	22.21	27.69	0.00	0.00
FBC	78	27.92	22.17	22.32	27.60	0.00	0.00
FBC	79	27.55	22.32	22.52	27.61	0.00	0.00
FBC	80	27.71	22.39	22.21	27.69	0.00	0.00
FBC	81	27.85	22.17	22.33	27.65	0.00	0.00
FBC	82	27.53	22.33	22.49	27.65	0.00	0.00
FBC	83	27.66	22.41	22.20	27.73	0.00	0.00
FBC	84	27.85	22.16	22.35	27.64	0.00	0.00
FBC	85	27.52	22.33	22.54	27.61	0.00	0.00
FBC	86	27.67	22.45	22.19	27.68	0.00	0.00
FBC	87	27.87	22.17	22.33	27.63	0.00	0.00
FBC	88	27.51	22.36	22.50	27.63	0.00	0.00
FBC	89	27.69	22.41	22.22	27.68	0.00	0.00
FBC	90	27.86	22.16	22.35	27.63	0.00	0.00
FBC	91	27.50	22.37	22.49	27.63	0.00	0.00
FBC	92	27.67	22.41	22.22	27.71	0.00	0.00
FBC	93	27.86	22.19	22.36	27.59	0.00	0.00
FBC	94	27.53	22.31	22.52	27.64	0.00	0.00
FBC	95	27.66	22.40	22.25	27.69	0.00	0.00
FBC	96	27.85	22.23	22.33	27.59	0.00	0.00
FBC	97	27.56	22.35	22.51	27.58	0.00	0.00
FBC	98	27.68	22.44	22.24	27.65	0.00	0.00
FBC	99	27.86	22.20	22.33	27.61	0.00	0.00
FBC	100	27.50	22.35	22.50	27.66	0.00	0.00
FBC	101	27.64	22.45	22.21	27.70	0.00	0.00
FBC	102	27.86	22.17	22.36	27.61	0.00	0.00
FBC	103	27.51	22.36	22.53	27.60	0.00	0.00
FBC	104	27.66	22.42	22.23	27.69	0.00	0.00
FBC	105	27.85	22.16	22.34	27.66	0.00	0.00
FBC	106	27.50	22.34	22.57	27.60	0.00	0.00
FBC	107	27.68	22.44	22.20	27.68	0.00	0.00
FBC	108	27.85	22.20	22.36	27.60	0.00	0.00
FBC	109	27.52	22.35	22.51	27.61	0.00	0.00
FBC	110	27.64	22.45	22.22	27.68	0.00	0.00
FBC	111	27.81	22.20	22.37	27.61	0.00	0.00
FBC	112	27.47	22.40	22.51	27.62	0.00	0.00
FBC	113	27.65	22.43	22.24	27.67	0.00	0.00
FBC	114	27.84	22.20	22.35	27.60	0.00	0.00
FBC	115	27.50	22.34	22.53	27.63	0.00	0.00
FBC	116	27.66	22.42	22.23	27.69	0.00	0.00
FBC	117	27.83	22.23	22.30	27.65	0.00	0.00
FBC	118	27.48	22.35	22.53	27.63	0.00	0.00
FBC	119	27.64	22.42	22.25	27.69	0.00	0.00
FBC	120	27.84	22.20	22.37	27.59	0.00	0.00
FBC	121	27.50	22.36	22.53	27.60	0.00	0.00
FBC	122	27.64	22.47	22.24	27.65	0.00	0.00
FBC	123	27.80	22.23	22.38	27.59	0.00	0.00
FBC	124	27.49	22.37	22.53	27.61	0.00	0.00
FBC	125	27.64	22.41	22.27	27.69	0.00	0.00
FBC	126	27.85	22.18	22.36	27.61	0.00	0.00
FBC	127	27.52	22.37	22.51	27.61	0.00	0.00
FBC	128	27.64	22.43	22.24	27.70	0.00	0.00
FBC	129	27.73	22.19	22.48	27.59	0.00	0.00
FBC	130	27.50	22.41	22.49	27.60	0.01	0.00
FBC	131	27.63	22.45	22.27	27.65	0.00	0.00
FBC	132	27.79	22.24	22.37	27.60	0.00	0.00
FBC	133	27.49	22.38	22.52	27.60	0.00	0.00
FBC	134	27.61	22.47	22.28	27.64	0.00	0.00
FBC	135	27.80	22.21	22.37	27.62	0.00	0.00
FBC	136	27.51	22.36	22.54	27.59	0.00	0.00
FBC	137	27.62	22.42	22.26	27.69	0.00	0.00
FBC	138	27.77	22.20	22.38	27.65	0.00	0.00
FBC	139	27.46	22.39	22.53	27.63	0.00	0.00
FBC	140	27.61	22.46	22.24	27.69	0.00	0.00
FBC	141	27.79	22.23	22.38	27.59	0.00	0.00
FBC	142	27.42	22.44	22.57	27.57	0.00	0.00
FBC	143	27.59	22.47	22.27	27.67	0.00	0.00
FBC	144	27.76	22.24	22.44	27.56	0.00	0.00
FBC	145	27.42	22.41	22.55	27.61	0.00	0.00
FBC	146	27.58	22.50	22.29	27.63	0.00	0.00
FBC	147	27.72	22.28	22.42	27.59	0.00	0.00
FBC	148	27.46	22.38	22.55	27.61	0.00	0.00
FBC	149	27.56	22.49	22.28	27.66	0.00	0.00
FBC	150	27.71	22.24	22.41	27.64	0.00	0.00
# ACGT raw counters for first fragments. Use `grep ^FTC | cut -f 2-` to extract this part. The columns are: A,C,G,T,N base counters
FTC	823768165	664902652	666311832	826746762	220283
# ACGT content per cycle for last fragments. Use `grep ^LBC | cut -f 2-` to extract this part. The columns are: cycle; A,C,G,T base counts as a percentage of all A/C/G/T bases [%]; and N and O counts as a percentage of all A/C/G/T bases [%]
LBC	1	22.39	22.98	40.62	14.00	0.86	0.00
LBC	2	20.96	22.50	14.45	42.09	0.00	0.00
LBC	3	28.33	22.83	18.16	30.68	0.00	0.00
LBC	4	19.26	27.70	13.36	39.68	0.00	0.00
LBC	5	32.12	16.95	13.66	37.27	0.00	0.00
LBC	6	35.96	14.99	27.29	21.76	0.00	0.00
LBC	7	30.47	18.85	24.16	26.51	0.00	0.00
LBC	8	36.88	18.38	22.21	22.53	0.00	0.00
LBC	9	19.88	34.15	22.29	23.68	0.00	0.00
LBC	10	27.48	24.09	17.04	31.40	0.00	0.00
LBC	11	25.03	17.69	31.66	25.62	0.00	0.00
LBC	12	25.20	21.99	20.93	31.89	0.00	0.00
LBC	13	23.08	23.33	25.57	28.02	0.00	0.00
LBC	14	21.87	29.44	20.87	27.83	0.00	0.00
LBC	15	29.05	23.27	23.59	24.09	0.00	0.00
LBC	16	28.80	21.76	23.22	26.22	0.00	0.00
LBC	17	28.84	21.52	21.40	28.25	0.00	0.00
LBC	18	28.98	21.27	21.66	28.08	0.00	0.00
LBC	19	28.37	21.59	22.23	27.81	0.00	0.00
LBC	20	28.13	22.00	22.01	27.86	0.00	0.00
LBC	21	27.99	22.00	21.97	28.03	0.00	0.00
LBC	22	27.54	22.16	22.26	28.05	0.00	0.00
LBC	23	27.64	22.28	22.00	28.09	0.00	0.00
LBC	24	27.88	21.98	22.15	28.00	0.00	0.00
LBC	25	27.38	22.19	22.45	27.97	0.00	0.00
LBC	26	27.60	22.30	22.12	27.98	0.00	0.00
LBC	27	27.92	22.03	22.30	27.75	0.00	0.00
LBC	28	27.66	22.22	22.40	27.72	0.00	0.00
LBC	29	27.82	22.29	22.11	27.79	0.00	0.00
LBC	30	28.00	22.06	22.19	27.75	0.00	0.00
LBC	31	27.68	22.19	22.35	27.79	0.00	0.00
LBC	32	27.80	22.26	22.07	27.87	0.00	0.00
LBC	33	27.97	22.03	22.12	27.88	0.00	0.00
LBC	34	27.52	22.16	22.36	27.95	0.00	0.00
LBC	35	27.65	22.31	22.08	27.96	0.00	0.00
LBC	36	27.90	22.02	22.24	27.84	0.00	0.00
LBC	37	27.52	22.22	22.43	27.84	0.00	0.00
LBC	38	27.69	22.28	22.16	27.87	0.00	0.00
LBC	39	27.88	22.07	22.28	27.77	0.00	0.00
LBC	40	27.56	22.27	22.45	27.73	0.00	0.00
LBC	41	27.69	22.35	22.09	27.87	0.00	0.00
LBC	42	27.94	22.07	22.22	27.77	0.00	0.00
LBC	43	27.57	22.24	22.39	27.80	0.00	0.00
LBC	44	27.72	22.36	22.10	27.82	0.00	0.00
LBC	45	27.89	22.07	22.24	27.80	0.00	0.00
LBC	46	27.49	22.26	22.42	27.84	0.00	0.00
LBC	47	27.69	22.34	22.10	27.88	0.00	0.00
LBC	48	27.89	22.08	22.27	27.77	0.00	0.00
LBC	49	27.52	22.26	22.45	27.77	0.00	0.00
LBC	50	27.68	22.33	22.14	27.85	0.00	0.00
LBC	51	27.86	22.12	22.30	27.72	0.00	0.00
LBC	52	27.52	22.28	22.43	27.77	0.00	0.00
LBC	53	27.66	22.41	22.11	27.81	0.00	0.00
LBC	54	27.90	22.13	22.23	27.74	0.00	0.00
LBC	55	27.54	22.28	22.42	27.76	0.00	0.00
LBC	56	27.68	22.38	22.15	27.79	0.00	0.00
LBC	57	27.86	22.13	22.26	27.75	0.00	0.00
LBC	58	27.51	22.29	22.43	27.77	0.00	0.00
LBC	59	27.64	22.39	22.12	27.85	0.00	0.00
LBC	60	27.86	22.09	22.30	27.74	0.00	0.00
LBC	61	27.48	22.30	22.51	27.71	0.00	0.00
LBC	62	27.63	22.40	22.15	27.81	0.00	0.00
LBC	63	27.86	22.15	22.26	27.73	0.00	0.00
LBC	64	27.52	22.32	22.48	27.68	0.00	0.00
LBC	65	27.66	22.43	22.16	27.76	0.00	0.00
LBC	66	27.85	22.14	22.26	27.75	0.00	0.00
LBC	67	27.53	22.30	22.46	27.72	0.00	0.00
LBC	68	27.67	22.38	22.14	27.80	0.00	0.00
LBC	69	27.86	22.13	22.29	27.72	0.00	0.00
LBC	70	27.49	22.28	22.49	27.75	0.00	0.00
LBC	71	27.62	22.39	22.18	27.80	0.00	0.00
LBC	72	27.83	22.14	22.31	27.71	0.00	0.00
LBC	73	27.51	22.32	22.44	27.73	0.00	0.00
LBC	74	27.63	22.42	22.18	27.77	0.00	0.00
LBC	75	27.85	22.18	22.28	27.69	0.00	0.00
LBC	76	27.48	22.36	22.46	27.70	0.00	0.00
LBC	77	27.67	22.43	22.16	27.74	0.00	0.00
LBC	78	27.88	22.18	22.28	27.67	0.00	0.00
LBC	79	27.53	22.31	22.48	27.68	0.00	0.00
LBC	80	27.68	22.37	22.17	27.78	0.00	0.00
LBC	81	27.81	22.17	22.32	27.70	0.00	0.00
LBC	82	27.49	22.33	22.45	27.73	0.00	0.00
LBC	83	27.60	22.42	22.19	27.79	0.00	0.00
LBC	84	27.79	22.18	22.34	27.69	0.00	0.00
LBC	85	27.49	22.34	22.49	27.68	0.00	0.00
LBC	86	27.60	22.48	22.18	27.74	0.00	0.00
LBC	87	27.85	22.20	22.31	27.65	0.00	0.00
LBC	88	27.49	22.36	22.47	27.68	0.00	0.00
LBC	89	27.64	22.46	22.16	27.74	0.00	0.00
LBC	90	27.82	22.18	22.31	27.69	0.00	0.00
LBC	91	27.48	22.38	22.47	27.68	0.00	0.00
LBC	92	27.60	22.44	22.19	27.78	0.00	0.00
LBC	93	27.77	22.22	22.42	27.58	0.00	0.00
LBC	94	27.49	22.33	22.48	27.69	0.00	0.00
LBC	95	27.60	22.42	22.21	27.77	0.00	0.00
LBC	96	27.78	22.24	22.32	27.66	0.00	0.00
LBC	97	27.51	22.36	22.47	27.65	0.00	0.00
LBC	98	27.61	22.48	22.20	27.71	0.00	0.00
LBC	99	27.82	22.25	22.28	27.66	0.00	0.00
LBC	100	27.44	22.36	22.48	27.71	0.00	0.00
LBC	101	27.58	22.48	22.20	27.74	0.00	0.00
LBC	102	27.81	22.21	22.33	27.66	0.00	0.00
LBC	103	27.45	22.36	22.49	27.70	0.00	0.00
LBC	104	27.61	22.44	22.20	27.75	0.00	0.00
LBC	105	27.82	22.17	22.34	27.67	0.00	0.00
LBC	106	27.45	22.36	22.52	27.67	0.00	0.00
LBC	107	27.63	22.46	22.18	27.73	0.00	0.00
LBC	108	27.83	22.23	22.30	27.64	0.00	0.00
LBC	109	27.48	22.37	22.49	27.65	0.00	0.00
LBC	110	27.63	22.46	22.17	27.74	0.00	0.00
LBC	111	27.76	22.22	22.35	27.66	0.00	0.00
LBC	112	27.47	22.38	22.47	27.68	0.00	0.00
LBC	113	27.58	22.48	22.26	27.67	0.00	0.00
LBC	114	27.78	22.24	22.32	27.66	0.00	0.00
LBC	115	27.48	22.33	22.51	27.68	0.00	0.00
LBC	116	27.61	22.46	22.19	27.73	0.00	0.00
LBC	117	27.76	22.26	22.28	27.70	0.00	0.00
LBC	118	27.46	22.37	22.49	27.68	0.00	0.00
LBC	119	27.57	22.46	22.26	27.71	0.00	0.00
LBC	120	27.79	22.23	22.33	27.65	0.00	0.00
LBC	121	27.44	22.40	22.51	27.65	0.00	0.00
LBC	122	27.58	22.51	22.19	27.73	0.00	0.00
LBC	123	27.76	22.26	22.34	27.64	0.00	0.00
LBC	124	27.44	22.40	22.50	27.66	0.00	0.00
LBC	125	27.59	22.44	22.25	27.72	0.00	0.00
LBC	126	27.78	22.23	22.33	27.66	0.00	0.00
LBC	127	27.47	22.39	22.47	27.67	0.00	0.00
LBC	128	27.56	22.46	22.22	27.77	0.00	0.00
LBC	129	27.72	22.26	22.33	27.69	0.00	0.00
LBC	130	27.47	22.39	22.49	27.66	0.00	0.00
LBC	131	27.56	22.49	22.24	27.70	0.00	0.00
LBC	132	27.77	22.27	22.35	27.60	0.00	0.00
LBC	133	27.46	22.39	22.49	27.66	0.00	0.00
LBC	134	27.56	22.50	22.26	27.69	0.00	0.00
LBC	135	27.77	22.26	22.34	27.64	0.00	0.00
LBC	136	27.45	22.41	22.51	27.63	0.00	0.00
LBC	137	27.57	22.48	22.22	27.73	0.00	0.00
LBC	138	27.72	22.25	22.34	27.69	0.00	0.00
LBC	139	27.42	22.41	22.51	27.65	0.00	0.00
LBC	140	27.55	22.50	22.21	27.74	0.00	0.00
LBC	141	27.74	22.29	22.36	27.61	0.00	0.00
LBC	142	27.39	22.47	22.54	27.59	0.00	0.00
LBC	143	27.54	22.54	22.25	27.67	0.00	0.00
LBC	144	27.73	22.30	22.42	27.54	0.00	0.00
LBC	145	27.41	22.47	22.51	27.61	0.00	0.00
LBC	146	27.54	22.54	22.26	27.66	0.00	0.00
LBC	147	27.69	22.34	22.40	27.57	0.00	0.00
LBC	148	27.42	22.44	22.51	27.63	0.00	0.00
LBC	149	27.50	22.56	22.26	27.68	0.00	0.00
LBC	150	27.57	22.34	22.36	27.74	0.00	0.00
# ACGT raw counters for last fragments. Use `grep ^LTC | cut -f 2-` to extract this part. The columns are: A,C,G,T,N base counters
LTC	822041519	665301382	665179771	829150667	174874
# Insert sizes. Use `grep ^IS | cut -f 2-` to extract this part. The columns are: insert size, pairs total, inward oriented pairs, outward oriented pairs, other pairs
IS	0	0	0	0	0
IS	1	0	0	0	0
IS	2	0	0	0	0
IS	3	0	0	0	0
IS	4	0	0	0	0
IS	5	0	0	0	0
IS	6	0	0	0	0
IS	7	0	0	0	0
IS	8	0	0	0	0
IS	9	0	0	0	0
IS	10	0	0	0	0
IS	11	0	0	0	0
IS	12	0	0	0	0
IS	13	0	0	0	0
IS	14	0	0	0	0
IS	15	0	0	0	0
IS	16	0	0	0	0
IS	17	0	0	0	0
IS	18	0	0	0	0
IS	19	0	0	0	0
IS	20	0	0	0	0
IS	21	0	0	0	0
IS	22	0	0	0	0
IS	23	0	0	0	0
IS	24	0	0	0	0
IS	25	0	0	0	0
IS	26	0	0	0	0
IS	27	0	0	0	0
IS	28	0	0	0	0
IS	29	0	0	0	0
IS	30	0	0	0	0
IS	31	0	0	0	0
IS	32	0	0	0	0
IS	33	0	0	0	0
IS	34	0	0	0	0
IS	35	0	0	0	0
IS	36	0	0	0	0
IS	37	0	0	0	0
IS	38	0	0	0	0
IS	39	0	0	0	0
IS	40	0	0	0	0
IS	41	0	0	0	0
IS	42	0	0	0	0
IS	43	0	0	0	0
IS	44	0	0	0	0
IS	45	0	0	0	0
IS	46	0	0	0	0
IS	47	0	0	0	0
IS	48	0	0	0	0
IS	49	0	0	0	0
IS	50	0	0	0	0
IS	51	0	0	0	0
IS	52	0	0	0	0
IS	53	0	0	0	0
IS	54	0	0	0	0
IS	55	0	0	0	0
IS	56	0	0	0	0
IS	57	0	0	0	0
IS	58	0	0	0	0
IS	59	0	0	0	0
IS	60	0	0	0	0
IS	61	0	0	0	0
IS	62	0	0	0	0
IS	63	0	0	0	0
IS	64	0	0	0	0
IS	65	0	0	0	0
IS	66	0	0	0	0
IS	67	0	0	0	0
IS	68	0	0	0	0
IS	69	0	0	0	0
IS	70	0	0	0	0
IS	71	0	0	0	0
IS	72	0	0	0	0
IS	73	0	0	0	0
IS	74	0	0	0	0
IS	75	0	0	0	0
IS	76	0	0	0	0
IS	77	0	0	0	0
IS	78	0	0	0	0
IS	79	0	0	0	0
IS	80	0	0	0	0
IS	81	0	0	0	0
IS	82	0	0	0	0
IS	83	0	0	0	0
IS	84	0	0	0	0
IS	85	0	0	0	0
IS	86	0	0	0	0
IS	87	0	0	0	0
IS	88	0	0	0	0
IS	89	0	0	0	0
IS	90	0	0	0	0
IS	91	1	1	0	0
IS	92	0	0	0	0
IS	93	0	0	0	0
IS	94	0	0	0	0
IS	95	0	0	0	0
IS	96	0	0	0	0
IS	97	0	0	0	0
IS	98	0	0	0	0
IS	99	0	0	0	0
IS	100	0	0	0	0
IS	101	0	0	0	0
IS	102	0	0	0	0
IS	103	0	0	0	0
IS	104	0	0	0	0
IS	105	0	0	0	0
IS	106	0	0	0	0
IS	107	1	1	0	0
IS	108	0	0	0	0
IS	109	0	0	0	0
IS	110	0	0	0	0
IS	111	0	0	0	0
IS	112	0	0	0	0
IS	113	0	0	0	0
IS	114	0	0	0	0
IS	115	0	0	0	0
IS	116	0	0	0	0
IS	117	0	0	0	0
IS	118	0	0	0	0
IS	119	0	0	0	0
IS	120	0	0	0	0
IS	121	1	1	0	0
IS	122	0	0	0	0
IS	123	0	0	0	0
IS	124	0	0	0	0
IS	125	1	0	1	0
IS	126	0	0	0	0
IS	127	0	0	0	0
IS	128	0	0	0	0
IS	129	0	0	0	0
IS	130	0	0	0	0
IS	131	0	0	0	0
IS	132	0	0	0	0
IS	133	0	0	0	0
IS	134	0	0	0	0
IS	135	0	0	0	0
IS	136	0	0	0	0
IS	137	0	0	0	0
IS	138	0	0	0	0
IS	139	0	0	0	0
IS	140	0	0	0	0
IS	141	0	0	0	0
IS	142	0	0	0	0
IS	143	0	0	0	0
IS	144	0	0	0	0
IS	145	0	0	0	0
IS	146	0	0	0	0
IS	147	0	0	0	0
IS	148	0	0	0	0
IS	149	1	1	0	0
IS	150	1	0	1	0
IS	151	1	1	0	0
IS	152	0	0	0	0
IS	153	0	0	0	0
IS	154	0	0	0	0
IS	155	1	1	0	0
IS	156	0	0	0	0
IS	157	1	1	0	0
IS	158	1	1	0	0
IS	159	0	0	0	0
IS	160	0	0	0	0
IS	161	0	0	0	0
IS	162	0	0	0	0
IS	163	3	3	0	0
IS	164	0	0	0	0
IS	165	0	0	0	0
IS	166	0	0	0	0
IS	167	1	1	0	0
IS	168	0	0	0	0
IS	169	0	0	0	0
IS	170	0	0	0	0
IS	171	0	0	0	0
IS	172	0	0	0	0
IS	173	0	0	0	0
IS	174	1	1	0	0
IS	175	0	0	0	0
IS	176	0	0	0	0
IS	177	0	0	0	0
IS	178	0	0	0	0
IS	179	0	0	0	0
IS	180	2	2	0	0
IS	181	1	1	0	0
IS	182	0	0	0	0
IS	183	1	1	0	0
IS	184	0	0	0	0
IS	185	2	2	0	0
IS	186	0	0	0	0
IS	187	1	1	0	0
IS	188	1	1	0	0
IS	189	1	1	0	0
IS	190	2	2	0	0
IS	191	1	1	0	0
IS	192	1	1	0	0
IS	193	1	1	0	0
IS	194	0	0	0	0
IS	195	4	4	0	0
IS	196	7	7	0	0
IS	197	2	2	0	0
IS	198	4	4	0	0
IS	199	2	2	0	0
IS	200	3	3	0	0
IS	201	2	2	0	0
IS	202	4	4	0	0
IS	203	4	4	0	0
IS	204	3	3	0	0
IS	205	3	3	0	0
IS	206	3	3	0	0
IS	207	6	6	0	0
IS	208	4	4	0	0
IS	209	3	3	0	0
IS	210	4	4	0	0
IS	211	3	3	0	0
IS	212	2	2	0	0
IS	213	3	3	0	0
IS	214	5	5	0	0
IS	215	7	7	0	0
IS	216	2	2	0	0
IS	217	9	9	0	0
IS	218	4	4	0	0
IS	219	0	0	0	0
IS	220	4	4	0	0
IS	221	4	4	0	0
IS	222	5	5	0	0
IS	223	2	2	0	0
IS	224	1	1	0	0
IS	225	3	3	0	0
IS	226	0	0	0	0
IS	227	3	3	0	0
IS	228	2	2	0	0
IS	229	0	0	0	0
IS	230	0	0	0	0
IS	231	4	4	0	0
IS	232	3	3	0	0
IS	233	2	2	0	0
IS	234	2	2	0	0
IS	235	4	4	0	0
IS	236	2	2	0	0
IS	237	8	8	0	0
IS	238	2	2	0	0
IS	239	2	2	0	0
IS	240	3	3	0	0
IS	241	2	2	0	0
IS	242	1	1	0	0
IS	243	4	4	0	0
IS	244	4	4	0	0
IS	245	1	1	0	0
IS	246	0	0	0	0
IS	247	0	0	0	0
IS	248	2	2	0	0
IS	249	5	5	0	0
IS	250	0	0	0	0
IS	251	4	4	0	0
IS	252	3	3	0	0
IS	253	3	3	0	0
IS	254	6	6	0	0
IS	255	3	3	0	0
IS	256	4	4	0	0
IS	257	4	4	0	0
IS	258	2	2	0	0
IS	259	1	1	0	0
IS	260	4	4	0	0
IS	261	1	1	0	0
IS	262	0	0	0	0
IS	263	1	1	0	0
IS	264	1	1	0	0
IS	265	2	2	0	0
IS	266	3	3	0	0
IS	267	3	3	0	0
IS	268	4	4	0	0
IS	269	4	4	0	0
IS	270	2	2	0	0
IS	271	7	7	0	0
IS	272	2	2	0	0
IS	273	3	3	0	0
IS	274	3	3	0	0
IS	275	4	4	0	0
IS	276	3	3	0	0
IS	277	6	6	0	0
IS	278	7	7	0	0
IS	279	1	1	0	0
IS	280	4	4	0	0
IS	281	5	5	0	0
IS	282	3	3	0	0
IS	283	4	4	0	0
IS	284	2	2	0	0
IS	285	3	3	0	0
IS	286	2	2	0	0
IS	287	4	4	0	0
IS	288	4	4	0	0
IS	289	3	3	0	0
IS	290	4	4	0	0
IS	291	3	3	0	0
IS	292	5	5	0	0
IS	293	0	0	0	0
IS	294	7	7	0	0
IS	295	2	2	0	0
IS	296	6	6	0	0
IS	297	3	3	0	0
IS	298	4	4	0	0
IS	299	6	6	0	0
IS	300	3	3	0	0
IS	301	9	9	0	0
IS	302	4	4	0	0
IS	303	4	4	0	0
IS	304	2	2	0	0
IS	305	2	2	0	0
IS	306	2	2	0	0
IS	307	2	2	0	0
IS	308	9	9	0	0
IS	309	8	8	0	0
IS	310	4	4	0	0
IS	311	3	3	0	0
IS	312	3	3	0	0
IS	313	3	3	0	0
IS	314	3	3	0	0
IS	315	3	3	0	0
IS	316	7	7	0	0
IS	317	5	5	0	0
IS	318	4	4	0	0
IS	319	6	6	0	0
IS	320	5	5	0	0
IS	321	3	3	0	0
IS	322	2	2	0	0
IS	323	4	4	0	0
IS	324	11	11	0	0
IS	325	1	1	0	0
IS	326	8	8	0	0
IS	327	4	4	0	0
IS	328	3	3	0	0
IS	329	9	9	0	0
IS	330	5	5	0	0
IS	331	5	5	0	0
IS	332	5	5	0	0
IS	333	6	6	0	0
IS	334	2	2	0	0
IS	335	4	4	0	0
IS	336	5	5	0	0
IS	337	1	1	0	0
IS	338	2	2	0	0
IS	339	5	5	0	0
IS	340	11	11	0	0
IS	341	3	3	0	0
IS	342	5	5	0	0
IS	343	3	3	0	0
IS	344	3	3	0	0
IS	345	3	3	0	0
IS	346	2	2	0	0
IS	347	13	13	0	0
IS	348	8	8	0	0
IS	349	2	2	0	0
IS	350	5	5	0	0
IS	351	1	1	0	0
IS	352	4	4	0	0
IS	353	2	2	0	0
IS	354	4	4	0	0
IS	355	5	5	0	0
IS	356	2	2	0	0
IS	357	2	2	0	0
IS	358	5	5	0	0
IS	359	2	2	0	0
IS	360	5	5	0	0
IS	361	4	4	0	0
IS	362	7	7	0	0
IS	363	11	11	0	0
IS	364	3	3	0	0
IS	365	5	5	0	0
IS	366	8	8	0	0
IS	367	2	2	0	0
IS	368	5	5	0	0
IS	369	6	6	0	0
IS	370	3	3	0	0
IS	371	7	7	0	0
IS	372	2	2	0	0
IS	373	7	7	0	0
IS	374	1	1	0	0
IS	375	3	3	0	0
IS	376	4	4	0	0
IS	377	7	7	0	0
IS	378	0	0	0	0
IS	379	2	2	0	0
IS	380	5	5	0	0
IS	381	6	6	0	0
IS	382	4	4	0	0
IS	383	3	3	0	0
IS	384	3	3	0	0
IS	385	4	4	0	0
IS	386	3	3	0	0
IS	387	1	1	0	0
IS	388	1	1	0	0
IS	389	3	3	0	0
IS	390	2	2	0	0
IS	391	6	6	0	0
IS	392	2	2	0	0
IS	393	2	2	0	0
IS	394	6	6	0	0
IS	395	2	2	0	0
IS	396	5	5	0	0
IS	397	3	3	0	0
IS	398	3	3	0	0
IS	399	0	0	0	0
IS	400	2	2	0	0
IS	401	2	2	0	0
IS	402	2	2	0	0
IS	403	7	7	0	0
IS	404	1	1	0	0
IS	405	0	0	0	0
IS	406	4	4	0	0
IS	407	6	6	0	0
IS	408	11	11	0	0
IS	409	3	3	0	0
IS	410	2	2	0	0
IS	411	4	4	0	0
IS	412	5	5	0	0
IS	413	2	2	0	0
IS	414	2	2	0	0
IS	415	2	2	0	0
IS	416	2	2	0	0
IS	417	1	1	0	0
IS	418	3	3	0	0
IS	419	0	0	0	0
IS	420	1	1	0	0
IS	421	5	5	0	0
# Read lengths. Use `grep ^RL | cut -f 2-` to extract this part. The columns are: read length, count
RL	60	585
RL	61	625
RL	62	649
RL	63	617
RL	64	644
RL	65	609
RL	66	597
RL	67	626
RL	68	556
RL	69	630
RL	70	646
RL	71	535
RL	72	647
RL	73	682
RL	74	622
RL	75	656
RL	76	586
RL	77	627
RL	78	622
RL	79	666
RL	80	644
RL	81	664
RL	82	592
RL	83	637
RL	84	544
RL	85	670
RL	86	660
RL	87	666
RL	88	650
RL	89	667
RL	90	661
RL	91	611
RL	92	617
RL	93	598
RL	94	579
RL	95	730
RL	96	624
RL	97	731
RL	98	678
RL	99	741
RL	100	666
RL	101	698
RL	102	630
RL	103	695
RL	104	673
RL	105	682
RL	106	659
RL	107	747
RL	108	680
RL	109	689
RL	110	719
RL	111	728
RL	112	745
RL	113	635
RL	114	733
RL	115	778
RL	116	737
RL	117	730
RL	118	774
RL	119	784
RL	120	811
RL	121	825
RL	122	786
RL	123	915
RL	124	886
RL	125	892
RL	126	852
RL	127	919
RL	128	884
RL	129	930
RL	130	995
RL	131	1029
RL	132	983
RL	133	1110
RL	134	1152
RL	135	1160
RL	136	1563
RL	137	2234
RL	138	3925
RL	139	7956
RL	140	18821
RL	141	47529
RL	142	3893
RL	143	1316
RL	144	1356
RL	145	1424
RL	146	1447
RL	147	1598
RL	148	1658
RL	149	1726
RL	150	39631224
# Read lengths - first fragments. Use `grep ^FRL | cut -f 2-` to extract this part. The columns are: read length, count
FRL	60	291
FRL	61	309
FRL	62	321
FRL	63	307
FRL	64	318
FRL	65	303
FRL	66	296
FRL	67	313
FRL	68	276
FRL	69	313
FRL	70	319
FRL	71	264
FRL	72	320
FRL	73	338
FRL	74	308
FRL	75	321
FRL	76	290
FRL	77	304
FRL	78	310
FRL	79	328
FRL	80	320
FRL	81	329
FRL	82	293
FRL	83	317
FRL	84	271
FRL	85	334
FRL	86	327
FRL	87	328
FRL	88	325
FRL	89	329
FRL	90	327
FRL	91	303
FRL	92	305
FRL	93	296
FRL	94	286
FRL	95	363
FRL	96	307
FRL	97	363
FRL	98	337
FRL	99	367
FRL	100	330
FRL	101	347
FRL	102	313
FRL	103	343
FRL	104	334
FRL	105	338
FRL	106	325
FRL	107	372
FRL	108	334
FRL	109	341
FRL	110	357
FRL	111	364
FRL	112	369
FRL	113	312
FRL	114	363
FRL	115	384
FRL	116	364
FRL	117	361
FRL	118	382
FRL	119	387
FRL	120	400
FRL	121	407
FRL	122	383
FRL	123	444
FRL	124	434
FRL	125	430
FRL	126	419
FRL	127	449
FRL	128	418
FRL	129	434
FRL	130	454
FRL	131	466
FRL	132	449
FRL	133	499
FRL	134	540
FRL	135	531
FRL	136	664
FRL	137	931
FRL	138	1711
FRL	139	3477
FRL	140	8658
FRL	141	22713
FRL	142	1700
FRL	143	658
FRL	144	678
FRL	145	712
FRL	146	723
FRL	147	799
FRL	148	829
FRL	149	864
FRL	150	19819316
# Read lengths - last fragments. Use `grep ^LRL | cut -f 2-` to extract this part. The columns are: read length, count
LRL	60	294
LRL	61	316
LRL	62	328
LRL	63	310
LRL	64	326
LRL	65	306
LRL	66	301
LRL	67	313
LRL	68	280
LRL	69	317
LRL	70	327
LRL	71	271
LRL	72	327
LRL	73	344
LRL	74	314
LRL	75	335
LRL	76	296
LRL	77	323
LRL	78	312
LRL	79	338
LRL	80	324
LRL	81	335
LRL	82	299
LRL	83	320
LRL	84	273
LRL	85	336
LRL	86	333
LRL	87	338
LRL	88	325
LRL	89	338
LRL	90	334
LRL	91	308
LRL	92	312
LRL	93	302
LRL	94	293
LRL	95	367
LRL	96	317
LRL	97	368
LRL	98	341
LRL	99	374
LRL	100	336
LRL	101	351
LRL	102	317
LRL	103	352
LRL	104	339
LRL	105	344
LRL	106	334
LRL	107	375
LRL	108	346
LRL	109	348
LRL	110	362
LRL	111	364
LRL	112	376
LRL	113	323
LRL	114	370
LRL	115	394
LRL	116	373
LRL	117	369
LRL	118	392
LRL	119	397
LRL	120	411
LRL	121	418
LRL	122	403
LRL	123	471
LRL	124	452
LRL	125	462
LRL	126	433
LRL	127	470
LRL	128	466
LRL	129	496
LRL	130	541
LRL	131	563
LRL	132	534
LRL	133	611
LRL	134	612
LRL	135	629
LRL	136	899
LRL	137	1303
LRL	138	2214
LRL	139	4479
LRL	140	10163
LRL	141	24816
LRL	142	2193
LRL	143	658
LRL	144	678
LRL	145	712
LRL	146	724
LRL	147	799
LRL	148	829
LRL	149	862
LRL	150	19811908
# Mapping qualities for reads !(UNMAP|SECOND|SUPPL|QCFAIL|DUP). Use `grep ^MAPQ | cut -f 2-` to extract this part. The columns are: mapq, count
MAPQ	0	24
MAPQ	1	123
MAPQ	2	8
MAPQ	3	2
MAPQ	6	44
MAPQ	11	2
MAPQ	12	20
MAPQ	16	3
MAPQ	17	10
MAPQ	18	20
MAPQ	21	12
MAPQ	22	8
MAPQ	23	14
MAPQ	24	16
MAPQ	25	13
MAPQ	26	10
MAPQ	27	6
MAPQ	30	38
MAPQ	31	14
MAPQ	32	6
MAPQ	34	12
MAPQ	35	14
MAPQ	36	10
MAPQ	37	6
MAPQ	38	16
MAPQ	40	32
MAPQ	42	1240
# Indel distribution. Use `grep ^ID | cut -f 2-` to extract this part. The columns are: length, number of insertions, number of deletions
ID	1	17	16
ID	2	5	9
ID	3	3	2
ID	4	2	0
ID	5	1	2
ID	10	1	0
ID	12	2	0
# Indels per cycle. Use `grep ^IC | cut -f 2-` to extract this part. The columns are: cycle, number of insertions (fwd), .. (rev) , number of deletions (fwd), .. (rev)
IC	3	0	1	0	0
IC	5	1	0	0	0
IC	8	0	1	0	0
IC	15	0	1	0	0
IC	17	0	1	0	0
IC	22	0	1	0	0
IC	25	0	2	0	0
IC	26	0	0	1	0
IC	28	0	0	0	1
IC	30	0	0	1	1
IC	33	0	0	1	0
IC	35	0	0	1	1
IC	39	0	0	1	1
IC	40	0	1	0	0
IC	42	0	1	0	0
IC	43	0	0	1	0
IC	50	1	1	0	0
IC	53	0	2	1	0
IC	58	0	1	0	0
IC	61	0	0	1	0
IC	63	1	0	0	0
IC	78	1	0	0	0
IC	80	0	0	1	0
IC	82	0	0	1	0
IC	84	0	0	1	0
IC	89	0	1	0	0
IC	94	1	0	0	0
IC	98	1	1	3	0
IC	99	0	1	0	1
IC	103	0	0	0	1
IC	106	0	0	1	1
IC	108	0	0	0	1
IC	111	0	0	0	1
IC	119	1	0	0	0
IC	120	0	0	1	0
IC	126	1	1	0	0
IC	129	0	0	0	1
IC	130	0	0	0	1
IC	131	0	1	0	0
IC	135	0	0	0	1
IC	137	1	0	0	0
IC	139	2	0	0	0
IC	144	0	1	0	0
IC	145	0	0	1	0
IC	146	1	0	0	0
# Coverage distribution. Use `grep ^COV | cut -f 2-` to extract this part.
COV	[1-1]	1	146303
COV	[2-2]	2	37088
COV	[3-3]	3	5620
COV	[4-4]	4	2800
COV	[5-5]	5	775
COV	[6-6]	6	234
COV	[7-7]	7	74
COV	[8-8]	8	53
COV	[9-9]	9	73
COV	[10-10]	10	41
COV	[11-11]	11	9
COV	[12-12]	12	7
COV	[13-13]	13	3
COV	[14-14]	14	2
COV	[15-15]	15	99
COV	[16-16]	16	15
# GC-depth. Use `grep ^GCD | cut -f 2-` to extract this part. The columns are: GC%, unique sequence percentiles, 10th, 25th, 50th, 75th and 90th depth percentile
GCD	0.0	0.311	0.000	0.000	0.000	0.000	0.000
GCD	0.8	0.467	0.015	0.015	0.015	0.015	0.015
GCD	24.0	0.622	0.015	0.015	0.015	0.015	0.015
GCD	25.0	1.089	0.015	0.015	0.015	0.015	0.015
GCD	26.0	1.400	0.015	0.015	0.015	0.015	0.015
GCD	28.0	2.022	0.015	0.015	0.015	0.015	0.015
GCD	29.0	3.110	0.015	0.015	0.015	0.015	0.015
GCD	30.0	4.510	0.015	0.015	0.015	0.015	0.015
GCD	31.0	6.687	0.015	0.015	0.015	0.019	0.037
GCD	32.0	8.398	0.015	0.015	0.015	0.015	0.030
GCD	33.0	10.886	0.015	0.015	0.015	0.026	0.057
GCD	34.0	14.308	0.015	0.015	0.015	0.015	0.030
GCD	35.0	17.574	0.015	0.015	0.015	0.030	0.030
GCD	36.0	21.462	0.015	0.015	0.015	0.015	0.039
GCD	37.0	27.216	0.015	0.015	0.015	0.015	0.030
GCD	38.0	34.992	0.015	0.015	0.015	0.015	0.030
GCD	39.0	41.524	0.015	0.015	0.015	0.015	0.030
GCD	40.0	46.345	0.015	0.015	0.015	0.015	0.030
GCD	41.0	51.788	0.015	0.015	0.015	0.015	0.030
GCD	42.0	58.320	0.015	0.015	0.015	0.015	0.030
GCD	43.0	62.986	0.015	0.015	0.015	0.015	0.030
GCD	44.0	67.030	0.015	0.015	0.015	0.019	0.045
GCD	45.0	70.762	0.015	0.015	0.015	0.015	0.037
GCD	46.0	74.339	0.015	0.015	0.015	0.015	0.024
GCD	47.0	78.383	0.007	0.015	0.015	0.015	0.030
GCD	48.0	81.493	0.015	0.015	0.015	0.015	0.030
GCD	49.0	84.914	0.015	0.015	0.015	0.019	0.030
GCD	50.0	86.936	0.015	0.015	0.015	0.030	0.030
GCD	51.0	88.025	0.007	0.015	0.015	0.015	0.015
GCD	52.0	90.669	0.015	0.015	0.015	0.030	0.030
GCD	53.0	91.446	0.015	0.015	0.015	0.015	0.015
GCD	54.0	92.379	0.007	0.013	0.015	0.019	0.030
GCD	55.0	93.935	0.008	0.015	0.015	0.015	0.055
GCD	56.0	94.712	0.015	0.015	0.015	0.022	0.030
GCD	57.0	95.645	0.015	0.015	0.015	0.037	0.060
GCD	58.0	96.267	0.015	0.015	0.022	0.030	0.030
GCD	59.0	96.734	0.015	0.015	0.015	0.015	0.015
GCD	60.0	97.356	0.015	0.015	0.015	0.015	0.015
GCD	61.0	98.134	0.015	0.015	0.015	0.015	0.015
GCD	62.0	98.756	0.015	0.015	0.015	0.015	0.015
GCD	63.0	99.067	0.015	0.015	0.022	0.030	0.030
GCD	64.0	99.844	0.015	0.015	0.015	0.015	0.015
GCD	66.0	100.000	0.015	0.015	0.015	0.015	0.015
