# This file was produced by samtools stats (1.21+htslib-1.21) and can be plotted using plot-bamstats
# This file contains statistics for all reads.
# The command line was:  stats -@ 8 /maps/projects/course_1/scratch/group8/group-project-group-8/week18-preprocessing/retry/02_reads_preprocessing/gut_infant/SRR8692206/SRR8692206.host.bam
# CHK, Checksum	[2]Read Names	[3]Sequences	[4]Qualities
# CHK, CRC32 of reads which passed filtering followed by addition (32bit overflow)
CHK	9096dfea	fe8613eb	e8d3955a
# Summary Numbers. Use `grep ^SN | cut -f 2-` to extract this part.
SN	raw total sequences:	67930460	# excluding supplementary and secondary reads
SN	filtered sequences:	0
SN	sequences:	67930460
SN	is sorted:	1
SN	1st fragments:	33965230
SN	last fragments:	33965230
SN	reads mapped:	111693
SN	reads mapped and paired:	109466	# paired-end technology bit set + both mates mapped
SN	reads unmapped:	67818767
SN	reads properly paired:	108632	# proper-pair bit set
SN	reads paired:	67930460	# paired-end technology bit set
SN	reads duplicated:	0	# PCR or optical duplicate bit set
SN	reads MQ0:	994	# mapped and MQ=0
SN	reads QC failed:	0
SN	non-primary alignments:	0
SN	supplementary alignments:	0
SN	total length:	10219914244	# ignores clipping
SN	total first fragment length:	5110018980	# ignores clipping
SN	total last fragment length:	5109895264	# ignores clipping
SN	bases mapped:	16686158	# ignores clipping
SN	bases mapped (cigar):	16686158	# more accurate
SN	bases trimmed:	0
SN	bases duplicated:	0
SN	mismatches:	130541	# from NM fields
SN	error rate:	7.823311e-03	# mismatches / bases mapped (cigar)
SN	average length:	150
SN	average first fragment length:	150
SN	average last fragment length:	150
SN	maximum length:	151
SN	maximum first fragment length:	151
SN	maximum last fragment length:	151
SN	average quality:	34.0
SN	insert size average:	359.5
SN	insert size standard deviation:	55.5
SN	inward oriented pairs:	53691
SN	outward oriented pairs:	733
SN	pairs with other orientation:	51
SN	pairs on different chromosomes:	258
SN	percentage of properly paired reads (%):	0.2
# First Fragment Qualities. Use `grep ^FFQ | cut -f 2-` to extract this part.
# Columns correspond to qualities and rows to cycles. First column is the cycle number.
FFQ	1	0	0	2896	0	0	0	0	0	0	0	0	0	0	0	735786	0	0	0	0	0	0	318810	0	0	0	0	0	18233	0	0	0	0	32889505	0	0	0	0	0
FFQ	2	0	0	119	0	0	0	0	0	0	0	0	0	0	0	511607	0	0	0	0	0	0	275168	0	0	0	0	0	7034	0	0	0	0	33171302	0	0	0	0	0
FFQ	3	0	0	0	0	0	0	0	0	0	0	0	0	0	0	448651	0	0	0	0	0	0	189308	0	0	0	0	0	3571	0	0	0	0	33323700	0	0	0	0	0
FFQ	4	0	0	0	0	0	0	0	0	0	0	0	0	0	0	389349	0	0	0	0	0	0	217917	0	0	0	0	0	4867	0	0	0	0	33353097	0	0	0	0	0
FFQ	5	0	0	0	0	0	0	0	0	0	0	0	0	0	0	337369	0	0	0	0	0	0	205094	0	0	0	0	0	4646	0	0	0	0	33418121	0	0	0	0	0
FFQ	6	0	0	3416	0	0	0	0	0	0	0	0	0	0	0	427979	0	0	0	0	0	0	343051	0	0	0	0	0	7461	0	0	0	0	1099683	0	0	0	32083640	0
FFQ	7	0	0	58	0	0	0	0	0	0	0	0	0	0	0	461568	0	0	0	0	0	0	298095	0	0	0	0	0	4517	0	0	0	0	1196719	0	0	0	32004273	0
FFQ	8	0	0	14	0	0	0	0	0	0	0	0	0	0	0	479954	0	0	0	0	0	0	272447	0	0	0	0	0	3398	0	0	0	0	1226888	0	0	0	31982529	0
FFQ	9	0	0	21	0	0	0	0	0	0	0	0	0	0	0	482393	0	0	0	0	0	0	262748	0	0	0	0	0	2663	0	0	0	0	1214280	0	0	0	32003125	0
FFQ	10	0	0	0	0	0	0	0	0	0	0	0	0	0	0	477130	0	0	0	0	0	0	262672	0	0	0	0	0	2509	0	0	0	0	1206117	0	0	0	32016802	0
FFQ	11	0	0	0	0	0	0	0	0	0	0	0	0	0	0	473791	0	0	0	0	0	0	262921	0	0	0	0	0	2341	0	0	0	0	1207050	0	0	0	32019127	0
FFQ	12	0	0	27	0	0	0	0	0	0	0	0	0	0	0	471769	0	0	0	0	0	0	262829	0	0	0	0	0	2507	0	0	0	0	1212276	0	0	0	32015822	0
FFQ	13	0	0	0	0	0	0	0	0	0	0	0	0	0	0	469671	0	0	0	0	0	0	263416	0	0	0	0	0	3156	0	0	0	0	1211100	0	0	0	32017887	0
FFQ	14	0	0	11	0	0	0	0	0	0	0	0	0	0	0	470388	0	0	0	0	0	0	264612	0	0	0	0	0	3161	0	0	0	0	1226351	0	0	0	32000707	0
FFQ	15	0	0	34	0	0	0	0	0	0	0	0	0	0	0	476786	0	0	0	0	0	0	256581	0	0	0	0	0	3613	0	0	0	0	1239665	0	0	0	31988551	0
FFQ	16	0	0	17	0	0	0	0	0	0	0	0	0	0	0	475480	0	0	0	0	0	0	249760	0	0	0	0	0	4204	0	0	0	0	1245160	0	0	0	31990609	0
FFQ	17	0	0	181	0	0	0	0	0	0	0	0	0	0	0	477016	0	0	0	0	0	0	249474	0	0	0	0	0	6078	0	0	0	0	1262998	0	0	0	31969483	0
FFQ	18	0	0	5	0	0	0	0	0	0	0	0	0	0	0	482207	0	0	0	0	0	0	246889	0	0	0	0	0	7386	0	0	0	0	1269517	0	0	0	31959226	0
FFQ	19	0	0	99	0	0	0	0	0	0	0	0	0	0	0	489778	0	0	0	0	0	0	241219	0	0	0	0	0	10499	0	0	0	0	1286902	0	0	0	31936733	0
FFQ	20	0	0	0	0	0	0	0	0	0	0	0	0	0	0	496751	0	0	0	0	0	0	233922	0	0	0	0	0	13468	0	0	0	0	1294647	0	0	0	31926442	0
FFQ	21	0	0	0	0	0	0	0	0	0	0	0	0	0	0	510295	0	0	0	0	0	0	227609	0	0	0	0	0	23493	0	0	0	0	1306811	0	0	0	31897022	0
FFQ	22	0	0	0	0	0	0	0	0	0	0	0	0	0	0	525687	0	0	0	0	0	0	222347	0	0	0	0	0	31602	0	0	0	0	1326350	0	0	0	31859244	0
FFQ	23	0	0	0	0	0	0	0	0	0	0	0	0	0	0	545168	0	0	0	0	0	0	210741	0	0	0	0	0	42394	0	0	0	0	1337644	0	0	0	31829283	0
FFQ	24	0	0	1	0	0	0	0	0	0	0	0	0	0	0	561880	0	0	0	0	0	0	194495	0	0	0	0	0	60373	0	0	0	0	1337884	0	0	0	31810597	0
FFQ	25	0	0	0	0	0	0	0	0	0	0	0	0	0	0	584857	0	0	0	0	0	0	184086	0	0	0	0	0	75944	0	0	0	0	1343095	0	0	0	31777248	0
FFQ	26	0	0	33	0	0	0	0	0	0	0	0	0	0	0	612308	0	0	0	0	0	0	175623	0	0	0	0	0	87685	0	0	0	0	1345076	0	0	0	31744505	0
FFQ	27	0	0	42	0	0	0	0	0	0	0	0	0	0	0	624527	0	0	0	0	0	0	164362	0	0	0	0	0	104746	0	0	0	0	1345941	0	0	0	31725612	0
FFQ	28	0	0	114	0	0	0	0	0	0	0	0	0	0	0	639004	0	0	0	0	0	0	154201	0	0	0	0	0	116062	0	0	0	0	1351571	0	0	0	31704278	0
FFQ	29	0	0	58	0	0	0	0	0	0	0	0	0	0	0	649194	0	0	0	0	0	0	150189	0	0	0	0	0	123806	0	0	0	0	1361453	0	0	0	31680530	0
FFQ	30	0	0	0	0	0	0	0	0	0	0	0	0	0	0	662757	0	0	0	0	0	0	142629	0	0	0	0	0	132301	0	0	0	0	1375865	0	0	0	31651678	0
FFQ	31	0	0	2	0	0	0	0	0	0	0	0	0	0	0	671922	0	0	0	0	0	0	138301	0	0	0	0	0	137128	0	0	0	0	1386885	0	0	0	31630992	0
FFQ	32	0	0	0	0	0	0	0	0	0	0	0	0	0	0	681810	0	0	0	0	0	0	131698	0	0	0	0	0	141612	0	0	0	0	1391145	0	0	0	31618965	0
FFQ	33	0	0	0	0	0	0	0	0	0	0	0	0	0	0	692995	0	0	0	0	0	0	129239	0	0	0	0	0	145090	0	0	0	0	1416576	0	0	0	31581330	0
FFQ	34	0	0	0	0	0	0	0	0	0	0	0	0	0	0	702983	0	0	0	0	0	0	125566	0	0	0	0	0	148124	0	0	0	0	1429696	0	0	0	31558861	0
FFQ	35	0	0	1	0	0	0	0	0	0	0	0	0	0	0	716132	0	0	0	0	0	0	122401	0	0	0	0	0	149730	0	0	0	0	1450453	0	0	0	31526513	0
FFQ	36	0	0	110	0	0	0	0	0	0	0	0	0	0	0	728228	0	0	0	0	0	0	115670	0	0	0	0	0	151270	0	0	0	0	1466890	0	0	0	31503062	0
FFQ	37	0	0	0	0	0	0	0	0	0	0	0	0	0	0	738028	0	0	0	0	0	0	108853	0	0	0	0	0	151957	0	0	0	0	1474305	0	0	0	31492087	0
FFQ	38	0	0	0	0	0	0	0	0	0	0	0	0	0	0	754787	0	0	0	0	0	0	102523	0	0	0	0	0	152606	0	0	0	0	1486720	0	0	0	31468594	0
FFQ	39	0	0	20	0	0	0	0	0	0	0	0	0	0	0	768836	0	0	0	0	0	0	97841	0	0	0	0	0	153246	0	0	0	0	1508298	0	0	0	31436989	0
FFQ	40	0	0	1	0	0	0	0	0	0	0	0	0	0	0	779738	0	0	0	0	0	0	91570	0	0	0	0	0	153245	0	0	0	0	1512484	0	0	0	31428192	0
FFQ	41	0	0	0	0	0	0	0	0	0	0	0	0	0	0	789419	0	0	0	0	0	0	89756	0	0	0	0	0	155833	0	0	0	0	1517952	0	0	0	31412270	0
FFQ	42	0	0	0	0	0	0	0	0	0	0	0	0	0	0	799451	0	0	0	0	0	0	85927	0	0	0	0	0	154568	0	0	0	0	1527481	0	0	0	31397803	0
FFQ	43	0	0	0	0	0	0	0	0	0	0	0	0	0	0	815042	0	0	0	0	0	0	87299	0	0	0	0	0	157866	0	0	0	0	1533198	0	0	0	31371825	0
FFQ	44	0	0	0	0	0	0	0	0	0	0	0	0	0	0	815738	0	0	0	0	0	0	85684	0	0	0	0	0	158239	0	0	0	0	1535752	0	0	0	31369817	0
FFQ	45	0	0	0	0	0	0	0	0	0	0	0	0	0	0	825896	0	0	0	0	0	0	89518	0	0	0	0	0	162843	0	0	0	0	1533759	0	0	0	31353214	0
FFQ	46	0	0	0	0	0	0	0	0	0	0	0	0	0	0	834005	0	0	0	0	0	0	93689	0	0	0	0	0	165697	0	0	0	0	1534836	0	0	0	31337003	0
FFQ	47	0	0	0	0	0	0	0	0	0	0	0	0	0	0	840495	0	0	0	0	0	0	96543	0	0	0	0	0	173278	0	0	0	0	1536663	0	0	0	31318251	0
FFQ	48	0	0	0	0	0	0	0	0	0	0	0	0	0	0	852969	0	0	0	0	0	0	110183	0	0	0	0	0	190749	0	0	0	0	1522755	0	0	0	31288574	0
FFQ	49	0	0	0	0	0	0	0	0	0	0	0	0	0	0	861857	0	0	0	0	0	0	120744	0	0	0	0	0	198754	0	0	0	0	1511227	0	0	0	31272648	0
FFQ	50	0	0	0	0	0	0	0	0	0	0	0	0	0	0	869546	0	0	0	0	0	0	131581	0	0	0	0	0	214051	0	0	0	0	1498590	0	0	0	31251462	0
FFQ	51	0	0	0	0	0	0	0	0	0	0	0	0	0	0	880897	0	0	0	0	0	0	150626	0	0	0	0	0	236790	0	0	0	0	1468864	0	0	0	31228053	0
FFQ	52	0	0	0	0	0	0	0	0	0	0	0	0	0	0	889543	0	0	0	0	0	0	168249	0	0	0	0	0	260882	0	0	0	0	1453485	0	0	0	31193071	0
FFQ	53	0	0	0	0	0	0	0	0	0	0	0	0	0	0	895651	0	0	0	0	0	0	184258	0	0	0	0	0	280992	0	0	0	0	1437668	0	0	0	31166661	0
FFQ	54	0	0	1	0	0	0	0	0	0	0	0	0	0	0	906750	0	0	0	0	0	0	192866	0	0	0	0	0	298505	0	0	0	0	1438584	0	0	0	31128524	0
FFQ	55	0	0	0	0	0	0	0	0	0	0	0	0	0	0	915200	0	0	0	0	0	0	204219	0	0	0	0	0	322039	0	0	0	0	1439128	0	0	0	31084644	0
FFQ	56	0	0	0	0	0	0	0	0	0	0	0	0	0	0	921071	0	0	0	0	0	0	213906	0	0	0	0	0	342046	0	0	0	0	1452699	0	0	0	31035508	0
FFQ	57	0	0	35	0	0	0	0	0	0	0	0	0	0	0	935975	0	0	0	0	0	0	219286	0	0	0	0	0	361413	0	0	0	0	1476757	0	0	0	30971764	0
FFQ	58	0	0	2	0	0	0	0	0	0	0	0	0	0	0	945262	0	0	0	0	0	0	225964	0	0	0	0	0	382416	0	0	0	0	1521807	0	0	0	30889779	0
FFQ	59	0	0	1	0	0	0	0	0	0	0	0	0	0	0	958143	0	0	0	0	0	0	225786	0	0	0	0	0	402254	0	0	0	0	1588709	0	0	0	30790337	0
FFQ	60	0	0	8	0	0	0	0	0	0	0	0	0	0	0	973903	0	0	0	0	0	0	228986	0	0	0	0	0	422849	0	0	0	0	1670659	0	0	0	30668825	0
FFQ	61	0	0	0	0	0	0	0	0	0	0	0	0	0	0	988780	0	0	0	0	0	0	227718	0	0	0	0	0	440186	0	0	0	0	1772090	0	0	0	30536228	0
FFQ	62	0	0	0	0	0	0	0	0	0	0	0	0	0	0	995184	0	0	0	0	0	0	225802	0	0	0	0	0	452887	0	0	0	0	1852451	0	0	0	30438416	0
FFQ	63	0	0	0	0	0	0	0	0	0	0	0	0	0	0	1006610	0	0	0	0	0	0	226881	0	0	0	0	0	467934	0	0	0	0	1971673	0	0	0	30291408	0
FFQ	64	0	0	36	0	0	0	0	0	0	0	0	0	0	0	1027842	0	0	0	0	0	0	226778	0	0	0	0	0	479898	0	0	0	0	2081603	0	0	0	30148052	0
FFQ	65	0	0	7	0	0	0	0	0	0	0	0	0	0	0	1033722	0	0	0	0	0	0	224472	0	0	0	0	0	491184	0	0	0	0	2173240	0	0	0	30041307	0
FFQ	66	0	0	0	0	0	0	0	0	0	0	0	0	0	0	1058233	0	0	0	0	0	0	227408	0	0	0	0	0	512600	0	0	0	0	2344108	0	0	0	29821315	0
FFQ	67	0	0	1	0	0	0	0	0	0	0	0	0	0	0	1060739	0	0	0	0	0	0	224914	0	0	0	0	0	525476	0	0	0	0	2455777	0	0	0	29696411	0
FFQ	68	0	0	0	0	0	0	0	0	0	0	0	0	0	0	1070101	0	0	0	0	0	0	227653	0	0	0	0	0	540179	0	0	0	0	2576153	0	0	0	29548909	0
FFQ	69	0	0	0	0	0	0	0	0	0	0	0	0	0	0	1077891	0	0	0	0	0	0	228841	0	0	0	0	0	575987	0	0	0	0	2694976	0	0	0	29384959	0
FFQ	70	0	0	0	0	0	0	0	0	0	0	0	0	0	0	1090045	0	0	0	0	0	0	230125	0	0	0	0	0	606376	0	0	0	0	2819109	0	0	0	29216605	0
FFQ	71	0	0	0	0	0	0	0	0	0	0	0	0	0	0	1098171	0	0	0	0	0	0	230053	0	0	0	0	0	633773	0	0	0	0	2931732	0	0	0	29068149	0
FFQ	72	0	0	0	0	0	0	0	0	0	0	0	0	0	0	1110610	0	0	0	0	0	0	233696	0	0	0	0	0	661223	0	0	0	0	3018232	0	0	0	28937667	0
FFQ	73	0	0	0	0	0	0	0	0	0	0	0	0	0	0	1113036	0	0	0	0	0	0	231354	0	0	0	0	0	700282	0	0	0	0	3123553	0	0	0	28792726	0
FFQ	74	0	0	0	0	0	0	0	0	0	0	0	0	0	0	1123433	0	0	0	0	0	0	232052	0	0	0	0	0	747004	0	0	0	0	3246840	0	0	0	28611154	0
FFQ	75	0	0	0	0	0	0	0	0	0	0	0	0	0	0	1138422	0	0	0	0	0	0	235733	0	0	0	0	0	787724	0	0	0	0	3334563	0	0	0	28463552	0
FFQ	76	0	0	0	0	0	0	0	0	0	0	0	0	0	0	1147127	0	0	0	0	0	0	235753	0	0	0	0	0	811315	0	0	0	0	3378808	0	0	0	28386478	0
FFQ	77	0	0	0	0	0	0	0	0	0	0	0	0	0	0	1161421	0	0	0	0	0	0	236245	0	0	0	0	0	841115	0	0	0	0	3429135	0	0	0	28291014	0
FFQ	78	0	0	0	0	0	0	0	0	0	0	0	0	0	0	1169605	0	0	0	0	0	0	237158	0	0	0	0	0	877832	0	0	0	0	3478044	0	0	0	28195713	0
FFQ	79	0	0	0	0	0	0	0	0	0	0	0	0	0	0	1180481	0	0	0	0	0	0	236315	0	0	0	0	0	909937	0	0	0	0	3521514	0	0	0	28109548	0
FFQ	80	0	0	0	0	0	0	0	0	0	0	0	0	0	0	1199255	0	0	0	0	0	0	238385	0	0	0	0	0	916075	0	0	0	0	3529699	0	0	0	28073747	0
FFQ	81	0	0	0	0	0	0	0	0	0	0	0	0	0	0	1206365	0	0	0	0	0	0	236056	0	0	0	0	0	949897	0	0	0	0	3561222	0	0	0	28002965	0
FFQ	82	0	0	0	0	0	0	0	0	0	0	0	0	0	0	1223279	0	0	0	0	0	0	234500	0	0	0	0	0	966126	0	0	0	0	3570231	0	0	0	27961703	0
FFQ	83	0	0	0	0	0	0	0	0	0	0	0	0	0	0	1232069	0	0	0	0	0	0	232613	0	0	0	0	0	983608	0	0	0	0	3572095	0	0	0	27934792	0
FFQ	84	0	0	0	0	0	0	0	0	0	0	0	0	0	0	1254795	0	0	0	0	0	0	232474	0	0	0	0	0	997911	0	0	0	0	3597037	0	0	0	27872247	0
FFQ	85	0	0	0	0	0	0	0	0	0	0	0	0	0	0	1263130	0	0	0	0	0	0	228626	0	0	0	0	0	1011585	0	0	0	0	3589907	0	0	0	27860470	0
FFQ	86	0	0	0	0	0	0	0	0	0	0	0	0	0	0	1274112	0	0	0	0	0	0	229877	0	0	0	0	0	1020902	0	0	0	0	3594602	0	0	0	27833435	0
FFQ	87	0	0	0	0	0	0	0	0	0	0	0	0	0	0	1290685	0	0	0	0	0	0	231310	0	0	0	0	0	1027091	0	0	0	0	3591595	0	0	0	27811524	0
FFQ	88	0	0	0	0	0	0	0	0	0	0	0	0	0	0	1311397	0	0	0	0	0	0	230298	0	0	0	0	0	1029473	0	0	0	0	3600157	0	0	0	27780115	0
FFQ	89	0	0	0	0	0	0	0	0	0	0	0	0	0	0	1326271	0	0	0	0	0	0	233648	0	0	0	0	0	1036100	0	0	0	0	3620708	0	0	0	27733947	0
FFQ	90	0	0	0	0	0	0	0	0	0	0	0	0	0	0	1349270	0	0	0	0	0	0	241344	0	0	0	0	0	1050768	0	0	0	0	3660317	0	0	0	27648274	0
FFQ	91	0	0	0	0	0	0	0	0	0	0	0	0	0	0	1365456	0	0	0	0	0	0	242570	0	0	0	0	0	1062957	0	0	0	0	3686294	0	0	0	27591894	0
FFQ	92	0	0	0	0	0	0	0	0	0	0	0	0	0	0	1379733	0	0	0	0	0	0	251698	0	0	0	0	0	1075758	0	0	0	0	3722769	0	0	0	27518481	0
FFQ	93	0	0	0	0	0	0	0	0	0	0	0	0	0	0	1393966	0	0	0	0	0	0	266038	0	0	0	0	0	1085222	0	0	0	0	3739991	0	0	0	27462544	0
FFQ	94	0	0	0	0	0	0	0	0	0	0	0	0	0	0	1413510	0	0	0	0	0	0	276699	0	0	0	0	0	1095091	0	0	0	0	3782489	0	0	0	27379230	0
FFQ	95	0	0	0	0	0	0	0	0	0	0	0	0	0	0	1413041	0	0	0	0	0	0	291443	0	0	0	0	0	1102924	0	0	0	0	3796434	0	0	0	27342480	0
FFQ	96	0	0	0	0	0	0	0	0	0	0	0	0	0	0	1431904	0	0	0	0	0	0	298323	0	0	0	0	0	1108765	0	0	0	0	3842912	0	0	0	27263716	0
FFQ	97	0	0	0	0	0	0	0	0	0	0	0	0	0	0	1445608	0	0	0	0	0	0	315757	0	0	0	0	0	1122685	0	0	0	0	3931179	0	0	0	27129682	0
FFQ	98	0	0	0	0	0	0	0	0	0	0	0	0	0	0	1459666	0	0	0	0	0	0	315687	0	0	0	0	0	1128511	0	0	0	0	3939486	0	0	0	27100822	0
FFQ	99	0	0	0	0	0	0	0	0	0	0	0	0	0	0	1468156	0	0	0	0	0	0	332414	0	0	0	0	0	1147918	0	0	0	0	4013579	0	0	0	26981374	0
FFQ	100	0	0	0	0	0	0	0	0	0	0	0	0	0	0	1492339	0	0	0	0	0	0	331799	0	0	0	0	0	1166259	0	0	0	0	4059668	0	0	0	26892706	0
FFQ	101	0	0	0	0	0	0	0	0	0	0	0	0	0	0	1512526	0	0	0	0	0	0	337494	0	0	0	0	0	1177053	0	0	0	0	4103221	0	0	0	26811790	0
FFQ	102	0	0	0	0	0	0	0	0	0	0	0	0	0	0	1517549	0	0	0	0	0	0	347388	0	0	0	0	0	1211410	0	0	0	0	4195635	0	0	0	26669360	0
FFQ	103	0	0	0	0	0	0	0	0	0	0	0	0	0	0	1549474	0	0	0	0	0	0	350584	0	0	0	0	0	1224535	0	0	0	0	4231676	0	0	0	26584354	0
FFQ	104	0	0	0	0	0	0	0	0	0	0	0	0	0	0	1553358	0	0	0	0	0	0	356641	0	0	0	0	0	1276471	0	0	0	0	4327559	0	0	0	26425875	0
FFQ	105	0	0	0	0	0	0	0	0	0	0	0	0	0	0	1580862	0	0	0	0	0	0	359628	0	0	0	0	0	1308650	0	0	0	0	4355948	0	0	0	26334078	0
FFQ	106	0	0	0	0	0	0	0	0	0	0	0	0	0	0	1588066	0	0	0	0	0	0	364443	0	0	0	0	0	1354522	0	0	0	0	4408852	0	0	0	26222495	0
FFQ	107	0	0	0	0	0	0	0	0	0	0	0	0	0	0	1605510	0	0	0	0	0	0	363412	0	0	0	0	0	1367003	0	0	0	0	4415312	0	0	0	26186402	0
FFQ	108	0	0	16	0	0	0	0	0	0	0	0	0	0	0	1613837	0	0	0	0	0	0	370477	0	0	0	0	0	1476762	0	0	0	0	4508799	0	0	0	25967004	0
FFQ	109	0	0	0	0	0	0	0	0	0	0	0	0	0	0	1629427	0	0	0	0	0	0	369867	0	0	0	0	0	1514335	0	0	0	0	4549697	0	0	0	25872783	0
FFQ	110	0	0	4	0	0	0	0	0	0	0	0	0	0	0	1645588	0	0	0	0	0	0	367169	0	0	0	0	0	1554448	0	0	0	0	4595789	0	0	0	25772338	0
FFQ	111	0	0	27	0	0	0	0	0	0	0	0	0	0	0	1663385	0	0	0	0	0	0	371664	0	0	0	0	0	1659538	0	0	0	0	4708219	0	0	0	25531650	0
FFQ	112	0	0	2	0	0	0	0	0	0	0	0	0	0	0	1688755	0	0	0	0	0	0	372805	0	0	0	0	0	1697301	0	0	0	0	4734059	0	0	0	25440707	0
FFQ	113	0	0	51	0	0	0	0	0	0	0	0	0	0	0	1697319	0	0	0	0	0	0	377956	0	0	0	0	0	1778689	0	0	0	0	4891611	0	0	0	25187149	0
FFQ	114	0	0	0	0	0	0	0	0	0	0	0	0	0	0	1730170	0	0	0	0	0	0	378515	0	0	0	0	0	1828432	0	0	0	0	5011128	0	0	0	24983614	0
FFQ	115	0	0	26	0	0	0	0	0	0	0	0	0	0	0	1753282	0	0	0	0	0	0	379818	0	0	0	0	0	1887808	0	0	0	0	5159915	0	0	0	24750077	0
FFQ	116	0	0	60	0	0	0	0	0	0	0	0	0	0	0	1761309	0	0	0	0	0	0	384425	0	0	0	0	0	1944204	0	0	0	0	5259564	0	0	0	24580459	0
FFQ	117	0	0	64	0	0	0	0	0	0	0	0	0	0	0	1790927	0	0	0	0	0	0	381675	0	0	0	0	0	1992733	0	0	0	0	5394576	0	0	0	24369021	0
FFQ	118	0	0	32	0	0	0	0	0	0	0	0	0	0	0	1824645	0	0	0	0	0	0	386104	0	0	0	0	0	2054255	0	0	0	0	5562149	0	0	0	24100773	0
FFQ	119	0	0	5	0	0	0	0	0	0	0	0	0	0	0	1838319	0	0	0	0	0	0	389716	0	0	0	0	0	2065783	0	0	0	0	5577344	0	0	0	24055771	0
FFQ	120	0	0	7	0	0	0	0	0	0	0	0	0	0	0	1885207	0	0	0	0	0	0	398238	0	0	0	0	0	2158731	0	0	0	0	5898395	0	0	0	23585345	0
FFQ	121	0	0	0	0	0	0	0	0	0	0	0	0	0	0	1905658	0	0	0	0	0	0	394260	0	0	0	0	0	2182191	0	0	0	0	5958746	0	0	0	23483981	0
FFQ	122	0	0	0	0	0	0	0	0	0	0	0	0	0	0	1921171	0	0	0	0	0	0	393181	0	0	0	0	0	2199899	0	0	0	0	6016311	0	0	0	23393177	0
FFQ	123	0	0	0	0	0	0	0	0	0	0	0	0	0	0	1970714	0	0	0	0	0	0	411305	0	0	0	0	0	2329078	0	0	0	0	6344102	0	0	0	22867482	0
FFQ	124	0	0	0	0	0	0	0	0	0	0	0	0	0	0	2006005	0	0	0	0	0	0	411645	0	0	0	0	0	2361829	0	0	0	0	6394980	0	0	0	22747024	0
FFQ	125	0	0	0	0	0	0	0	0	0	0	0	0	0	0	2020987	0	0	0	0	0	0	411363	0	0	0	0	0	2382031	0	0	0	0	6488858	0	0	0	22617016	0
FFQ	126	0	0	0	0	0	0	0	0	0	0	0	0	0	0	2054459	0	0	0	0	0	0	421868	0	0	0	0	0	2521931	0	0	0	0	6824791	0	0	0	22095975	0
FFQ	127	0	0	0	0	0	0	0	0	0	0	0	0	0	0	2102086	0	0	0	0	0	0	425124	0	0	0	0	0	2620749	0	0	0	0	7020912	0	0	0	21748832	0
FFQ	128	0	0	0	0	0	0	0	0	0	0	0	0	0	0	2123236	0	0	0	0	0	0	422661	0	0	0	0	0	2665402	0	0	0	0	7044839	0	0	0	21660272	0
FFQ	129	0	0	0	0	0	0	0	0	0	0	0	0	0	0	2150415	0	0	0	0	0	0	428936	0	0	0	0	0	2768252	0	0	0	0	7214130	0	0	0	21353332	0
FFQ	130	0	0	0	0	0	0	0	0	0	0	0	0	0	0	2181301	0	0	0	0	0	0	444621	0	0	0	0	0	2963850	0	0	0	0	7540613	0	0	0	20783286	0
FFQ	131	0	0	0	0	0	0	0	0	0	0	0	0	0	0	2191357	0	0	0	0	0	0	439937	0	0	0	0	0	3049681	0	0	0	0	7663821	0	0	0	20567478	0
FFQ	132	0	0	0	0	0	0	0	0	0	0	0	0	0	0	2243775	0	0	0	0	0	0	453691	0	0	0	0	0	3216557	0	0	0	0	7960487	0	0	0	20036263	0
FFQ	133	0	0	0	0	0	0	0	0	0	0	0	0	0	0	2254748	0	0	0	0	0	0	478798	0	0	0	0	0	3401813	0	0	0	0	8267934	0	0	0	19505992	0
FFQ	134	0	0	0	0	0	0	0	0	0	0	0	0	0	0	2309517	0	0	0	0	0	0	487745	0	0	0	0	0	3498853	0	0	0	0	8363228	0	0	0	19248377	0
FFQ	135	0	0	0	0	0	0	0	0	0	0	0	0	0	0	2311544	0	0	0	0	0	0	531692	0	0	0	0	0	3600494	0	0	0	0	8603931	0	0	0	18858436	0
FFQ	136	0	0	0	0	0	0	0	0	0	0	0	0	0	0	2339773	0	0	0	0	0	0	551654	0	0	0	0	0	3853465	0	0	0	0	8981975	0	0	0	18177449	0
FFQ	137	0	0	0	0	0	0	0	0	0	0	0	0	0	0	2321876	0	0	0	0	0	0	607899	0	0	0	0	0	3948323	0	0	0	0	9235036	0	0	0	17789187	0
FFQ	138	0	0	0	0	0	0	0	0	0	0	0	0	0	0	2374665	0	0	0	0	0	0	626141	0	0	0	0	0	4130452	0	0	0	0	9471667	0	0	0	17297095	0
FFQ	139	0	0	0	0	0	0	0	0	0	0	0	0	0	0	2374160	0	0	0	0	0	0	736192	0	0	0	0	0	4399453	0	0	0	0	10021793	0	0	0	16364953	0
FFQ	140	0	0	0	0	0	0	0	0	0	0	0	0	0	0	2397724	0	0	0	0	0	0	764857	0	0	0	0	0	4461460	0	0	0	0	10156832	0	0	0	16109633	0
FFQ	141	0	0	0	0	0	0	0	0	0	0	0	0	0	0	2431690	0	0	0	0	0	0	827280	0	0	0	0	0	4581650	0	0	0	0	10410645	0	0	0	15627716	0
FFQ	142	0	0	0	0	0	0	0	0	0	0	0	0	0	0	2469898	0	0	0	0	0	0	896044	0	0	0	0	0	4763658	0	0	0	0	10699154	0	0	0	15026948	0
FFQ	143	0	0	0	0	0	0	0	0	0	0	0	0	0	0	2466780	0	0	0	0	0	0	974677	0	0	0	0	0	4857096	0	0	0	0	10960162	0	0	0	14573689	0
FFQ	144	0	0	0	0	0	0	0	0	0	0	0	0	0	0	2491764	0	0	0	0	0	0	1049327	0	0	0	0	0	4954683	0	0	0	0	11191246	0	0	0	14142101	0
FFQ	145	0	0	41	0	0	0	0	0	0	0	0	0	0	0	2530404	0	0	0	0	0	0	1131183	0	0	0	0	0	5089675	0	0	0	0	11370097	0	0	0	13704197	0
FFQ	146	0	0	1	0	0	0	0	0	0	0	0	0	0	0	2538257	0	0	0	0	0	0	1227706	0	0	0	0	0	5203555	0	0	0	0	11654938	0	0	0	13190837	0
FFQ	147	0	0	0	0	0	0	0	0	0	0	0	0	0	0	2590181	0	0	0	0	0	0	1296955	0	0	0	0	0	5298857	0	0	0	0	11788680	0	0	0	12811533	0
FFQ	148	0	0	2	0	0	0	0	0	0	0	0	0	0	0	2593489	0	0	0	0	0	0	1385597	0	0	0	0	0	5378958	0	0	0	0	11994737	0	0	0	12263794	0
FFQ	149	0	0	1	0	0	0	0	0	0	0	0	0	0	0	2567592	0	0	0	0	0	0	1470633	0	0	0	0	0	5425661	0	0	0	0	12086604	0	0	0	11509410	0
FFQ	150	0	0	0	0	0	0	0	0	0	0	0	0	0	0	2486395	0	0	0	0	0	0	1466184	0	0	0	0	0	5303478	0	0	0	0	11566269	0	0	0	10473745	0
FFQ	151	0	0	0	0	0	0	0	0	0	0	0	0	0	0	4007361	0	0	0	0	0	0	2661025	0	0	0	0	0	5591596	0	0	0	0	6461898	0	0	0	3435449	0
# Last Fragment Qualities. Use `grep ^LFQ | cut -f 2-` to extract this part.
# Columns correspond to qualities and rows to cycles. First column is the cycle number.
LFQ	1	0	0	2118	0	0	0	0	0	0	0	0	0	0	0	863183	0	0	0	0	0	0	553601	0	0	0	0	0	21042	0	0	0	0	32525286	0	0	0	0	0
LFQ	2	0	0	1753	0	0	0	0	0	0	0	0	0	0	0	1099420	0	0	0	0	0	0	346007	0	0	0	0	0	10254	0	0	0	0	32507796	0	0	0	0	0
LFQ	3	0	0	177	0	0	0	0	0	0	0	0	0	0	0	861845	0	0	0	0	0	0	374461	0	0	0	0	0	6806	0	0	0	0	32721941	0	0	0	0	0
LFQ	4	0	0	26	0	0	0	0	0	0	0	0	0	0	0	816424	0	0	0	0	0	0	404378	0	0	0	0	0	5961	0	0	0	0	32738441	0	0	0	0	0
LFQ	5	0	0	12	0	0	0	0	0	0	0	0	0	0	0	782332	0	0	0	0	0	0	385731	0	0	0	0	0	5850	0	0	0	0	32791305	0	0	0	0	0
LFQ	6	0	0	0	0	0	0	0	0	0	0	0	0	0	0	777502	0	0	0	0	0	0	375715	0	0	0	0	0	5874	0	0	0	0	1358067	0	0	0	31448072	0
LFQ	7	0	0	0	0	0	0	0	0	0	0	0	0	0	0	803797	0	0	0	0	0	0	355379	0	0	0	0	0	5821	0	0	0	0	1407547	0	0	0	31392686	0
LFQ	8	0	0	0	0	0	0	0	0	0	0	0	0	0	0	818599	0	0	0	0	0	0	345771	0	0	0	0	0	5068	0	0	0	0	1441897	0	0	0	31353895	0
LFQ	9	0	0	0	0	0	0	0	0	0	0	0	0	0	0	827181	0	0	0	0	0	0	330051	0	0	0	0	0	4352	0	0	0	0	1459107	0	0	0	31344539	0
LFQ	10	0	0	26	0	0	0	0	0	0	0	0	0	0	0	834970	0	0	0	0	0	0	329975	0	0	0	0	0	4086	0	0	0	0	1471606	0	0	0	31324567	0
LFQ	11	0	0	0	0	0	0	0	0	0	0	0	0	0	0	832468	0	0	0	0	0	0	330458	0	0	0	0	0	4155	0	0	0	0	1474455	0	0	0	31323694	0
LFQ	12	0	0	10	0	0	0	0	0	0	0	0	0	0	0	838255	0	0	0	0	0	0	329680	0	0	0	0	0	4027	0	0	0	0	1473826	0	0	0	31319432	0
LFQ	13	0	0	0	0	0	0	0	0	0	0	0	0	0	0	840198	0	0	0	0	0	0	329390	0	0	0	0	0	4614	0	0	0	0	1475187	0	0	0	31315841	0
LFQ	14	0	0	3	0	0	0	0	0	0	0	0	0	0	0	839177	0	0	0	0	0	0	330621	0	0	0	0	0	5188	0	0	0	0	1473617	0	0	0	31316624	0
LFQ	15	0	0	0	0	0	0	0	0	0	0	0	0	0	0	840393	0	0	0	0	0	0	327697	0	0	0	0	0	5672	0	0	0	0	1480524	0	0	0	31310944	0
LFQ	16	0	0	0	0	0	0	0	0	0	0	0	0	0	0	849658	0	0	0	0	0	0	329423	0	0	0	0	0	7213	0	0	0	0	1488918	0	0	0	31290018	0
LFQ	17	0	0	0	0	0	0	0	0	0	0	0	0	0	0	853004	0	0	0	0	0	0	326985	0	0	0	0	0	9916	0	0	0	0	1488031	0	0	0	31287294	0
LFQ	18	0	0	0	0	0	0	0	0	0	0	0	0	0	0	857556	0	0	0	0	0	0	322603	0	0	0	0	0	13282	0	0	0	0	1488110	0	0	0	31283679	0
LFQ	19	0	0	0	0	0	0	0	0	0	0	0	0	0	0	868519	0	0	0	0	0	0	313481	0	0	0	0	0	20512	0	0	0	0	1483908	0	0	0	31278810	0
LFQ	20	0	0	0	0	0	0	0	0	0	0	0	0	0	0	876111	0	0	0	0	0	0	312290	0	0	0	0	0	23462	0	0	0	0	1485277	0	0	0	31268090	0
LFQ	21	0	0	0	0	0	0	0	0	0	0	0	0	0	0	890591	0	0	0	0	0	0	299874	0	0	0	0	0	34243	0	0	0	0	1481442	0	0	0	31259080	0
LFQ	22	0	0	0	0	0	0	0	0	0	0	0	0	0	0	906913	0	0	0	0	0	0	287782	0	0	0	0	0	44519	0	0	0	0	1476624	0	0	0	31249392	0
LFQ	23	0	0	0	0	0	0	0	0	0	0	0	0	0	0	917460	0	0	0	0	0	0	276420	0	0	0	0	0	53918	0	0	0	0	1464690	0	0	0	31252742	0
LFQ	24	0	0	6	0	0	0	0	0	0	0	0	0	0	0	938179	0	0	0	0	0	0	264598	0	0	0	0	0	63825	0	0	0	0	1459472	0	0	0	31239150	0
LFQ	25	0	0	0	0	0	0	0	0	0	0	0	0	0	0	957546	0	0	0	0	0	0	250562	0	0	0	0	0	75944	0	0	0	0	1456898	0	0	0	31224280	0
LFQ	26	0	0	0	0	0	0	0	0	0	0	0	0	0	0	972686	0	0	0	0	0	0	241253	0	0	0	0	0	85702	0	0	0	0	1453476	0	0	0	31212113	0
LFQ	27	0	0	66	0	0	0	0	0	0	0	0	0	0	0	992538	0	0	0	0	0	0	230506	0	0	0	0	0	94994	0	0	0	0	1453504	0	0	0	31193622	0
LFQ	28	0	0	0	0	0	0	0	0	0	0	0	0	0	0	1008690	0	0	0	0	0	0	217529	0	0	0	0	0	105993	0	0	0	0	1446743	0	0	0	31186275	0
LFQ	29	0	0	0	0	0	0	0	0	0	0	0	0	0	0	1023376	0	0	0	0	0	0	210677	0	0	0	0	0	110416	0	0	0	0	1450858	0	0	0	31169903	0
LFQ	30	0	0	0	0	0	0	0	0	0	0	0	0	0	0	1036064	0	0	0	0	0	0	207980	0	0	0	0	0	114980	0	0	0	0	1454569	0	0	0	31151637	0
LFQ	31	0	0	0	0	0	0	0	0	0	0	0	0	0	0	1052763	0	0	0	0	0	0	200257	0	0	0	0	0	118636	0	0	0	0	1464333	0	0	0	31129241	0
LFQ	32	0	0	40	0	0	0	0	0	0	0	0	0	0	0	1063030	0	0	0	0	0	0	195410	0	0	0	0	0	121564	0	0	0	0	1471644	0	0	0	31113542	0
LFQ	33	0	0	175	0	0	0	0	0	0	0	0	0	0	0	1081893	0	0	0	0	0	0	185878	0	0	0	0	0	123234	0	0	0	0	1479475	0	0	0	31094575	0
LFQ	34	0	0	81	0	0	0	0	0	0	0	0	0	0	0	1099327	0	0	0	0	0	0	178996	0	0	0	0	0	125791	0	0	0	0	1490291	0	0	0	31070744	0
LFQ	35	0	0	185	0	0	0	0	0	0	0	0	0	0	0	1108905	0	0	0	0	0	0	170316	0	0	0	0	0	125312	0	0	0	0	1493950	0	0	0	31066562	0
LFQ	36	0	0	18	0	0	0	0	0	0	0	0	0	0	0	1126814	0	0	0	0	0	0	159396	0	0	0	0	0	124688	0	0	0	0	1498102	0	0	0	31056212	0
LFQ	37	0	0	2	0	0	0	0	0	0	0	0	0	0	0	1139999	0	0	0	0	0	0	152092	0	0	0	0	0	124738	0	0	0	0	1503876	0	0	0	31044523	0
LFQ	38	0	0	16	0	0	0	0	0	0	0	0	0	0	0	1153515	0	0	0	0	0	0	145743	0	0	0	0	0	124896	0	0	0	0	1507205	0	0	0	31033855	0
LFQ	39	0	0	33	0	0	0	0	0	0	0	0	0	0	0	1170060	0	0	0	0	0	0	141460	0	0	0	0	0	125138	0	0	0	0	1518153	0	0	0	31010386	0
LFQ	40	0	0	0	0	0	0	0	0	0	0	0	0	0	0	1182201	0	0	0	0	0	0	134424	0	0	0	0	0	123300	0	0	0	0	1518815	0	0	0	31006490	0
LFQ	41	0	0	40	0	0	0	0	0	0	0	0	0	0	0	1186881	0	0	0	0	0	0	133444	0	0	0	0	0	124680	0	0	0	0	1522372	0	0	0	30997813	0
LFQ	42	0	0	0	0	0	0	0	0	0	0	0	0	0	0	1205436	0	0	0	0	0	0	131729	0	0	0	0	0	128912	0	0	0	0	1533219	0	0	0	30965934	0
LFQ	43	0	0	2	0	0	0	0	0	0	0	0	0	0	0	1213118	0	0	0	0	0	0	131655	0	0	0	0	0	132366	0	0	0	0	1547025	0	0	0	30941064	0
LFQ	44	0	0	69	0	0	0	0	0	0	0	0	0	0	0	1222769	0	0	0	0	0	0	132820	0	0	0	0	0	138718	0	0	0	0	1542566	0	0	0	30928288	0
LFQ	45	0	0	36	0	0	0	0	0	0	0	0	0	0	0	1233623	0	0	0	0	0	0	133340	0	0	0	0	0	143047	0	0	0	0	1551271	0	0	0	30903913	0
LFQ	46	0	0	192	0	0	0	0	0	0	0	0	0	0	0	1236635	0	0	0	0	0	0	141665	0	0	0	0	0	156443	0	0	0	0	1526600	0	0	0	30903695	0
LFQ	47	0	0	298	0	0	0	0	0	0	0	0	0	0	0	1245164	0	0	0	0	0	0	147348	0	0	0	0	0	164558	0	0	0	0	1512953	0	0	0	30894909	0
LFQ	48	0	0	139	0	0	0	0	0	0	0	0	0	0	0	1257395	0	0	0	0	0	0	159470	0	0	0	0	0	182760	0	0	0	0	1495749	0	0	0	30869717	0
LFQ	49	0	0	1	0	0	0	0	0	0	0	0	0	0	0	1270202	0	0	0	0	0	0	169164	0	0	0	0	0	197064	0	0	0	0	1488735	0	0	0	30840064	0
LFQ	50	0	0	0	0	0	0	0	0	0	0	0	0	0	0	1270424	0	0	0	0	0	0	185415	0	0	0	0	0	223157	0	0	0	0	1447659	0	0	0	30838575	0
LFQ	51	0	0	0	0	0	0	0	0	0	0	0	0	0	0	1282820	0	0	0	0	0	0	198307	0	0	0	0	0	246293	0	0	0	0	1438524	0	0	0	30799286	0
LFQ	52	0	0	17	0	0	0	0	0	0	0	0	0	0	0	1294843	0	0	0	0	0	0	209044	0	0	0	0	0	265093	0	0	0	0	1428083	0	0	0	30768150	0
LFQ	53	0	0	2	0	0	0	0	0	0	0	0	0	0	0	1304557	0	0	0	0	0	0	218083	0	0	0	0	0	283344	0	0	0	0	1425846	0	0	0	30733398	0
LFQ	54	0	0	36	0	0	0	0	0	0	0	0	0	0	0	1313694	0	0	0	0	0	0	230921	0	0	0	0	0	311839	0	0	0	0	1430533	0	0	0	30678207	0
LFQ	55	0	0	79	0	0	0	0	0	0	0	0	0	0	0	1329490	0	0	0	0	0	0	233464	0	0	0	0	0	327470	0	0	0	0	1462207	0	0	0	30612520	0
LFQ	56	0	0	2	0	0	0	0	0	0	0	0	0	0	0	1334192	0	0	0	0	0	0	236234	0	0	0	0	0	337073	0	0	0	0	1480773	0	0	0	30576956	0
LFQ	57	0	0	7	0	0	0	0	0	0	0	0	0	0	0	1346307	0	0	0	0	0	0	239132	0	0	0	0	0	349501	0	0	0	0	1532298	0	0	0	30497985	0
LFQ	58	0	0	0	0	0	0	0	0	0	0	0	0	0	0	1369672	0	0	0	0	0	0	239813	0	0	0	0	0	363978	0	0	0	0	1621210	0	0	0	30370557	0
LFQ	59	0	0	1	0	0	0	0	0	0	0	0	0	0	0	1377238	0	0	0	0	0	0	239881	0	0	0	0	0	374681	0	0	0	0	1690753	0	0	0	30282676	0
LFQ	60	0	0	13	0	0	0	0	0	0	0	0	0	0	0	1391823	0	0	0	0	0	0	238144	0	0	0	0	0	384488	0	0	0	0	1774634	0	0	0	30176128	0
LFQ	61	0	0	193	0	0	0	0	0	0	0	0	0	0	0	1403771	0	0	0	0	0	0	233042	0	0	0	0	0	394173	0	0	0	0	1908142	0	0	0	30025682	0
LFQ	62	0	0	47	0	0	0	0	0	0	0	0	0	0	0	1413091	0	0	0	0	0	0	232958	0	0	0	0	0	397962	0	0	0	0	1975074	0	0	0	29945610	0
LFQ	63	0	0	142	0	0	0	0	0	0	0	0	0	0	0	1425995	0	0	0	0	0	0	232490	0	0	0	0	0	409685	0	0	0	0	2182986	0	0	0	29713195	0
LFQ	64	0	0	388	0	0	0	0	0	0	0	0	0	0	0	1443282	0	0	0	0	0	0	232212	0	0	0	0	0	421230	0	0	0	0	2302879	0	0	0	29564198	0
LFQ	65	0	0	542	0	0	0	0	0	0	0	0	0	0	0	1454079	0	0	0	0	0	0	231282	0	0	0	0	0	433205	0	0	0	0	2433534	0	0	0	29411252	0
LFQ	66	0	0	526	0	0	0	0	0	0	0	0	0	0	0	1461425	0	0	0	0	0	0	229905	0	0	0	0	0	450587	0	0	0	0	2523659	0	0	0	29297512	0
LFQ	67	0	0	732	0	0	0	0	0	0	0	0	0	0	0	1475447	0	0	0	0	0	0	231354	0	0	0	0	0	478700	0	0	0	0	2643783	0	0	0	29133240	0
LFQ	68	0	0	660	0	0	0	0	0	0	0	0	0	0	0	1483801	0	0	0	0	0	0	233106	0	0	0	0	0	515575	0	0	0	0	2738351	0	0	0	28991430	0
LFQ	69	0	0	544	0	0	0	0	0	0	0	0	0	0	0	1500203	0	0	0	0	0	0	235157	0	0	0	0	0	549663	0	0	0	0	2817752	0	0	0	28859259	0
LFQ	70	0	0	255	0	0	0	0	0	0	0	0	0	0	0	1508993	0	0	0	0	0	0	236305	0	0	0	0	0	588641	0	0	0	0	2908513	0	0	0	28719466	0
LFQ	71	0	0	235	0	0	0	0	0	0	0	0	0	0	0	1518530	0	0	0	0	0	0	236220	0	0	0	0	0	647973	0	0	0	0	2947044	0	0	0	28611776	0
LFQ	72	0	0	245	0	0	0	0	0	0	0	0	0	0	0	1531811	0	0	0	0	0	0	238836	0	0	0	0	0	687546	0	0	0	0	2995029	0	0	0	28507846	0
LFQ	73	0	0	475	0	0	0	0	0	0	0	0	0	0	0	1540314	0	0	0	0	0	0	239973	0	0	0	0	0	762086	0	0	0	0	3032932	0	0	0	28385049	0
LFQ	74	0	0	732	0	0	0	0	0	0	0	0	0	0	0	1552838	0	0	0	0	0	0	240039	0	0	0	0	0	798707	0	0	0	0	3053744	0	0	0	28314285	0
LFQ	75	0	0	805	0	0	0	0	0	0	0	0	0	0	0	1564602	0	0	0	0	0	0	241207	0	0	0	0	0	847027	0	0	0	0	3071496	0	0	0	28234703	0
LFQ	76	0	0	751	0	0	0	0	0	0	0	0	0	0	0	1573041	0	0	0	0	0	0	242380	0	0	0	0	0	888765	0	0	0	0	3091793	0	0	0	28162577	0
LFQ	77	0	0	668	0	0	0	0	0	0	0	0	0	0	0	1592180	0	0	0	0	0	0	243922	0	0	0	0	0	901328	0	0	0	0	3109711	0	0	0	28110930	0
LFQ	78	0	0	860	0	0	0	0	0	0	0	0	0	0	0	1597604	0	0	0	0	0	0	245310	0	0	0	0	0	937444	0	0	0	0	3130476	0	0	0	28046438	0
LFQ	79	0	0	450	0	0	0	0	0	0	0	0	0	0	0	1612300	0	0	0	0	0	0	245863	0	0	0	0	0	954500	0	0	0	0	3146912	0	0	0	27997523	0
LFQ	80	0	0	673	0	0	0	0	0	0	0	0	0	0	0	1618270	0	0	0	0	0	0	240325	0	0	0	0	0	965308	0	0	0	0	3147583	0	0	0	27984729	0
LFQ	81	0	0	433	0	0	0	0	0	0	0	0	0	0	0	1638694	0	0	0	0	0	0	241124	0	0	0	0	0	982046	0	0	0	0	3165074	0	0	0	27928838	0
LFQ	82	0	0	363	0	0	0	0	0	0	0	0	0	0	0	1674392	0	0	0	0	0	0	244188	0	0	0	0	0	1000342	0	0	0	0	3199824	0	0	0	27836388	0
LFQ	83	0	0	180	0	0	0	0	0	0	0	0	0	0	0	1685835	0	0	0	0	0	0	236407	0	0	0	0	0	1009345	0	0	0	0	3204844	0	0	0	27818196	0
LFQ	84	0	0	84	0	0	0	0	0	0	0	0	0	0	0	1700101	0	0	0	0	0	0	230197	0	0	0	0	0	1017222	0	0	0	0	3211716	0	0	0	27794741	0
LFQ	85	0	0	61	0	0	0	0	0	0	0	0	0	0	0	1720463	0	0	0	0	0	0	225796	0	0	0	0	0	1025127	0	0	0	0	3223311	0	0	0	27758514	0
LFQ	86	0	0	19	0	0	0	0	0	0	0	0	0	0	0	1740830	0	0	0	0	0	0	221994	0	0	0	0	0	1032407	0	0	0	0	3236005	0	0	0	27721191	0
LFQ	87	0	0	33	0	0	0	0	0	0	0	0	0	0	0	1758671	0	0	0	0	0	0	219798	0	0	0	0	0	1049353	0	0	0	0	3249867	0	0	0	27673958	0
LFQ	88	0	0	126	0	0	0	0	0	0	0	0	0	0	0	1788430	0	0	0	0	0	0	219162	0	0	0	0	0	1062766	0	0	0	0	3254339	0	0	0	27626053	0
LFQ	89	0	0	0	0	0	0	0	0	0	0	0	0	0	0	1807622	0	0	0	0	0	0	221424	0	0	0	0	0	1074700	0	0	0	0	3278694	0	0	0	27567657	0
LFQ	90	0	0	0	0	0	0	0	0	0	0	0	0	0	0	1810747	0	0	0	0	0	0	223934	0	0	0	0	0	1086227	0	0	0	0	3275926	0	0	0	27552511	0
LFQ	91	0	0	3	0	0	0	0	0	0	0	0	0	0	0	1834206	0	0	0	0	0	0	231182	0	0	0	0	0	1113033	0	0	0	0	3297763	0	0	0	27472315	0
LFQ	92	0	0	0	0	0	0	0	0	0	0	0	0	0	0	1848341	0	0	0	0	0	0	234310	0	0	0	0	0	1128451	0	0	0	0	3317220	0	0	0	27419416	0
LFQ	93	0	0	0	0	0	0	0	0	0	0	0	0	0	0	1874802	0	0	0	0	0	0	243249	0	0	0	0	0	1151125	0	0	0	0	3349646	0	0	0	27328202	0
LFQ	94	0	0	4	0	0	0	0	0	0	0	0	0	0	0	1898868	0	0	0	0	0	0	255846	0	0	0	0	0	1165906	0	0	0	0	3386054	0	0	0	27239567	0
LFQ	95	0	0	0	0	0	0	0	0	0	0	0	0	0	0	1906682	0	0	0	0	0	0	271175	0	0	0	0	0	1200087	0	0	0	0	3444095	0	0	0	27123474	0
LFQ	96	0	0	0	0	0	0	0	0	0	0	0	0	0	0	1926849	0	0	0	0	0	0	276590	0	0	0	0	0	1217737	0	0	0	0	3474978	0	0	0	27048627	0
LFQ	97	0	0	2	0	0	0	0	0	0	0	0	0	0	0	1949103	0	0	0	0	0	0	283679	0	0	0	0	0	1233320	0	0	0	0	3507746	0	0	0	26970187	0
LFQ	98	0	0	0	0	0	0	0	0	0	0	0	0	0	0	1958007	0	0	0	0	0	0	289610	0	0	0	0	0	1244345	0	0	0	0	3547630	0	0	0	26903687	0
LFQ	99	0	0	0	0	0	0	0	0	0	0	0	0	0	0	1989239	0	0	0	0	0	0	299515	0	0	0	0	0	1270014	0	0	0	0	3649500	0	0	0	26734242	0
LFQ	100	0	0	0	0	0	0	0	0	0	0	0	0	0	0	2001885	0	0	0	0	0	0	299840	0	0	0	0	0	1274574	0	0	0	0	3668072	0	0	0	26697432	0
LFQ	101	0	0	0	0	0	0	0	0	0	0	0	0	0	0	1994436	0	0	0	0	0	0	304725	0	0	0	0	0	1277243	0	0	0	0	3725110	0	0	0	26639587	0
LFQ	102	0	0	0	0	0	0	0	0	0	0	0	0	0	0	2020689	0	0	0	0	0	0	311356	0	0	0	0	0	1307981	0	0	0	0	3791556	0	0	0	26508746	0
LFQ	103	0	0	0	0	0	0	0	0	0	0	0	0	0	0	2036354	0	0	0	0	0	0	312039	0	0	0	0	0	1316644	0	0	0	0	3818459	0	0	0	26456090	0
LFQ	104	0	0	0	0	0	0	0	0	0	0	0	0	0	0	2053667	0	0	0	0	0	0	312603	0	0	0	0	0	1339547	0	0	0	0	3849697	0	0	0	26383325	0
LFQ	105	0	0	42	0	0	0	0	0	0	0	0	0	0	0	2083233	0	0	0	0	0	0	318927	0	0	0	0	0	1361162	0	0	0	0	3899503	0	0	0	26275221	0
LFQ	106	0	0	9	0	0	0	0	0	0	0	0	0	0	0	2100300	0	0	0	0	0	0	318926	0	0	0	0	0	1392222	0	0	0	0	3929694	0	0	0	26196124	0
LFQ	107	0	0	20	0	0	0	0	0	0	0	0	0	0	0	2090975	0	0	0	0	0	0	318434	0	0	0	0	0	1414483	0	0	0	0	3906268	0	0	0	26206325	0
LFQ	108	0	0	11	0	0	0	0	0	0	0	0	0	0	0	2119627	0	0	0	0	0	0	319423	0	0	0	0	0	1442900	0	0	0	0	3938498	0	0	0	26115290	0
LFQ	109	0	0	1	0	0	0	0	0	0	0	0	0	0	0	2159721	0	0	0	0	0	0	325598	0	0	0	0	0	1484439	0	0	0	0	3987667	0	0	0	25977515	0
LFQ	110	0	0	0	0	0	0	0	0	0	0	0	0	0	0	2144420	0	0	0	0	0	0	324119	0	0	0	0	0	1548896	0	0	0	0	3978497	0	0	0	25938206	0
LFQ	111	0	0	0	0	0	0	0	0	0	0	0	0	0	0	2183083	0	0	0	0	0	0	327667	0	0	0	0	0	1584194	0	0	0	0	4011333	0	0	0	25826998	0
LFQ	112	0	0	0	0	0	0	0	0	0	0	0	0	0	0	2204859	0	0	0	0	0	0	331376	0	0	0	0	0	1695455	0	0	0	0	4077815	0	0	0	25622892	0
LFQ	113	0	0	52	0	0	0	0	0	0	0	0	0	0	0	2223488	0	0	0	0	0	0	333973	0	0	0	0	0	1729536	0	0	0	0	4111667	0	0	0	25532799	0
LFQ	114	0	0	0	0	0	0	0	0	0	0	0	0	0	0	2258027	0	0	0	0	0	0	332536	0	0	0	0	0	1759420	0	0	0	0	4129974	0	0	0	25450624	0
LFQ	115	0	0	318	0	0	0	0	0	0	0	0	0	0	0	2274421	0	0	0	0	0	0	336959	0	0	0	0	0	1865702	0	0	0	0	4235261	0	0	0	25216966	0
LFQ	116	0	0	4	0	0	0	0	0	0	0	0	0	0	0	2295028	0	0	0	0	0	0	338046	0	0	0	0	0	1898816	0	0	0	0	4296521	0	0	0	25100279	0
LFQ	117	0	0	0	0	0	0	0	0	0	0	0	0	0	0	2330459	0	0	0	0	0	0	338248	0	0	0	0	0	1947897	0	0	0	0	4342626	0	0	0	24968424	0
LFQ	118	0	0	0	0	0	0	0	0	0	0	0	0	0	0	2354505	0	0	0	0	0	0	331177	0	0	0	0	0	2013490	0	0	0	0	4462640	0	0	0	24764781	0
LFQ	119	0	0	0	0	0	0	0	0	0	0	0	0	0	0	2378959	0	0	0	0	0	0	324937	0	0	0	0	0	2034019	0	0	0	0	4481906	0	0	0	24705722	0
LFQ	120	0	0	0	0	0	0	0	0	0	0	0	0	0	0	2430826	0	0	0	0	0	0	317165	0	0	0	0	0	2097556	0	0	0	0	4652635	0	0	0	24426330	0
LFQ	121	0	0	0	0	0	0	0	0	0	0	0	0	0	0	2464673	0	0	0	0	0	0	307581	0	0	0	0	0	2107817	0	0	0	0	4702232	0	0	0	24341106	0
LFQ	122	0	0	0	0	0	0	0	0	0	0	0	0	0	0	2488033	0	0	0	0	0	0	305748	0	0	0	0	0	2148873	0	0	0	0	4784904	0	0	0	24194730	0
LFQ	123	0	0	0	0	0	0	0	0	0	0	0	0	0	0	2546512	0	0	0	0	0	0	297148	0	0	0	0	0	2219029	0	0	0	0	4977800	0	0	0	23880710	0
LFQ	124	0	0	0	0	0	0	0	0	0	0	0	0	0	0	2592233	0	0	0	0	0	0	289207	0	0	0	0	0	2259926	0	0	0	0	5043223	0	0	0	23735401	0
LFQ	125	0	0	0	0	0	0	0	0	0	0	0	0	0	0	2615008	0	0	0	0	0	0	287519	0	0	0	0	0	2311473	0	0	0	0	5156747	0	0	0	23547987	0
LFQ	126	0	0	0	0	0	0	0	0	0	0	0	0	0	0	2683380	0	0	0	0	0	0	296633	0	0	0	0	0	2371536	0	0	0	0	5290408	0	0	0	23275513	0
LFQ	127	0	0	0	0	0	0	0	0	0	0	0	0	0	0	2700494	0	0	0	0	0	0	287755	0	0	0	0	0	2537935	0	0	0	0	5526125	0	0	0	22863814	0
LFQ	128	0	0	0	0	0	0	0	0	0	0	0	0	0	0	2738167	0	0	0	0	0	0	289325	0	0	0	0	0	2667190	0	0	0	0	5735494	0	0	0	22484650	0
LFQ	129	0	0	0	0	0	0	0	0	0	0	0	0	0	0	2780638	0	0	0	0	0	0	292354	0	0	0	0	0	2814802	0	0	0	0	5939206	0	0	0	22086454	0
LFQ	130	0	0	0	0	0	0	0	0	0	0	0	0	0	0	2829134	0	0	0	0	0	0	292332	0	0	0	0	0	2888771	0	0	0	0	6041829	0	0	0	21859972	0
LFQ	131	0	0	0	0	0	0	0	0	0	0	0	0	0	0	2817749	0	0	0	0	0	0	297512	0	0	0	0	0	3171835	0	0	0	0	6438771	0	0	0	21184732	0
LFQ	132	0	0	23	0	0	0	0	0	0	0	0	0	0	0	2861691	0	0	0	0	0	0	295989	0	0	0	0	0	3262512	0	0	0	0	6501895	0	0	0	20986975	0
LFQ	133	0	0	0	0	0	0	0	0	0	0	0	0	0	0	2887865	0	0	0	0	0	0	319042	0	0	0	0	0	3558229	0	0	0	0	6955767	0	0	0	20186665	0
LFQ	134	0	0	0	0	0	0	0	0	0	0	0	0	0	0	2921691	0	0	0	0	0	0	329082	0	0	0	0	0	3639918	0	0	0	0	7071298	0	0	0	19944002	0
LFQ	135	0	0	0	0	0	0	0	0	0	0	0	0	0	0	2934689	0	0	0	0	0	0	346219	0	0	0	0	0	3748138	0	0	0	0	7255613	0	0	0	19619685	0
LFQ	136	0	0	0	0	0	0	0	0	0	0	0	0	0	0	2962689	0	0	0	0	0	0	385364	0	0	0	0	0	3924414	0	0	0	0	7575066	0	0	0	19055022	0
LFQ	137	0	0	0	0	0	0	0	0	0	0	0	0	0	0	2987655	0	0	0	0	0	0	434684	0	0	0	0	0	3979676	0	0	0	0	7810514	0	0	0	18688023	0
LFQ	138	0	0	0	0	0	0	0	0	0	0	0	0	0	0	3017429	0	0	0	0	0	0	521056	0	0	0	0	0	4124633	0	0	0	0	8296520	0	0	0	17938591	0
LFQ	139	0	0	0	0	0	0	0	0	0	0	0	0	0	0	3052281	0	0	0	0	0	0	517958	0	0	0	0	0	4164016	0	0	0	0	8257654	0	0	0	17902810	0
LFQ	140	0	0	0	0	0	0	0	0	0	0	0	0	0	0	3056039	0	0	0	0	0	0	650282	0	0	0	0	0	4261379	0	0	0	0	8848959	0	0	0	17072007	0
LFQ	141	0	0	0	0	0	0	0	0	0	0	0	0	0	0	3086186	0	0	0	0	0	0	705962	0	0	0	0	0	4309470	0	0	0	0	9053472	0	0	0	16721919	0
LFQ	142	0	0	0	0	0	0	0	0	0	0	0	0	0	0	3105423	0	0	0	0	0	0	830007	0	0	0	0	0	4396895	0	0	0	0	9525254	0	0	0	15995846	0
LFQ	143	0	0	0	0	0	0	0	0	0	0	0	0	0	0	3133330	0	0	0	0	0	0	950476	0	0	0	0	0	4462594	0	0	0	0	9973037	0	0	0	15309991	0
LFQ	144	0	0	0	0	0	0	0	0	0	0	0	0	0	0	3195811	0	0	0	0	0	0	964515	0	0	0	0	0	4511640	0	0	0	0	9986876	0	0	0	15167141	0
LFQ	145	0	0	0	0	0	0	0	0	0	0	0	0	0	0	3208367	0	0	0	0	0	0	1156058	0	0	0	0	0	4641782	0	0	0	0	10631377	0	0	0	14184696	0
LFQ	146	0	0	0	0	0	0	0	0	0	0	0	0	0	0	3245889	0	0	0	0	0	0	1148593	0	0	0	0	0	4639900	0	0	0	0	10605742	0	0	0	14171670	0
LFQ	147	0	0	0	0	0	0	0	0	0	0	0	0	0	0	3255815	0	0	0	0	0	0	1255710	0	0	0	0	0	4726022	0	0	0	0	10951905	0	0	0	13593066	0
LFQ	148	0	0	0	0	0	0	0	0	0	0	0	0	0	0	3261397	0	0	0	0	0	0	1310871	0	0	0	0	0	4736373	0	0	0	0	11066507	0	0	0	13237917	0
LFQ	149	0	0	0	0	0	0	0	0	0	0	0	0	0	0	3250488	0	0	0	0	0	0	1347884	0	0	0	0	0	4721893	0	0	0	0	11038787	0	0	0	12697862	0
LFQ	150	0	0	0	0	0	0	0	0	0	0	0	0	0	0	3073850	0	0	0	0	0	0	1309961	0	0	0	0	0	4547065	0	0	0	0	10623149	0	0	0	11728094	0
LFQ	151	0	0	0	0	0	0	0	0	0	0	0	0	0	0	4572784	0	0	0	0	0	0	3561843	0	0	0	0	0	5178002	0	0	0	0	5944918	0	0	0	2889296	0
# GC Content of first fragments. Use `grep ^GCF | cut -f 2-` to extract this part.
GCF	1.76	0
GCF	4.02	1
GCF	4.77	2
GCF	5.28	18
GCF	5.78	7
GCF	6.28	8
GCF	6.78	18
GCF	7.29	36
GCF	7.79	71
GCF	8.29	75
GCF	8.79	146
GCF	9.30	312
GCF	9.80	402
GCF	10.30	414
GCF	10.80	766
GCF	11.31	1239
GCF	11.81	2134
GCF	12.31	2194
GCF	12.81	3098
GCF	13.32	4379
GCF	13.82	5860
GCF	14.32	7011
GCF	14.82	7908
GCF	15.33	10643
GCF	15.83	14180
GCF	16.33	16716
GCF	16.83	18555
GCF	17.34	22394
GCF	17.84	26990
GCF	18.34	30865
GCF	18.84	33542
GCF	19.35	39911
GCF	19.85	48252
GCF	20.35	54698
GCF	20.85	59698
GCF	21.36	70055
GCF	21.86	81906
GCF	22.36	91191
GCF	22.86	97464
GCF	23.37	114891
GCF	23.87	132988
GCF	24.37	146233
GCF	24.87	155233
GCF	25.38	177764
GCF	25.88	199560
GCF	26.38	216115
GCF	26.88	227207
GCF	27.39	252437
GCF	27.89	277965
GCF	28.39	296120
GCF	28.89	324393
GCF	29.40	333012
GCF	29.90	355366
GCF	30.40	372541
GCF	30.90	398682
GCF	31.41	407137
GCF	31.91	430188
GCF	32.41	450297
GCF	32.91	480293
GCF	33.42	488441
GCF	33.92	517739
GCF	34.42	541599
GCF	34.92	564566
GCF	35.43	572369
GCF	35.93	597566
GCF	36.43	629605
GCF	36.93	651464
GCF	37.44	659744
GCF	37.94	692039
GCF	38.44	724505
GCF	38.94	753044
GCF	39.45	762460
GCF	39.95	791046
GCF	40.45	819451
GCF	40.95	841753
GCF	41.46	846952
GCF	41.96	868420
GCF	42.46	887421
GCF	42.96	903329
GCF	43.47	920035
GCF	43.97	919744
GCF	44.47	931100
GCF	44.97	938743
GCF	45.48	941910
GCF	45.98	937117
GCF	46.48	934137
GCF	46.98	934255
GCF	47.49	931259
GCF	47.99	927292
GCF	48.49	908493
GCF	48.99	899673
GCF	49.50	882863
GCF	50.00	873887
GCF	50.50	853539
GCF	51.01	833338
GCF	51.51	801176
GCF	52.01	789054
GCF	52.51	747991
GCF	53.02	717377
GCF	53.52	667322
GCF	54.02	652137
GCF	54.52	597089
GCF	55.03	556420
GCF	55.53	498466
GCF	56.03	483703
GCF	56.53	426355
GCF	57.04	386570
GCF	57.54	335697
GCF	58.04	289177
GCF	58.54	275677
GCF	59.05	241652
GCF	59.55	201890
GCF	60.05	170332
GCF	60.55	162021
GCF	61.06	138534
GCF	61.56	112155
GCF	62.06	91086
GCF	62.56	85907
GCF	63.07	71114
GCF	63.57	55246
GCF	64.07	42538
GCF	64.57	39541
GCF	65.08	30923
GCF	65.58	23436
GCF	66.08	17839
GCF	66.58	16606
GCF	67.09	12410
GCF	67.59	9562
GCF	68.09	6637
GCF	68.59	6017
GCF	69.10	4523
GCF	69.60	3197
GCF	70.10	2106
GCF	70.60	1890
GCF	71.11	1334
GCF	71.61	884
GCF	72.11	669
GCF	72.61	431
GCF	73.12	420
GCF	73.62	316
GCF	74.12	243
GCF	74.62	174
GCF	75.13	160
GCF	75.63	112
GCF	76.13	113
GCF	76.63	96
GCF	77.14	97
GCF	77.64	75
GCF	78.14	51
GCF	78.64	53
GCF	79.15	51
GCF	79.65	41
GCF	80.15	34
GCF	80.65	28
GCF	81.16	25
GCF	81.66	30
GCF	82.16	17
GCF	82.66	21
GCF	83.17	19
GCF	83.67	17
GCF	84.17	11
GCF	84.67	12
GCF	85.18	11
GCF	85.68	13
GCF	86.18	4
GCF	86.68	6
GCF	87.44	0
GCF	88.19	4
GCF	88.69	5
GCF	89.45	4
GCF	90.20	1
GCF	90.70	3
GCF	91.71	1
GCF	92.71	0
GCF	93.72	1
# GC Content of last fragments. Use `grep ^GCL | cut -f 2-` to extract this part.
GCL	0.25	0
GCL	0.75	1
GCL	2.76	0
GCL	4.77	1
GCL	5.28	12
GCL	6.03	3
GCL	6.78	16
GCL	7.29	49
GCL	7.79	88
GCL	8.29	91
GCL	8.79	181
GCL	9.30	315
GCL	9.80	393
GCL	10.30	412
GCL	10.80	786
GCL	11.31	1282
GCL	11.81	2055
GCL	12.31	2109
GCL	12.81	3139
GCL	13.32	4450
GCL	13.82	5883
GCL	14.32	7133
GCL	14.82	8074
GCL	15.33	10614
GCL	15.83	14381
GCL	16.33	16738
GCL	16.83	18537
GCL	17.34	22491
GCL	17.84	27238
GCL	18.34	30715
GCL	18.84	33655
GCL	19.35	40245
GCL	19.85	48412
GCL	20.35	54779
GCL	20.85	59667
GCL	21.36	70139
GCL	21.86	82261
GCL	22.36	91294
GCL	22.86	97496
GCL	23.37	115218
GCL	23.87	132947
GCL	24.37	146584
GCL	24.87	155145
GCL	25.38	176855
GCL	25.88	198642
GCL	26.38	215595
GCL	26.88	227089
GCL	27.39	252293
GCL	27.89	278254
GCL	28.39	296260
GCL	28.89	324260
GCL	29.40	332671
GCL	29.90	355489
GCL	30.40	371714
GCL	30.90	398835
GCL	31.41	406788
GCL	31.91	431319
GCL	32.41	450070
GCL	32.91	480064
GCL	33.42	488785
GCL	33.92	517766
GCL	34.42	542245
GCL	34.92	564745
GCL	35.43	572245
GCL	35.93	597928
GCL	36.43	628557
GCL	36.93	652055
GCL	37.44	659738
GCL	37.94	691445
GCL	38.44	724338
GCL	38.94	751709
GCL	39.45	760612
GCL	39.95	790744
GCL	40.45	820037
GCL	40.95	842306
GCL	41.46	846420
GCL	41.96	867142
GCL	42.46	887530
GCL	42.96	903658
GCL	43.47	918020
GCL	43.97	920258
GCL	44.47	928942
GCL	44.97	939134
GCL	45.48	939591
GCL	45.98	935608
GCL	46.48	935963
GCL	46.98	935122
GCL	47.49	928703
GCL	47.99	924477
GCL	48.49	909263
GCL	48.99	901295
GCL	49.50	883744
GCL	50.00	873682
GCL	50.50	852302
GCL	51.01	833568
GCL	51.51	800860
GCL	52.01	788763
GCL	52.51	748372
GCL	53.02	717228
GCL	53.52	666758
GCL	54.02	651209
GCL	54.52	597913
GCL	55.03	556246
GCL	55.53	499629
GCL	56.03	485609
GCL	56.53	427479
GCL	57.04	386638
GCL	57.54	337327
GCL	58.04	290765
GCL	58.54	276674
GCL	59.05	242841
GCL	59.55	202698
GCL	60.05	170922
GCL	60.55	161937
GCL	61.06	138285
GCL	61.56	113156
GCL	62.06	91855
GCL	62.56	86182
GCL	63.07	70719
GCL	63.57	55093
GCL	64.07	42260
GCL	64.57	39213
GCL	65.08	30791
GCL	65.58	23215
GCL	66.08	17691
GCL	66.58	16424
GCL	67.09	12305
GCL	67.59	9480
GCL	68.09	6768
GCL	68.59	6155
GCL	69.10	4300
GCL	69.60	3020
GCL	70.10	2054
GCL	70.60	1932
GCL	71.11	1256
GCL	71.61	894
GCL	72.11	595
GCL	72.61	413
GCL	73.12	389
GCL	73.62	290
GCL	74.12	181
GCL	74.62	149
GCL	75.13	151
GCL	75.63	107
GCL	76.13	90
GCL	76.63	88
GCL	77.14	87
GCL	77.64	60
GCL	78.14	69
GCL	78.64	47
GCL	79.15	40
GCL	79.65	39
GCL	80.15	37
GCL	80.65	42
GCL	81.16	38
GCL	81.66	25
GCL	82.16	18
GCL	82.66	16
GCL	83.17	17
GCL	83.92	11
GCL	84.67	8
GCL	85.43	9
GCL	86.18	8
GCL	86.68	3
GCL	87.44	2
GCL	88.19	1
GCL	88.69	5
GCL	89.45	0
GCL	90.20	1
GCL	90.70	3
GCL	91.46	1
GCL	92.21	0
GCL	93.72	1
GCL	95.48	0
GCL	96.23	3
GCL	97.74	0
GCL	99.50	1
# ACGT content per cycle. Use `grep ^GCC | cut -f 2-` to extract this part. The columns are: cycle; A,C,G,T base counts as a percentage of all A/C/G/T bases [%]; and N and O counts as a percentage of all A/C/G/T bases [%]
GCC	1	27.24	21.21	18.95	32.60	0.01	0.00
GCC	2	32.42	19.29	22.67	25.62	0.00	0.00
GCC	3	28.65	23.07	18.46	29.82	0.00	0.00
GCC	4	30.09	22.21	19.59	28.12	0.00	0.00
GCC	5	28.13	21.05	21.69	29.13	0.00	0.00
GCC	6	29.28	20.40	22.49	27.83	0.01	0.00
GCC	7	28.43	21.29	21.40	28.88	0.00	0.00
GCC	8	28.72	21.53	21.53	28.23	0.00	0.00
GCC	9	27.76	21.86	21.30	29.08	0.00	0.00
GCC	10	28.55	21.49	21.46	28.50	0.00	0.00
GCC	11	28.68	21.36	21.89	28.07	0.00	0.00
GCC	12	28.61	21.56	21.47	28.35	0.00	0.00
GCC	13	28.71	21.39	21.29	28.61	0.00	0.00
GCC	14	28.57	21.45	21.56	28.42	0.00	0.00
GCC	15	28.53	21.55	21.46	28.45	0.00	0.00
GCC	16	28.63	21.41	21.32	28.64	0.00	0.00
GCC	17	28.42	21.53	21.61	28.44	0.00	0.00
GCC	18	28.43	21.66	21.51	28.40	0.00	0.00
GCC	19	28.48	21.54	21.38	28.59	0.00	0.00
GCC	20	28.32	21.60	21.70	28.38	0.00	0.00
GCC	21	28.37	21.70	21.58	28.34	0.00	0.00
GCC	22	28.50	21.57	21.44	28.48	0.00	0.00
GCC	23	28.29	21.66	21.81	28.24	0.00	0.00
GCC	24	28.27	21.77	21.72	28.24	0.00	0.00
GCC	25	28.39	21.65	21.56	28.40	0.00	0.00
GCC	26	28.22	21.73	21.84	28.22	0.00	0.00
GCC	27	28.26	21.81	21.75	28.18	0.00	0.00
GCC	28	28.37	21.68	21.61	28.34	0.00	0.00
GCC	29	28.20	21.74	21.88	28.19	0.00	0.00
GCC	30	28.20	21.86	21.75	28.19	0.00	0.00
GCC	31	28.32	21.75	21.57	28.36	0.00	0.00
GCC	32	28.19	21.78	21.89	28.14	0.00	0.00
GCC	33	28.26	21.84	21.82	28.08	0.00	0.00
GCC	34	28.42	21.69	21.66	28.23	0.00	0.00
GCC	35	28.26	21.75	21.89	28.09	0.00	0.00
GCC	36	28.28	21.83	21.78	28.11	0.00	0.00
GCC	37	28.39	21.69	21.63	28.29	0.00	0.00
GCC	38	28.22	21.76	21.89	28.13	0.00	0.00
GCC	39	28.25	21.85	21.78	28.13	0.00	0.00
GCC	40	28.36	21.73	21.64	28.27	0.00	0.00
GCC	41	28.21	21.78	21.90	28.11	0.00	0.00
GCC	42	28.23	21.86	21.79	28.12	0.00	0.00
GCC	43	28.35	21.73	21.63	28.29	0.00	0.00
GCC	44	28.23	21.76	21.90	28.11	0.00	0.00
GCC	45	28.27	21.82	21.79	28.13	0.00	0.00
GCC	46	28.37	21.70	21.64	28.29	0.00	0.00
GCC	47	28.23	21.76	21.89	28.12	0.00	0.00
GCC	48	28.26	21.84	21.79	28.12	0.00	0.00
GCC	49	28.36	21.74	21.63	28.27	0.00	0.00
GCC	50	28.22	21.77	21.92	28.09	0.00	0.00
GCC	51	28.23	21.86	21.81	28.10	0.00	0.00
GCC	52	28.35	21.74	21.64	28.27	0.00	0.00
GCC	53	28.20	21.79	21.89	28.11	0.00	0.00
GCC	54	28.25	21.84	21.80	28.11	0.00	0.00
GCC	55	28.35	21.72	21.65	28.28	0.00	0.00
GCC	56	28.23	21.77	21.89	28.11	0.00	0.00
GCC	57	28.25	21.84	21.79	28.12	0.00	0.00
GCC	58	28.36	21.72	21.65	28.28	0.00	0.00
GCC	59	28.21	21.79	21.90	28.10	0.00	0.00
GCC	60	28.25	21.86	21.79	28.10	0.00	0.00
GCC	61	28.35	21.74	21.65	28.25	0.00	0.00
GCC	62	28.20	21.79	21.91	28.10	0.00	0.00
GCC	63	28.23	21.86	21.81	28.10	0.00	0.00
GCC	64	28.38	21.73	21.64	28.26	0.00	0.00
GCC	65	28.23	21.78	21.89	28.09	0.00	0.00
GCC	66	28.25	21.85	21.79	28.11	0.00	0.00
GCC	67	28.36	21.72	21.64	28.28	0.00	0.00
GCC	68	28.23	21.77	21.89	28.11	0.00	0.00
GCC	69	28.25	21.84	21.80	28.12	0.00	0.00
GCC	70	28.35	21.72	21.65	28.28	0.00	0.00
GCC	71	28.21	21.78	21.90	28.10	0.00	0.00
GCC	72	28.24	21.85	21.81	28.09	0.00	0.00
GCC	73	28.36	21.74	21.64	28.26	0.00	0.00
GCC	74	28.22	21.76	21.91	28.11	0.00	0.00
GCC	75	28.24	21.85	21.80	28.11	0.00	0.00
GCC	76	28.36	21.73	21.63	28.27	0.00	0.00
GCC	77	28.22	21.77	21.89	28.12	0.00	0.00
GCC	78	28.25	21.83	21.80	28.13	0.00	0.00
GCC	79	28.36	21.73	21.65	28.26	0.00	0.00
GCC	80	28.22	21.78	21.90	28.10	0.00	0.00
GCC	81	28.25	21.84	21.80	28.12	0.00	0.00
GCC	82	28.36	21.72	21.64	28.29	0.00	0.00
GCC	83	28.23	21.78	21.88	28.12	0.00	0.00
GCC	84	28.26	21.85	21.79	28.11	0.00	0.00
GCC	85	28.36	21.73	21.63	28.28	0.00	0.00
GCC	86	28.21	21.76	21.89	28.13	0.00	0.00
GCC	87	28.25	21.84	21.78	28.12	0.00	0.00
GCC	88	28.38	21.72	21.63	28.27	0.00	0.00
GCC	89	28.23	21.77	21.88	28.13	0.00	0.00
GCC	90	28.26	21.84	21.79	28.11	0.00	0.00
GCC	91	28.37	21.72	21.64	28.27	0.00	0.00
GCC	92	28.22	21.77	21.89	28.11	0.00	0.00
GCC	93	28.26	21.84	21.78	28.12	0.00	0.00
GCC	94	28.36	21.73	21.63	28.27	0.00	0.00
GCC	95	28.23	21.77	21.88	28.12	0.00	0.00
GCC	96	28.27	21.83	21.78	28.12	0.00	0.00
GCC	97	28.38	21.72	21.63	28.27	0.00	0.00
GCC	98	28.24	21.77	21.88	28.11	0.00	0.00
GCC	99	28.27	21.83	21.78	28.12	0.00	0.00
GCC	100	28.37	21.72	21.64	28.27	0.00	0.00
GCC	101	28.23	21.77	21.88	28.13	0.00	0.00
GCC	102	28.26	21.84	21.78	28.13	0.00	0.00
GCC	103	28.37	21.72	21.63	28.28	0.00	0.00
GCC	104	28.24	21.76	21.87	28.13	0.00	0.00
GCC	105	28.29	21.83	21.77	28.11	0.00	0.00
GCC	106	28.38	21.71	21.64	28.28	0.00	0.00
GCC	107	28.25	21.77	21.87	28.11	0.00	0.00
GCC	108	28.27	21.83	21.77	28.13	0.00	0.00
GCC	109	28.37	21.72	21.63	28.28	0.00	0.00
GCC	110	28.24	21.77	21.88	28.12	0.00	0.00
GCC	111	28.28	21.83	21.78	28.11	0.00	0.00
GCC	112	28.38	21.71	21.64	28.27	0.00	0.00
GCC	113	28.24	21.77	21.88	28.12	0.00	0.00
GCC	114	28.28	21.82	21.78	28.12	0.00	0.00
GCC	115	28.38	21.72	21.61	28.29	0.00	0.00
GCC	116	28.25	21.75	21.86	28.14	0.00	0.00
GCC	117	28.28	21.82	21.78	28.12	0.00	0.00
GCC	118	28.39	21.71	21.63	28.27	0.00	0.00
GCC	119	28.24	21.78	21.87	28.11	0.00	0.00
GCC	120	28.28	21.82	21.78	28.12	0.00	0.00
GCC	121	28.38	21.73	21.63	28.26	0.00	0.00
GCC	122	28.25	21.77	21.87	28.12	0.00	0.00
GCC	123	28.29	21.82	21.78	28.11	0.00	0.00
GCC	124	28.39	21.71	21.63	28.27	0.00	0.00
GCC	125	28.26	21.76	21.86	28.12	0.00	0.00
GCC	126	28.29	21.82	21.77	28.12	0.00	0.00
GCC	127	28.39	21.71	21.62	28.28	0.00	0.00
GCC	128	28.25	21.75	21.86	28.14	0.00	0.00
GCC	129	28.30	21.81	21.77	28.12	0.00	0.00
GCC	130	28.38	21.73	21.63	28.26	0.00	0.00
GCC	131	28.25	21.77	21.86	28.12	0.00	0.00
GCC	132	28.28	21.82	21.78	28.12	0.00	0.00
GCC	133	28.39	21.71	21.64	28.26	0.00	0.00
GCC	134	28.27	21.76	21.85	28.11	0.00	0.00
GCC	135	28.29	21.82	21.76	28.13	0.00	0.00
GCC	136	28.39	21.71	21.63	28.27	0.00	0.00
GCC	137	28.27	21.75	21.85	28.13	0.00	0.00
GCC	138	28.30	21.80	21.77	28.13	0.00	0.00
GCC	139	28.40	21.70	21.62	28.27	0.00	0.00
GCC	140	28.26	21.77	21.86	28.11	0.00	0.00
GCC	141	28.29	21.81	21.78	28.11	0.00	0.00
GCC	142	28.39	21.72	21.65	28.23	0.00	0.00
GCC	143	28.27	21.79	21.89	28.05	0.00	0.00
GCC	144	28.31	21.85	21.80	28.05	0.00	0.00
GCC	145	28.40	21.73	21.66	28.20	0.00	0.00
GCC	146	28.27	21.77	21.88	28.08	0.00	0.00
GCC	147	28.25	21.86	21.78	28.11	0.00	0.00
GCC	148	28.07	21.86	21.69	28.39	0.00	0.00
GCC	149	27.17	22.28	21.87	28.68	0.00	0.00
GCC	150	24.42	23.57	21.77	30.24	0.00	0.00
GCC	151	0.03	32.60	24.63	42.73	0.00	0.00
# ACGT content per cycle, read oriented. Use `grep ^GCT | cut -f 2-` to extract this part. The columns are: cycle; A,C,G,T base counts as a percentage of all A/C/G/T bases [%]
GCT	1	27.23	21.21	18.95	32.61
GCT	2	32.44	19.28	22.68	25.60
GCT	3	28.65	23.07	18.46	29.82
GCT	4	30.09	22.21	19.59	28.11
GCT	5	28.13	21.05	21.69	29.14
GCT	6	29.28	20.39	22.49	27.83
GCT	7	28.43	21.29	21.40	28.89
GCT	8	28.72	21.52	21.53	28.23
GCT	9	27.76	21.86	21.30	29.08
GCT	10	28.55	21.49	21.46	28.50
GCT	11	28.68	21.36	21.89	28.07
GCT	12	28.61	21.56	21.47	28.35
GCT	13	28.71	21.39	21.29	28.61
GCT	14	28.57	21.45	21.56	28.42
GCT	15	28.53	21.55	21.47	28.45
GCT	16	28.63	21.40	21.33	28.64
GCT	17	28.42	21.53	21.61	28.44
GCT	18	28.43	21.66	21.51	28.40
GCT	19	28.48	21.54	21.39	28.59
GCT	20	28.32	21.60	21.70	28.38
GCT	21	28.37	21.70	21.59	28.34
GCT	22	28.50	21.57	21.44	28.48
GCT	23	28.29	21.66	21.81	28.24
GCT	24	28.27	21.77	21.72	28.24
GCT	25	28.38	21.65	21.57	28.40
GCT	26	28.22	21.73	21.84	28.22
GCT	27	28.26	21.81	21.75	28.18
GCT	28	28.37	21.67	21.61	28.34
GCT	29	28.20	21.73	21.88	28.19
GCT	30	28.20	21.85	21.75	28.19
GCT	31	28.32	21.75	21.57	28.36
GCT	32	28.19	21.78	21.89	28.14
GCT	33	28.26	21.84	21.82	28.08
GCT	34	28.42	21.69	21.66	28.23
GCT	35	28.26	21.75	21.89	28.09
GCT	36	28.28	21.83	21.78	28.11
GCT	37	28.39	21.69	21.63	28.29
GCT	38	28.22	21.76	21.90	28.13
GCT	39	28.25	21.85	21.78	28.13
GCT	40	28.36	21.72	21.64	28.27
GCT	41	28.21	21.78	21.90	28.11
GCT	42	28.23	21.86	21.79	28.12
GCT	43	28.35	21.73	21.63	28.29
GCT	44	28.22	21.76	21.90	28.11
GCT	45	28.26	21.82	21.79	28.13
GCT	46	28.37	21.70	21.64	28.29
GCT	47	28.23	21.76	21.90	28.12
GCT	48	28.25	21.84	21.79	28.12
GCT	49	28.35	21.74	21.63	28.27
GCT	50	28.21	21.77	21.92	28.09
GCT	51	28.23	21.86	21.82	28.10
GCT	52	28.35	21.74	21.64	28.27
GCT	53	28.20	21.79	21.89	28.11
GCT	54	28.25	21.84	21.80	28.11
GCT	55	28.35	21.72	21.65	28.28
GCT	56	28.23	21.77	21.90	28.11
GCT	57	28.25	21.84	21.79	28.12
GCT	58	28.36	21.71	21.65	28.28
GCT	59	28.21	21.78	21.91	28.10
GCT	60	28.25	21.86	21.80	28.10
GCT	61	28.35	21.74	21.66	28.26
GCT	62	28.20	21.79	21.92	28.10
GCT	63	28.23	21.86	21.81	28.10
GCT	64	28.37	21.72	21.64	28.26
GCT	65	28.23	21.78	21.89	28.09
GCT	66	28.25	21.85	21.79	28.11
GCT	67	28.36	21.72	21.64	28.28
GCT	68	28.23	21.77	21.89	28.11
GCT	69	28.25	21.84	21.80	28.11
GCT	70	28.35	21.72	21.65	28.28
GCT	71	28.21	21.78	21.90	28.10
GCT	72	28.24	21.85	21.81	28.09
GCT	73	28.36	21.74	21.64	28.26
GCT	74	28.22	21.76	21.91	28.11
GCT	75	28.24	21.85	21.80	28.11
GCT	76	28.36	21.73	21.64	28.27
GCT	77	28.22	21.77	21.89	28.12
GCT	78	28.25	21.83	21.80	28.13
GCT	79	28.36	21.73	21.65	28.27
GCT	80	28.22	21.77	21.90	28.10
GCT	81	28.25	21.83	21.80	28.12
GCT	82	28.36	21.71	21.64	28.29
GCT	83	28.23	21.77	21.88	28.12
GCT	84	28.26	21.85	21.79	28.11
GCT	85	28.35	21.73	21.63	28.28
GCT	86	28.21	21.76	21.89	28.13
GCT	87	28.25	21.84	21.79	28.12
GCT	88	28.38	21.71	21.64	28.27
GCT	89	28.23	21.76	21.88	28.13
GCT	90	28.26	21.84	21.79	28.11
GCT	91	28.37	21.72	21.64	28.27
GCT	92	28.22	21.77	21.89	28.12
GCT	93	28.26	21.84	21.79	28.12
GCT	94	28.36	21.73	21.64	28.27
GCT	95	28.23	21.77	21.88	28.12
GCT	96	28.27	21.83	21.78	28.12
GCT	97	28.38	21.72	21.64	28.27
GCT	98	28.24	21.77	21.88	28.11
GCT	99	28.27	21.83	21.78	28.12
GCT	100	28.37	21.72	21.64	28.27
GCT	101	28.23	21.77	21.88	28.13
GCT	102	28.26	21.84	21.78	28.13
GCT	103	28.37	21.72	21.63	28.28
GCT	104	28.24	21.76	21.87	28.13
GCT	105	28.29	21.83	21.77	28.12
GCT	106	28.38	21.70	21.64	28.28
GCT	107	28.25	21.77	21.88	28.11
GCT	108	28.27	21.83	21.77	28.13
GCT	109	28.37	21.72	21.63	28.28
GCT	110	28.24	21.77	21.88	28.12
GCT	111	28.28	21.83	21.79	28.11
GCT	112	28.38	21.71	21.64	28.27
GCT	113	28.24	21.76	21.88	28.12
GCT	114	28.28	21.82	21.78	28.12
GCT	115	28.38	21.71	21.62	28.29
GCT	116	28.25	21.75	21.87	28.14
GCT	117	28.28	21.82	21.78	28.12
GCT	118	28.39	21.71	21.63	28.27
GCT	119	28.24	21.78	21.87	28.11
GCT	120	28.28	21.82	21.78	28.12
GCT	121	28.38	21.73	21.64	28.26
GCT	122	28.25	21.77	21.87	28.12
GCT	123	28.29	21.82	21.78	28.11
GCT	124	28.39	21.71	21.63	28.27
GCT	125	28.26	21.76	21.86	28.12
GCT	126	28.29	21.81	21.77	28.13
GCT	127	28.39	21.71	21.62	28.28
GCT	128	28.25	21.75	21.86	28.14
GCT	129	28.30	21.81	21.78	28.12
GCT	130	28.38	21.73	21.63	28.26
GCT	131	28.25	21.77	21.86	28.12
GCT	132	28.28	21.82	21.78	28.12
GCT	133	28.39	21.71	21.64	28.26
GCT	134	28.27	21.76	21.85	28.11
GCT	135	28.29	21.82	21.76	28.13
GCT	136	28.39	21.71	21.63	28.27
GCT	137	28.27	21.75	21.85	28.13
GCT	138	28.30	21.79	21.78	28.13
GCT	139	28.40	21.70	21.63	28.27
GCT	140	28.26	21.76	21.86	28.11
GCT	141	28.29	21.81	21.79	28.11
GCT	142	28.39	21.72	21.65	28.23
GCT	143	28.27	21.79	21.89	28.05
GCT	144	28.31	21.84	21.80	28.05
GCT	145	28.40	21.73	21.66	28.20
GCT	146	28.27	21.77	21.88	28.08
GCT	147	28.25	21.86	21.78	28.11
GCT	148	28.07	21.86	21.69	28.39
GCT	149	27.17	22.27	21.87	28.69
GCT	150	24.42	23.57	21.77	30.24
GCT	151	0.00	32.61	24.63	42.76
# ACGT content per cycle for first fragments. Use `grep ^FBC | cut -f 2-` to extract this part. The columns are: cycle; A,C,G,T base counts as a percentage of all A/C/G/T bases [%]; and N and O counts as a percentage of all A/C/G/T bases [%]
FBC	1	27.43	21.29	18.79	32.49	0.01	0.00
FBC	2	32.69	19.33	22.31	25.67	0.00	0.00
FBC	3	28.90	23.10	18.24	29.75	0.00	0.00
FBC	4	30.30	22.24	19.39	28.07	0.00	0.00
FBC	5	28.40	21.12	21.41	29.06	0.00	0.00
FBC	6	29.30	20.41	22.48	27.82	0.01	0.00
FBC	7	28.45	21.31	21.40	28.84	0.00	0.00
FBC	8	28.71	21.56	21.50	28.23	0.00	0.00
FBC	9	27.75	21.89	21.28	29.08	0.00	0.00
FBC	10	28.54	21.52	21.45	28.50	0.00	0.00
FBC	11	28.67	21.38	21.88	28.06	0.00	0.00
FBC	12	28.60	21.59	21.48	28.33	0.00	0.00
FBC	13	28.71	21.41	21.29	28.59	0.00	0.00
FBC	14	28.57	21.46	21.55	28.42	0.00	0.00
FBC	15	28.53	21.57	21.47	28.44	0.00	0.00
FBC	16	28.62	21.43	21.32	28.63	0.00	0.00
FBC	17	28.43	21.54	21.59	28.44	0.00	0.00
FBC	18	28.41	21.69	21.52	28.39	0.00	0.00
FBC	19	28.48	21.56	21.37	28.59	0.00	0.00
FBC	20	28.31	21.61	21.69	28.40	0.00	0.00
FBC	21	28.35	21.71	21.59	28.35	0.00	0.00
FBC	22	28.50	21.58	21.44	28.48	0.00	0.00
FBC	23	28.29	21.66	21.80	28.26	0.00	0.00
FBC	24	28.25	21.78	21.72	28.25	0.00	0.00
FBC	25	28.39	21.66	21.56	28.39	0.00	0.00
FBC	26	28.21	21.73	21.82	28.23	0.00	0.00
FBC	27	28.25	21.83	21.75	28.17	0.00	0.00
FBC	28	28.36	21.70	21.61	28.33	0.00	0.00
FBC	29	28.19	21.74	21.87	28.20	0.00	0.00
FBC	30	28.19	21.87	21.74	28.20	0.00	0.00
FBC	31	28.31	21.75	21.56	28.38	0.00	0.00
FBC	32	28.18	21.80	21.87	28.15	0.00	0.00
FBC	33	28.24	21.86	21.81	28.08	0.00	0.00
FBC	34	28.40	21.71	21.65	28.24	0.00	0.00
FBC	35	28.24	21.76	21.89	28.11	0.00	0.00
FBC	36	28.26	21.86	21.78	28.11	0.00	0.00
FBC	37	28.39	21.71	21.61	28.29	0.00	0.00
FBC	38	28.21	21.76	21.89	28.14	0.00	0.00
FBC	39	28.22	21.87	21.77	28.14	0.00	0.00
FBC	40	28.35	21.74	21.64	28.27	0.00	0.00
FBC	41	28.19	21.78	21.89	28.13	0.00	0.00
FBC	42	28.21	21.87	21.79	28.13	0.00	0.00
FBC	43	28.35	21.74	21.62	28.30	0.00	0.00
FBC	44	28.21	21.78	21.88	28.13	0.00	0.00
FBC	45	28.23	21.83	21.79	28.15	0.00	0.00
FBC	46	28.36	21.71	21.63	28.30	0.00	0.00
FBC	47	28.21	21.77	21.88	28.14	0.00	0.00
FBC	48	28.24	21.86	21.78	28.12	0.00	0.00
FBC	49	28.34	21.75	21.62	28.28	0.00	0.00
FBC	50	28.20	21.79	21.91	28.10	0.00	0.00
FBC	51	28.21	21.88	21.82	28.09	0.00	0.00
FBC	52	28.33	21.76	21.64	28.27	0.00	0.00
FBC	53	28.20	21.80	21.88	28.13	0.00	0.00
FBC	54	28.23	21.85	21.80	28.12	0.00	0.00
FBC	55	28.34	21.74	21.64	28.29	0.00	0.00
FBC	56	28.21	21.78	21.88	28.12	0.00	0.00
FBC	57	28.23	21.86	21.78	28.13	0.00	0.00
FBC	58	28.35	21.74	21.63	28.28	0.00	0.00
FBC	59	28.19	21.79	21.89	28.13	0.00	0.00
FBC	60	28.22	21.88	21.79	28.11	0.00	0.00
FBC	61	28.34	21.76	21.65	28.26	0.00	0.00
FBC	62	28.19	21.80	21.91	28.11	0.00	0.00
FBC	63	28.21	21.88	21.81	28.10	0.00	0.00
FBC	64	28.36	21.74	21.63	28.27	0.00	0.00
FBC	65	28.22	21.80	21.87	28.11	0.00	0.00
FBC	66	28.23	21.86	21.79	28.13	0.00	0.00
FBC	67	28.34	21.74	21.64	28.28	0.00	0.00
FBC	68	28.22	21.78	21.87	28.13	0.00	0.00
FBC	69	28.23	21.85	21.80	28.13	0.00	0.00
FBC	70	28.35	21.73	21.63	28.29	0.00	0.00
FBC	71	28.19	21.81	21.88	28.12	0.00	0.00
FBC	72	28.22	21.87	21.81	28.10	0.00	0.00
FBC	73	28.34	21.77	21.63	28.27	0.00	0.00
FBC	74	28.20	21.78	21.90	28.12	0.00	0.00
FBC	75	28.22	21.87	21.80	28.12	0.00	0.00
FBC	76	28.35	21.73	21.62	28.29	0.00	0.00
FBC	77	28.20	21.78	21.89	28.14	0.00	0.00
FBC	78	28.21	21.85	21.79	28.14	0.00	0.00
FBC	79	28.35	21.74	21.63	28.27	0.00	0.00
FBC	80	28.21	21.79	21.88	28.12	0.00	0.00
FBC	81	28.22	21.85	21.79	28.13	0.00	0.00
FBC	82	28.35	21.74	21.63	28.29	0.00	0.00
FBC	83	28.21	21.79	21.86	28.13	0.00	0.00
FBC	84	28.24	21.86	21.79	28.11	0.00	0.00
FBC	85	28.34	21.75	21.63	28.28	0.00	0.00
FBC	86	28.20	21.78	21.88	28.15	0.00	0.00
FBC	87	28.23	21.85	21.80	28.12	0.00	0.00
FBC	88	28.37	21.73	21.62	28.28	0.00	0.00
FBC	89	28.22	21.77	21.86	28.14	0.00	0.00
FBC	90	28.24	21.86	21.78	28.12	0.00	0.00
FBC	91	28.36	21.73	21.63	28.28	0.00	0.00
FBC	92	28.21	21.77	21.88	28.14	0.00	0.00
FBC	93	28.24	21.86	21.79	28.12	0.00	0.00
FBC	94	28.34	21.74	21.63	28.28	0.00	0.00
FBC	95	28.21	21.77	21.87	28.15	0.00	0.00
FBC	96	28.25	21.84	21.78	28.13	0.00	0.00
FBC	97	28.36	21.73	21.63	28.28	0.00	0.00
FBC	98	28.23	21.78	21.86	28.12	0.00	0.00
FBC	99	28.24	21.84	21.79	28.12	0.00	0.00
FBC	100	28.36	21.74	21.62	28.28	0.00	0.00
FBC	101	28.21	21.78	21.87	28.14	0.00	0.00
FBC	102	28.23	21.86	21.78	28.13	0.00	0.00
FBC	103	28.36	21.73	21.62	28.29	0.00	0.00
FBC	104	28.23	21.78	21.85	28.14	0.00	0.00
FBC	105	28.27	21.85	21.76	28.12	0.00	0.00
FBC	106	28.36	21.71	21.63	28.29	0.00	0.00
FBC	107	28.24	21.78	21.87	28.11	0.00	0.00
FBC	108	28.24	21.85	21.77	28.14	0.00	0.00
FBC	109	28.37	21.74	21.61	28.28	0.00	0.00
FBC	110	28.23	21.78	21.86	28.13	0.00	0.00
FBC	111	28.26	21.85	21.77	28.12	0.00	0.00
FBC	112	28.38	21.72	21.63	28.27	0.00	0.00
FBC	113	28.22	21.78	21.85	28.14	0.00	0.00
FBC	114	28.25	21.84	21.77	28.13	0.00	0.00
FBC	115	28.36	21.73	21.61	28.30	0.00	0.00
FBC	116	28.23	21.76	21.85	28.16	0.00	0.00
FBC	117	28.26	21.83	21.78	28.13	0.00	0.00
FBC	118	28.37	21.73	21.62	28.28	0.00	0.00
FBC	119	28.23	21.80	21.85	28.13	0.00	0.00
FBC	120	28.26	21.84	21.78	28.13	0.00	0.00
FBC	121	28.36	21.75	21.62	28.27	0.00	0.00
FBC	122	28.24	21.78	21.85	28.13	0.00	0.00
FBC	123	28.27	21.84	21.77	28.13	0.00	0.00
FBC	124	28.39	21.72	21.60	28.29	0.00	0.00
FBC	125	28.25	21.77	21.84	28.13	0.00	0.00
FBC	126	28.27	21.84	21.76	28.13	0.00	0.00
FBC	127	28.37	21.74	21.61	28.28	0.00	0.00
FBC	128	28.24	21.77	21.83	28.15	0.00	0.00
FBC	129	28.27	21.83	21.77	28.13	0.00	0.00
FBC	130	28.37	21.75	21.61	28.28	0.00	0.00
FBC	131	28.25	21.78	21.84	28.13	0.00	0.00
FBC	132	28.26	21.84	21.76	28.14	0.00	0.00
FBC	133	28.37	21.73	21.62	28.27	0.00	0.00
FBC	134	28.27	21.78	21.82	28.13	0.00	0.00
FBC	135	28.27	21.83	21.75	28.15	0.00	0.00
FBC	136	28.38	21.72	21.62	28.28	0.00	0.00
FBC	137	28.25	21.77	21.83	28.14	0.00	0.00
FBC	138	28.27	21.82	21.77	28.14	0.00	0.00
FBC	139	28.38	21.72	21.61	28.29	0.00	0.00
FBC	140	28.24	21.79	21.84	28.13	0.00	0.00
FBC	141	28.27	21.83	21.78	28.13	0.00	0.00
FBC	142	28.38	21.75	21.63	28.24	0.00	0.00
FBC	143	28.25	21.80	21.87	28.08	0.00	0.00
FBC	144	28.28	21.87	21.78	28.06	0.00	0.00
FBC	145	28.39	21.75	21.64	28.22	0.00	0.00
FBC	146	28.26	21.79	21.85	28.10	0.00	0.00
FBC	147	28.23	21.87	21.77	28.13	0.00	0.00
FBC	148	28.05	21.88	21.67	28.40	0.00	0.00
FBC	149	27.15	22.29	21.85	28.71	0.00	0.00
FBC	150	24.42	23.60	21.74	30.24	0.00	0.00
FBC	151	0.03	32.78	24.56	42.63	0.00	0.00
# ACGT raw counters for first fragments. Use `grep ^FTC | cut -f 2-` to extract this part. The columns are: A,C,G,T,N base counters
FTC	1440488168	1114144325	1108236027	1447142750	7710
# ACGT content per cycle for last fragments. Use `grep ^LBC | cut -f 2-` to extract this part. The columns are: cycle; A,C,G,T base counts as a percentage of all A/C/G/T bases [%]; and N and O counts as a percentage of all A/C/G/T bases [%]
LBC	1	27.04	21.13	19.11	32.72	0.01	0.00
LBC	2	32.15	19.25	23.04	25.56	0.01	0.00
LBC	3	28.40	23.03	18.68	29.89	0.00	0.00
LBC	4	29.87	22.18	19.79	28.16	0.00	0.00
LBC	5	27.86	20.98	21.96	29.20	0.00	0.00
LBC	6	29.26	20.39	22.50	27.85	0.00	0.00
LBC	7	28.41	21.28	21.39	28.92	0.00	0.00
LBC	8	28.73	21.49	21.56	28.23	0.00	0.00
LBC	9	27.77	21.83	21.31	29.09	0.00	0.00
LBC	10	28.56	21.47	21.47	28.51	0.00	0.00
LBC	11	28.68	21.34	21.90	28.08	0.00	0.00
LBC	12	28.63	21.53	21.47	28.38	0.00	0.00
LBC	13	28.72	21.37	21.29	28.62	0.00	0.00
LBC	14	28.57	21.45	21.57	28.41	0.00	0.00
LBC	15	28.54	21.53	21.46	28.46	0.00	0.00
LBC	16	28.64	21.38	21.33	28.65	0.00	0.00
LBC	17	28.42	21.52	21.62	28.44	0.00	0.00
LBC	18	28.45	21.63	21.50	28.42	0.00	0.00
LBC	19	28.48	21.53	21.40	28.59	0.00	0.00
LBC	20	28.33	21.60	21.71	28.36	0.00	0.00
LBC	21	28.39	21.69	21.58	28.33	0.00	0.00
LBC	22	28.51	21.57	21.45	28.48	0.00	0.00
LBC	23	28.30	21.66	21.82	28.22	0.00	0.00
LBC	24	28.30	21.76	21.71	28.23	0.00	0.00
LBC	25	28.38	21.64	21.57	28.41	0.00	0.00
LBC	26	28.22	21.72	21.85	28.20	0.00	0.00
LBC	27	28.27	21.79	21.75	28.19	0.00	0.00
LBC	28	28.39	21.65	21.61	28.35	0.00	0.00
LBC	29	28.21	21.73	21.89	28.17	0.00	0.00
LBC	30	28.22	21.84	21.76	28.18	0.00	0.00
LBC	31	28.33	21.74	21.59	28.35	0.00	0.00
LBC	32	28.19	21.77	21.91	28.13	0.00	0.00
LBC	33	28.28	21.82	21.83	28.07	0.00	0.00
LBC	34	28.43	21.68	21.67	28.22	0.00	0.00
LBC	35	28.28	21.74	21.89	28.08	0.00	0.00
LBC	36	28.31	21.81	21.78	28.11	0.00	0.00
LBC	37	28.40	21.68	21.64	28.29	0.00	0.00
LBC	38	28.24	21.76	21.90	28.11	0.00	0.00
LBC	39	28.27	21.83	21.78	28.12	0.00	0.00
LBC	40	28.38	21.71	21.64	28.28	0.00	0.00
LBC	41	28.22	21.78	21.91	28.09	0.00	0.00
LBC	42	28.25	21.85	21.80	28.10	0.00	0.00
LBC	43	28.36	21.72	21.64	28.28	0.00	0.00
LBC	44	28.24	21.75	21.92	28.10	0.00	0.00
LBC	45	28.30	21.80	21.79	28.11	0.00	0.00
LBC	46	28.38	21.69	21.65	28.28	0.00	0.00
LBC	47	28.25	21.74	21.91	28.10	0.00	0.00
LBC	48	28.27	21.82	21.79	28.12	0.00	0.00
LBC	49	28.37	21.73	21.64	28.26	0.00	0.00
LBC	50	28.23	21.75	21.93	28.09	0.00	0.00
LBC	51	28.25	21.84	21.81	28.10	0.00	0.00
LBC	52	28.36	21.73	21.64	28.27	0.00	0.00
LBC	53	28.21	21.79	21.90	28.10	0.00	0.00
LBC	54	28.27	21.83	21.80	28.10	0.00	0.00
LBC	55	28.36	21.71	21.66	28.27	0.00	0.00
LBC	56	28.24	21.77	21.90	28.09	0.00	0.00
LBC	57	28.26	21.83	21.80	28.11	0.00	0.00
LBC	58	28.38	21.69	21.66	28.27	0.00	0.00
LBC	59	28.22	21.79	21.92	28.08	0.00	0.00
LBC	60	28.28	21.84	21.80	28.08	0.00	0.00
LBC	61	28.37	21.72	21.66	28.25	0.00	0.00
LBC	62	28.20	21.79	21.92	28.09	0.00	0.00
LBC	63	28.26	21.85	21.81	28.09	0.00	0.00
LBC	64	28.39	21.71	21.65	28.25	0.00	0.00
LBC	65	28.25	21.77	21.91	28.07	0.00	0.00
LBC	66	28.27	21.84	21.79	28.09	0.00	0.00
LBC	67	28.38	21.71	21.64	28.27	0.00	0.00
LBC	68	28.24	21.77	21.91	28.08	0.00	0.00
LBC	69	28.27	21.83	21.80	28.10	0.00	0.00
LBC	70	28.35	21.71	21.67	28.27	0.00	0.00
LBC	71	28.23	21.76	21.92	28.09	0.00	0.00
LBC	72	28.26	21.84	21.82	28.08	0.00	0.00
LBC	73	28.38	21.71	21.65	28.25	0.00	0.00
LBC	74	28.23	21.74	21.93	28.10	0.00	0.00
LBC	75	28.26	21.84	21.80	28.11	0.00	0.00
LBC	76	28.37	21.72	21.65	28.25	0.00	0.00
LBC	77	28.24	21.76	21.90	28.10	0.00	0.00
LBC	78	28.28	21.80	21.80	28.12	0.00	0.00
LBC	79	28.37	21.71	21.66	28.26	0.00	0.00
LBC	80	28.23	21.77	21.92	28.08	0.00	0.00
LBC	81	28.28	21.82	21.80	28.10	0.00	0.00
LBC	82	28.37	21.69	21.65	28.28	0.00	0.00
LBC	83	28.24	21.76	21.90	28.10	0.00	0.00
LBC	84	28.28	21.84	21.78	28.10	0.00	0.00
LBC	85	28.37	21.72	21.64	28.27	0.00	0.00
LBC	86	28.23	21.75	21.90	28.11	0.00	0.00
LBC	87	28.27	21.83	21.77	28.12	0.00	0.00
LBC	88	28.39	21.70	21.65	28.26	0.00	0.00
LBC	89	28.24	21.76	21.90	28.11	0.00	0.00
LBC	90	28.29	21.82	21.80	28.09	0.00	0.00
LBC	91	28.37	21.71	21.66	28.26	0.00	0.00
LBC	92	28.24	21.77	21.90	28.09	0.00	0.00
LBC	93	28.28	21.82	21.78	28.11	0.00	0.00
LBC	94	28.37	21.72	21.64	28.26	0.00	0.00
LBC	95	28.25	21.77	21.89	28.10	0.00	0.00
LBC	96	28.29	21.82	21.78	28.11	0.00	0.00
LBC	97	28.40	21.70	21.64	28.26	0.00	0.00
LBC	98	28.24	21.76	21.90	28.10	0.00	0.00
LBC	99	28.29	21.81	21.77	28.12	0.00	0.00
LBC	100	28.38	21.70	21.66	28.26	0.00	0.00
LBC	101	28.24	21.76	21.89	28.11	0.00	0.00
LBC	102	28.29	21.82	21.77	28.12	0.00	0.00
LBC	103	28.38	21.71	21.64	28.27	0.00	0.00
LBC	104	28.26	21.74	21.89	28.11	0.00	0.00
LBC	105	28.31	21.81	21.78	28.11	0.00	0.00
LBC	106	28.39	21.70	21.65	28.26	0.00	0.00
LBC	107	28.26	21.76	21.88	28.11	0.00	0.00
LBC	108	28.29	21.81	21.78	28.12	0.00	0.00
LBC	109	28.37	21.71	21.65	28.27	0.00	0.00
LBC	110	28.24	21.76	21.89	28.11	0.00	0.00
LBC	111	28.30	21.81	21.79	28.10	0.00	0.00
LBC	112	28.39	21.70	21.65	28.26	0.00	0.00
LBC	113	28.25	21.75	21.90	28.10	0.00	0.00
LBC	114	28.30	21.80	21.78	28.11	0.00	0.00
LBC	115	28.40	21.70	21.62	28.28	0.00	0.00
LBC	116	28.27	21.74	21.88	28.11	0.00	0.00
LBC	117	28.30	21.81	21.77	28.12	0.00	0.00
LBC	118	28.41	21.69	21.64	28.27	0.00	0.00
LBC	119	28.26	21.76	21.89	28.09	0.00	0.00
LBC	120	28.30	21.81	21.78	28.11	0.00	0.00
LBC	121	28.40	21.71	21.65	28.24	0.00	0.00
LBC	122	28.25	21.76	21.89	28.10	0.00	0.00
LBC	123	28.31	21.81	21.78	28.10	0.00	0.00
LBC	124	28.40	21.69	21.65	28.26	0.00	0.00
LBC	125	28.26	21.75	21.88	28.11	0.00	0.00
LBC	126	28.31	21.80	21.78	28.12	0.00	0.00
LBC	127	28.41	21.68	21.64	28.27	0.00	0.00
LBC	128	28.27	21.73	21.88	28.12	0.00	0.00
LBC	129	28.33	21.80	21.77	28.10	0.00	0.00
LBC	130	28.40	21.71	21.64	28.25	0.00	0.00
LBC	131	28.26	21.76	21.87	28.10	0.00	0.00
LBC	132	28.30	21.80	21.80	28.10	0.00	0.00
LBC	133	28.41	21.69	21.66	28.25	0.00	0.00
LBC	134	28.28	21.75	21.88	28.10	0.00	0.00
LBC	135	28.31	21.81	21.77	28.11	0.00	0.00
LBC	136	28.41	21.70	21.64	28.25	0.00	0.00
LBC	137	28.28	21.73	21.87	28.12	0.00	0.00
LBC	138	28.33	21.77	21.78	28.12	0.00	0.00
LBC	139	28.43	21.69	21.64	28.25	0.00	0.00
LBC	140	28.28	21.74	21.88	28.10	0.00	0.00
LBC	141	28.32	21.80	21.79	28.10	0.00	0.00
LBC	142	28.40	21.70	21.68	28.22	0.00	0.00
LBC	143	28.28	21.78	21.91	28.03	0.00	0.00
LBC	144	28.33	21.82	21.82	28.03	0.00	0.00
LBC	145	28.42	21.71	21.68	28.19	0.00	0.00
LBC	146	28.27	21.76	21.90	28.06	0.00	0.00
LBC	147	28.27	21.85	21.79	28.09	0.00	0.00
LBC	148	28.08	21.83	21.71	28.38	0.00	0.00
LBC	149	27.19	22.26	21.89	28.66	0.00	0.00
LBC	150	24.43	23.54	21.80	30.23	0.00	0.00
LBC	151	0.03	32.43	24.71	42.82	0.00	0.00
# ACGT raw counters for last fragments. Use `grep ^LTC | cut -f 2-` to extract this part. The columns are: A,C,G,T,N base counters
LTC	1441051205	1112402205	1110024813	1446399649	17392
# Insert sizes. Use `grep ^IS | cut -f 2-` to extract this part. The columns are: insert size, pairs total, inward oriented pairs, outward oriented pairs, other pairs
IS	0	50	20	19	11
IS	1	0	0	0	0
IS	2	0	0	0	0
IS	3	0	0	0	0
IS	4	0	0	0	0
IS	5	0	0	0	0
IS	6	0	0	0	0
IS	7	0	0	0	0
IS	8	0	0	0	0
IS	9	0	0	0	0
IS	10	0	0	0	0
IS	11	0	0	0	0
IS	12	0	0	0	0
IS	13	0	0	0	0
IS	14	0	0	0	0
IS	15	0	0	0	0
IS	16	0	0	0	0
IS	17	0	0	0	0
IS	18	0	0	0	0
IS	19	0	0	0	0
IS	20	0	0	0	0
IS	21	0	0	0	0
IS	22	0	0	0	0
IS	23	0	0	0	0
IS	24	0	0	0	0
IS	25	0	0	0	0
IS	26	0	0	0	0
IS	27	0	0	0	0
IS	28	0	0	0	0
IS	29	0	0	0	0
IS	30	0	0	0	0
IS	31	0	0	0	0
IS	32	0	0	0	0
IS	33	0	0	0	0
IS	34	0	0	0	0
IS	35	0	0	0	0
IS	36	0	0	0	0
IS	37	0	0	0	0
IS	38	0	0	0	0
IS	39	0	0	0	0
IS	40	0	0	0	0
IS	41	0	0	0	0
IS	42	0	0	0	0
IS	43	0	0	0	0
IS	44	0	0	0	0
IS	45	0	0	0	0
IS	46	0	0	0	0
IS	47	0	0	0	0
IS	48	0	0	0	0
IS	49	0	0	0	0
IS	50	0	0	0	0
IS	51	0	0	0	0
IS	52	0	0	0	0
IS	53	0	0	0	0
IS	54	0	0	0	0
IS	55	0	0	0	0
IS	56	0	0	0	0
IS	57	0	0	0	0
IS	58	0	0	0	0
IS	59	1	1	0	0
IS	60	6	3	3	0
IS	61	8	7	1	0
IS	62	5	4	1	0
IS	63	7	5	2	0
IS	64	5	4	1	0
IS	65	4	0	4	0
IS	66	6	5	1	0
IS	67	7	5	2	0
IS	68	6	5	1	0
IS	69	7	5	2	0
IS	70	7	2	5	0
IS	71	7	4	3	0
IS	72	5	2	3	0
IS	73	2	1	1	0
IS	74	5	2	3	0
IS	75	3	0	3	0
IS	76	5	4	1	0
IS	77	9	5	4	0
IS	78	8	6	2	0
IS	79	10	6	4	0
IS	80	20	7	13	0
IS	81	16	10	6	0
IS	82	9	4	5	0
IS	83	9	0	9	0
IS	84	5	2	3	0
IS	85	7	3	4	0
IS	86	4	3	1	0
IS	87	4	1	3	0
IS	88	4	1	3	0
IS	89	7	4	3	0
IS	90	12	8	4	0
IS	91	17	9	8	0
IS	92	6	2	4	0
IS	93	8	5	3	0
IS	94	7	3	4	0
IS	95	4	1	3	0
IS	96	7	4	3	0
IS	97	6	1	5	0
IS	98	18	6	12	0
IS	99	18	9	9	0
IS	100	17	9	8	0
IS	101	20	10	10	0
IS	102	10	6	4	0
IS	103	9	5	4	0
IS	104	14	8	6	0
IS	105	14	5	9	0
IS	106	13	7	6	0
IS	107	8	3	5	0
IS	108	9	5	4	0
IS	109	15	8	7	0
IS	110	21	10	11	0
IS	111	27	20	7	0
IS	112	18	9	9	0
IS	113	16	10	6	0
IS	114	18	9	9	0
IS	115	13	5	8	0
IS	116	17	8	9	0
IS	117	19	14	5	0
IS	118	15	6	9	0
IS	119	22	11	11	0
IS	120	25	13	12	0
IS	121	20	8	12	0
IS	122	24	13	11	0
IS	123	24	7	17	0
IS	124	15	7	8	0
IS	125	17	5	12	0
IS	126	17	8	9	0
IS	127	9	5	4	0
IS	128	15	8	7	0
IS	129	19	11	8	0
IS	130	19	8	11	0
IS	131	30	20	10	0
IS	132	19	10	9	0
IS	133	25	12	13	0
IS	134	13	3	10	0
IS	135	24	12	12	0
IS	136	19	8	11	0
IS	137	22	6	16	0
IS	138	20	9	11	0
IS	139	23	11	12	0
IS	140	36	16	20	0
IS	141	30	14	16	0
IS	142	36	15	21	0
IS	143	30	10	20	0
IS	144	22	13	9	0
IS	145	21	14	7	0
IS	146	31	14	17	0
IS	147	13	8	5	0
IS	148	35	14	21	0
IS	149	19	13	6	0
IS	150	29	18	11	0
IS	151	31	21	10	0
IS	152	24	24	0	0
IS	153	21	21	0	0
IS	154	28	28	0	0
IS	155	28	27	1	0
IS	156	27	27	0	0
IS	157	26	26	0	0
IS	158	25	25	0	0
IS	159	19	19	0	0
IS	160	33	33	0	0
IS	161	32	32	0	0
IS	162	34	34	0	0
IS	163	26	26	0	0
IS	164	33	33	0	0
IS	165	39	39	0	0
IS	166	22	22	0	0
IS	167	27	27	0	0
IS	168	36	36	0	0
IS	169	29	29	0	0
IS	170	32	32	0	0
IS	171	27	27	0	0
IS	172	33	33	0	0
IS	173	27	27	0	0
IS	174	27	27	0	0
IS	175	27	27	0	0
IS	176	33	33	0	0
IS	177	31	31	0	0
IS	178	34	34	0	0
IS	179	28	28	0	0
IS	180	27	27	0	0
IS	181	28	28	0	0
IS	182	22	22	0	0
IS	183	30	30	0	0
IS	184	28	28	0	0
IS	185	20	20	0	0
IS	186	22	22	0	0
IS	187	24	24	0	0
IS	188	28	28	0	0
IS	189	30	30	0	0
IS	190	25	25	0	0
IS	191	31	31	0	0
IS	192	24	24	0	0
IS	193	27	27	0	0
IS	194	16	16	0	0
IS	195	21	21	0	0
IS	196	20	20	0	0
IS	197	20	20	0	0
IS	198	19	19	0	0
IS	199	27	26	1	0
IS	200	28	28	0	0
IS	201	29	29	0	0
IS	202	15	15	0	0
IS	203	16	16	0	0
IS	204	17	17	0	0
IS	205	26	26	0	0
IS	206	21	21	0	0
IS	207	17	17	0	0
IS	208	18	18	0	0
IS	209	23	23	0	0
IS	210	28	28	0	0
IS	211	18	18	0	0
IS	212	26	26	0	0
IS	213	19	19	0	0
IS	214	15	15	0	0
IS	215	14	14	0	0
IS	216	23	23	0	0
IS	217	16	16	0	0
IS	218	17	17	0	0
IS	219	16	16	0	0
IS	220	25	25	0	0
IS	221	19	19	0	0
IS	222	20	20	0	0
IS	223	29	29	0	0
IS	224	18	18	0	0
IS	225	19	19	0	0
IS	226	8	8	0	0
IS	227	20	20	0	0
IS	228	18	18	0	0
IS	229	19	19	0	0
IS	230	14	14	0	0
IS	231	19	19	0	0
IS	232	17	17	0	0
IS	233	14	14	0	0
IS	234	17	17	0	0
IS	235	13	13	0	0
IS	236	12	12	0	0
IS	237	18	18	0	0
IS	238	14	14	0	0
IS	239	13	13	0	0
IS	240	18	18	0	0
IS	241	11	11	0	0
IS	242	10	10	0	0
IS	243	9	9	0	0
IS	244	18	16	0	2
IS	245	22	22	0	0
IS	246	7	7	0	0
IS	247	14	14	0	0
IS	248	9	9	0	0
IS	249	7	7	0	0
IS	250	13	13	0	0
IS	251	13	13	0	0
IS	252	13	13	0	0
IS	253	13	13	0	0
IS	254	11	11	0	0
IS	255	14	14	0	0
IS	256	22	22	0	0
IS	257	8	8	0	0
IS	258	14	14	0	0
IS	259	17	17	0	0
IS	260	10	10	0	0
IS	261	8	8	0	0
IS	262	12	12	0	0
IS	263	12	12	0	0
IS	264	13	13	0	0
IS	265	7	7	0	0
IS	266	9	9	0	0
IS	267	14	14	0	0
IS	268	7	7	0	0
IS	269	13	13	0	0
IS	270	11	11	0	0
IS	271	6	6	0	0
IS	272	17	17	0	0
IS	273	12	11	0	1
IS	274	8	8	0	0
IS	275	8	8	0	0
IS	276	10	10	0	0
IS	277	15	12	2	1
IS	278	7	7	0	0
IS	279	9	8	0	1
IS	280	12	12	0	0
IS	281	16	14	0	2
IS	282	13	13	0	0
IS	283	9	9	0	0
IS	284	6	6	0	0
IS	285	9	9	0	0
IS	286	5	4	0	1
IS	287	11	10	0	1
IS	288	9	9	0	0
IS	289	14	13	1	0
IS	290	15	14	0	1
IS	291	7	7	0	0
IS	292	8	8	0	0
IS	293	15	12	2	1
IS	294	10	10	0	0
IS	295	13	13	0	0
IS	296	14	11	2	1
IS	297	13	13	0	0
IS	298	10	10	0	0
IS	299	13	13	0	0
IS	300	17	17	0	0
IS	301	9	9	0	0
IS	302	9	9	0	0
IS	303	14	14	0	0
IS	304	14	14	0	0
IS	305	13	13	0	0
IS	306	11	9	0	2
IS	307	20	18	0	2
IS	308	10	10	0	0
IS	309	11	10	0	1
IS	310	18	18	0	0
IS	311	19	19	0	0
IS	312	13	12	0	1
IS	313	9	9	0	0
IS	314	16	16	0	0
IS	315	15	15	0	0
IS	316	9	9	0	0
IS	317	10	10	0	0
IS	318	20	20	0	0
IS	319	15	15	0	0
IS	320	18	16	0	2
IS	321	12	12	0	0
IS	322	17	17	0	0
IS	323	16	16	0	0
IS	324	21	21	0	0
IS	325	27	27	0	0
IS	326	23	23	0	0
IS	327	24	24	0	0
IS	328	29	29	0	0
IS	329	29	28	0	1
IS	330	45	43	0	2
IS	331	23	23	0	0
IS	332	41	39	0	2
IS	333	33	33	0	0
IS	334	40	40	0	0
IS	335	36	36	0	0
IS	336	43	43	0	0
IS	337	31	31	0	0
IS	338	61	61	0	0
IS	339	48	48	0	0
IS	340	63	62	0	1
IS	341	75	73	0	2
IS	342	65	65	0	0
IS	343	94	94	0	0
IS	344	113	113	0	0
IS	345	127	127	0	0
IS	346	128	128	0	0
IS	347	134	134	0	0
IS	348	155	155	0	0
IS	349	185	185	0	0
IS	350	221	221	0	0
IS	351	230	230	0	0
IS	352	230	230	0	0
IS	353	278	278	0	0
IS	354	316	316	0	0
IS	355	322	322	0	0
IS	356	368	368	0	0
IS	357	397	397	0	0
IS	358	481	480	0	1
IS	359	490	490	0	0
IS	360	632	632	0	0
IS	361	695	695	0	0
IS	362	797	797	0	0
IS	363	801	801	0	0
IS	364	856	856	0	0
IS	365	977	977	0	0
IS	366	1035	1034	0	1
IS	367	1083	1083	0	0
IS	368	1200	1200	0	0
IS	369	1270	1270	0	0
IS	370	1354	1354	0	0
IS	371	1517	1517	0	0
IS	372	1516	1515	0	1
IS	373	1619	1619	0	0
IS	374	1687	1687	0	0
IS	375	1663	1663	0	0
IS	376	1705	1705	0	0
IS	377	1707	1707	0	0
IS	378	1677	1677	0	0
IS	379	1686	1686	0	0
IS	380	1639	1639	0	0
IS	381	1583	1583	0	0
IS	382	1539	1539	0	0
IS	383	1546	1546	0	0
IS	384	1489	1489	0	0
IS	385	1338	1337	0	1
IS	386	1321	1321	0	0
IS	387	1158	1158	0	0
IS	388	1032	1032	0	0
IS	389	921	921	0	0
IS	390	874	874	0	0
IS	391	748	748	0	0
IS	392	675	675	0	0
IS	393	606	605	0	1
IS	394	498	498	0	0
IS	395	434	434	0	0
IS	396	322	322	0	0
IS	397	310	310	0	0
IS	398	238	238	0	0
IS	399	233	232	0	1
IS	400	200	200	0	0
IS	401	152	152	0	0
IS	402	102	102	0	0
# Read lengths. Use `grep ^RL | cut -f 2-` to extract this part. The columns are: read length, count
RL	60	455
RL	61	523
RL	62	483
RL	63	601
RL	64	572
RL	65	548
RL	66	704
RL	67	656
RL	68	686
RL	69	799
RL	70	777
RL	71	915
RL	72	961
RL	73	952
RL	74	994
RL	75	1046
RL	76	1119
RL	77	1185
RL	78	1141
RL	79	1294
RL	80	1335
RL	81	1378
RL	82	1352
RL	83	1459
RL	84	1535
RL	85	1616
RL	86	1489
RL	87	1569
RL	88	1545
RL	89	1453
RL	90	1645
RL	91	1496
RL	92	1392
RL	93	1521
RL	94	1429
RL	95	1434
RL	96	1453
RL	97	1497
RL	98	1500
RL	99	1377
RL	100	1389
RL	101	1515
RL	102	1461
RL	103	1466
RL	104	1489
RL	105	1601
RL	106	1509
RL	107	1500
RL	108	1594
RL	109	1576
RL	110	1716
RL	111	1732
RL	112	1736
RL	113	1850
RL	114	1887
RL	115	1838
RL	116	2065
RL	117	2099
RL	118	2070
RL	119	2046
RL	120	2190
RL	121	2218
RL	122	2147
RL	123	2407
RL	124	2484
RL	125	2495
RL	126	2668
RL	127	2590
RL	128	2717
RL	129	2810
RL	130	2836
RL	131	3015
RL	132	3005
RL	133	3142
RL	134	3270
RL	135	3570
RL	136	3998
RL	137	4624
RL	138	6979
RL	139	12098
RL	140	23182
RL	141	46863
RL	142	47295
RL	143	6728
RL	144	7227
RL	145	20789
RL	146	58364
RL	147	339082
RL	148	1112827
RL	149	3538625
RL	150	18274018
RL	151	44304172
# Read lengths - first fragments. Use `grep ^FRL | cut -f 2-` to extract this part. The columns are: read length, count
FRL	60	228
FRL	61	262
FRL	62	234
FRL	63	297
FRL	64	277
FRL	65	268
FRL	66	346
FRL	67	323
FRL	68	341
FRL	69	394
FRL	70	382
FRL	71	450
FRL	72	477
FRL	73	468
FRL	74	489
FRL	75	513
FRL	76	551
FRL	77	578
FRL	78	557
FRL	79	634
FRL	80	656
FRL	81	666
FRL	82	662
FRL	83	713
FRL	84	746
FRL	85	790
FRL	86	723
FRL	87	765
FRL	88	766
FRL	89	701
FRL	90	802
FRL	91	732
FRL	92	678
FRL	93	742
FRL	94	697
FRL	95	702
FRL	96	709
FRL	97	739
FRL	98	731
FRL	99	670
FRL	100	687
FRL	101	742
FRL	102	719
FRL	103	719
FRL	104	738
FRL	105	788
FRL	106	739
FRL	107	744
FRL	108	786
FRL	109	773
FRL	110	853
FRL	111	854
FRL	112	854
FRL	113	916
FRL	114	933
FRL	115	905
FRL	116	1025
FRL	117	1038
FRL	118	1020
FRL	119	1015
FRL	120	1087
FRL	121	1097
FRL	122	1058
FRL	123	1198
FRL	124	1228
FRL	125	1231
FRL	126	1321
FRL	127	1293
FRL	128	1345
FRL	129	1394
FRL	130	1397
FRL	131	1501
FRL	132	1488
FRL	133	1565
FRL	134	1623
FRL	135	1781
FRL	136	1995
FRL	137	2301
FRL	138	3469
FRL	139	6045
FRL	140	11525
FRL	141	23279
FRL	142	23298
FRL	143	3283
FRL	144	3524
FRL	145	10303
FRL	146	29088
FRL	147	169629
FRL	148	556676
FRL	149	1763830
FRL	150	9138742
FRL	151	22157329
# Read lengths - last fragments. Use `grep ^LRL | cut -f 2-` to extract this part. The columns are: read length, count
LRL	60	227
LRL	61	261
LRL	62	249
LRL	63	304
LRL	64	295
LRL	65	280
LRL	66	358
LRL	67	333
LRL	68	345
LRL	69	405
LRL	70	395
LRL	71	465
LRL	72	484
LRL	73	484
LRL	74	505
LRL	75	533
LRL	76	568
LRL	77	607
LRL	78	584
LRL	79	660
LRL	80	679
LRL	81	712
LRL	82	690
LRL	83	746
LRL	84	789
LRL	85	826
LRL	86	766
LRL	87	804
LRL	88	779
LRL	89	752
LRL	90	843
LRL	91	764
LRL	92	714
LRL	93	779
LRL	94	732
LRL	95	732
LRL	96	744
LRL	97	758
LRL	98	769
LRL	99	707
LRL	100	702
LRL	101	773
LRL	102	742
LRL	103	747
LRL	104	751
LRL	105	813
LRL	106	770
LRL	107	756
LRL	108	808
LRL	109	803
LRL	110	863
LRL	111	878
LRL	112	882
LRL	113	934
LRL	114	954
LRL	115	933
LRL	116	1040
LRL	117	1061
LRL	118	1050
LRL	119	1031
LRL	120	1103
LRL	121	1121
LRL	122	1089
LRL	123	1209
LRL	124	1256
LRL	125	1264
LRL	126	1347
LRL	127	1297
LRL	128	1372
LRL	129	1416
LRL	130	1439
LRL	131	1514
LRL	132	1517
LRL	133	1577
LRL	134	1647
LRL	135	1789
LRL	136	2003
LRL	137	2323
LRL	138	3510
LRL	139	6053
LRL	140	11657
LRL	141	23584
LRL	142	23997
LRL	143	3445
LRL	144	3703
LRL	145	10486
LRL	146	29276
LRL	147	169453
LRL	148	556151
LRL	149	1774795
LRL	150	9135276
LRL	151	22146843
# Mapping qualities for reads !(UNMAP|SECOND|SUPPL|QCFAIL|DUP). Use `grep ^MAPQ | cut -f 2-` to extract this part. The columns are: mapq, count
MAPQ	0	994
MAPQ	1	7120
MAPQ	2	577
MAPQ	3	162
MAPQ	4	22
MAPQ	5	4
MAPQ	6	4511
MAPQ	7	399
MAPQ	8	245
MAPQ	11	152
MAPQ	12	1608
MAPQ	14	72
MAPQ	15	147
MAPQ	16	49
MAPQ	17	953
MAPQ	18	899
MAPQ	21	866
MAPQ	22	667
MAPQ	23	806
MAPQ	24	1015
MAPQ	25	879
MAPQ	26	530
MAPQ	27	323
MAPQ	30	1444
MAPQ	31	886
MAPQ	32	972
MAPQ	33	108
MAPQ	34	926
MAPQ	35	886
MAPQ	36	551
MAPQ	37	469
MAPQ	38	457
MAPQ	39	297
MAPQ	40	1884
MAPQ	42	79813
# Indel distribution. Use `grep ^ID | cut -f 2-` to extract this part. The columns are: length, number of insertions, number of deletions
ID	1	1161	1755
ID	2	379	437
ID	3	229	143
ID	4	159	112
ID	5	152	68
ID	6	73	27
ID	7	50	15
ID	8	52	20
ID	9	36	140
ID	10	42	10
ID	11	19	4
ID	12	17	14
ID	13	13	1
ID	14	16	4
ID	15	11	2
ID	16	9	6
ID	17	8	2
ID	18	2	0
ID	19	6	3
ID	20	6	2
ID	21	7	2
ID	22	3	0
ID	23	3	0
ID	24	2	3
ID	25	0	2
ID	27	2	0
# Indels per cycle. Use `grep ^IC | cut -f 2-` to extract this part. The columns are: cycle, number of insertions (fwd), .. (rev) , number of deletions (fwd), .. (rev)
IC	2	5	2	5	1
IC	3	3	4	2	0
IC	4	5	6	8	5
IC	5	50	36	10	7
IC	6	30	31	6	4
IC	7	28	21	5	7
IC	8	20	17	10	14
IC	9	21	19	9	9
IC	10	12	8	13	10
IC	11	15	15	6	8
IC	12	17	18	7	8
IC	13	10	8	7	16
IC	14	8	10	12	8
IC	15	15	6	11	3
IC	16	13	9	9	6
IC	17	7	17	8	11
IC	18	6	6	7	8
IC	19	5	8	11	6
IC	20	11	11	17	16
IC	21	5	7	8	11
IC	22	5	5	9	5
IC	23	7	6	6	12
IC	24	11	7	10	4
IC	25	6	3	3	10
IC	26	3	8	9	6
IC	27	10	8	9	11
IC	28	11	6	10	8
IC	29	8	4	5	13
IC	30	6	10	7	8
IC	31	5	1	5	11
IC	32	6	6	9	10
IC	33	3	6	12	4
IC	34	4	3	12	6
IC	35	2	2	11	6
IC	36	7	5	10	13
IC	37	6	1	10	3
IC	38	3	2	6	8
IC	39	6	5	18	8
IC	40	4	3	13	9
IC	41	5	8	12	9
IC	42	3	9	12	5
IC	43	3	3	8	13
IC	44	5	4	10	7
IC	45	4	8	8	9
IC	46	5	5	8	6
IC	47	1	6	12	10
IC	48	1	4	9	10
IC	49	9	3	10	9
IC	50	7	5	7	11
IC	51	7	4	5	12
IC	52	3	4	4	9
IC	53	6	3	3	13
IC	54	4	2	10	8
IC	55	4	4	9	14
IC	56	4	1	8	11
IC	57	3	3	13	8
IC	58	7	5	15	6
IC	59	5	7	13	8
IC	60	9	4	6	8
IC	61	4	7	24	9
IC	62	2	4	9	10
IC	63	7	6	10	8
IC	64	5	8	3	8
IC	65	6	6	11	10
IC	66	2	5	13	9
IC	67	3	5	8	10
IC	68	4	8	15	13
IC	69	6	7	8	11
IC	70	2	5	11	7
IC	71	4	3	9	11
IC	72	3	6	7	4
IC	73	8	4	10	8
IC	74	2	7	12	8
IC	75	3	3	11	9
IC	76	3	6	7	11
IC	77	7	3	10	14
IC	78	4	11	12	7
IC	79	4	7	13	5
IC	80	8	2	5	15
IC	81	3	12	11	13
IC	82	8	10	7	9
IC	83	8	4	11	11
IC	84	5	6	4	6
IC	85	5	3	10	13
IC	86	6	9	14	8
IC	87	8	7	11	12
IC	88	6	6	9	12
IC	89	6	8	9	8
IC	90	6	3	8	7
IC	91	7	9	8	9
IC	92	0	12	8	10
IC	93	6	12	8	12
IC	94	8	6	15	13
IC	95	9	6	10	11
IC	96	6	8	9	9
IC	97	3	10	13	13
IC	98	3	5	12	12
IC	99	9	6	10	8
IC	100	6	10	7	10
IC	101	6	4	15	6
IC	102	2	9	9	11
IC	103	8	13	11	12
IC	104	7	6	5	12
IC	105	6	5	11	8
IC	106	4	5	8	16
IC	107	7	7	7	13
IC	108	6	6	12	11
IC	109	8	3	12	9
IC	110	3	7	14	18
IC	111	7	2	10	14
IC	112	9	6	11	9
IC	113	16	8	6	17
IC	114	7	8	9	11
IC	115	6	5	10	9
IC	116	7	7	15	12
IC	117	7	7	13	12
IC	118	4	6	12	6
IC	119	15	9	11	12
IC	120	16	9	8	7
IC	121	17	5	7	10
IC	122	13	9	12	15
IC	123	18	12	10	13
IC	124	19	7	10	8
IC	125	12	6	13	13
IC	126	21	5	10	9
IC	127	14	6	6	11
IC	128	16	10	9	10
IC	129	21	12	11	12
IC	130	20	5	12	12
IC	131	29	11	8	8
IC	132	27	11	11	15
IC	133	18	9	13	6
IC	134	22	8	8	19
IC	135	17	5	6	6
IC	136	19	11	10	8
IC	137	25	4	14	8
IC	138	24	9	7	6
IC	139	23	8	6	5
IC	140	20	9	11	6
IC	141	28	2	5	10
IC	142	28	10	14	3
IC	143	29	16	11	11
IC	144	22	4	12	6
IC	145	26	7	17	6
IC	146	19	6	14	8
IC	147	3	6	4	2
IC	148	2	1	0	0
IC	149	1	1	0	0
# Coverage distribution. Use `grep ^COV | cut -f 2-` to extract this part.
COV	[1-1]	1	12482886
COV	[2-2]	2	880237
COV	[3-3]	3	30880
COV	[4-4]	4	8398
COV	[5-5]	5	1912
COV	[6-6]	6	1005
COV	[7-7]	7	970
COV	[8-8]	8	879
COV	[9-9]	9	558
COV	[10-10]	10	429
COV	[11-11]	11	146
COV	[12-12]	12	223
COV	[13-13]	13	147
COV	[14-14]	14	195
COV	[15-15]	15	129
COV	[16-16]	16	57
COV	[17-17]	17	87
COV	[18-18]	18	53
COV	[19-19]	19	30
COV	[20-20]	20	27
COV	[21-21]	21	20
COV	[22-22]	22	10
COV	[23-23]	23	6
COV	[24-24]	24	16
COV	[25-25]	25	9
COV	[26-26]	26	5
COV	[27-27]	27	9
COV	[28-28]	28	9
COV	[29-29]	29	10
COV	[30-30]	30	2
COV	[31-31]	31	14
COV	[32-32]	32	11
COV	[33-33]	33	8
COV	[34-34]	34	114
COV	[35-35]	35	11
COV	[36-36]	36	13
COV	[37-37]	37	9
COV	[38-38]	38	6
COV	[39-39]	39	10
COV	[40-40]	40	8
COV	[41-41]	41	24
COV	[42-42]	42	9
COV	[43-43]	43	13
COV	[44-44]	44	18
COV	[45-45]	45	9
COV	[46-46]	46	13
COV	[47-47]	47	4
COV	[48-48]	48	10
COV	[49-49]	49	34
COV	[50-50]	50	24
COV	[51-51]	51	27
COV	[52-52]	52	12
COV	[53-53]	53	11
COV	[54-54]	54	27
COV	[55-55]	55	34
COV	[56-56]	56	19
COV	[57-57]	57	24
COV	[58-58]	58	11
COV	[59-59]	59	10
COV	[60-60]	60	19
COV	[61-61]	61	26
COV	[62-62]	62	27
COV	[63-63]	63	9
COV	[64-64]	64	6
COV	[65-65]	65	8
COV	[66-66]	66	11
COV	[67-67]	67	15
COV	[68-68]	68	16
COV	[69-69]	69	20
COV	[70-70]	70	14
COV	[71-71]	71	22
COV	[72-72]	72	11
COV	[73-73]	73	20
COV	[74-74]	74	13
COV	[75-75]	75	21
COV	[76-76]	76	9
COV	[77-77]	77	13
COV	[78-78]	78	30
COV	[79-79]	79	19
COV	[80-80]	80	18
COV	[81-81]	81	23
COV	[82-82]	82	38
COV	[83-83]	83	16
COV	[84-84]	84	20
COV	[85-85]	85	24
COV	[86-86]	86	17
COV	[87-87]	87	49
COV	[88-88]	88	19
COV	[89-89]	89	25
COV	[90-90]	90	25
COV	[91-91]	91	24
COV	[92-92]	92	11
COV	[93-93]	93	22
COV	[94-94]	94	31
COV	[95-95]	95	29
COV	[96-96]	96	38
COV	[97-97]	97	41
COV	[98-98]	98	45
COV	[99-99]	99	56
COV	[100-100]	100	63
COV	[101-101]	101	49
COV	[102-102]	102	49
COV	[103-103]	103	45
COV	[104-104]	104	61
COV	[105-105]	105	59
COV	[106-106]	106	94
COV	[107-107]	107	76
COV	[108-108]	108	105
COV	[109-109]	109	98
COV	[110-110]	110	111
COV	[111-111]	111	153
COV	[112-112]	112	136
COV	[113-113]	113	121
COV	[114-114]	114	144
COV	[115-115]	115	137
COV	[116-116]	116	133
COV	[117-117]	117	146
COV	[118-118]	118	185
COV	[119-119]	119	190
COV	[120-120]	120	180
COV	[121-121]	121	159
COV	[122-122]	122	141
COV	[123-123]	123	203
COV	[124-124]	124	186
COV	[125-125]	125	213
COV	[126-126]	126	239
COV	[127-127]	127	252
COV	[128-128]	128	293
COV	[129-129]	129	304
COV	[130-130]	130	295
COV	[131-131]	131	285
COV	[132-132]	132	352
COV	[133-133]	133	326
COV	[134-134]	134	292
COV	[135-135]	135	350
COV	[136-136]	136	370
COV	[137-137]	137	339
COV	[138-138]	138	336
COV	[139-139]	139	304
COV	[140-140]	140	323
COV	[141-141]	141	310
COV	[142-142]	142	230
COV	[143-143]	143	240
COV	[144-144]	144	214
COV	[145-145]	145	213
COV	[146-146]	146	219
COV	[147-147]	147	214
COV	[148-148]	148	195
COV	[149-149]	149	222
COV	[150-150]	150	189
COV	[151-151]	151	194
COV	[152-152]	152	171
COV	[153-153]	153	182
COV	[154-154]	154	178
COV	[155-155]	155	215
COV	[156-156]	156	190
COV	[157-157]	157	204
COV	[158-158]	158	184
COV	[159-159]	159	163
COV	[160-160]	160	189
COV	[161-161]	161	170
COV	[162-162]	162	148
COV	[163-163]	163	158
COV	[164-164]	164	137
COV	[165-165]	165	127
COV	[166-166]	166	147
COV	[167-167]	167	127
COV	[168-168]	168	126
COV	[169-169]	169	99
COV	[170-170]	170	117
COV	[171-171]	171	122
COV	[172-172]	172	77
COV	[173-173]	173	88
COV	[174-174]	174	103
COV	[175-175]	175	110
COV	[176-176]	176	112
COV	[177-177]	177	108
COV	[178-178]	178	94
COV	[179-179]	179	99
COV	[180-180]	180	81
COV	[181-181]	181	73
COV	[182-182]	182	68
COV	[183-183]	183	79
COV	[184-184]	184	49
COV	[185-185]	185	52
COV	[186-186]	186	35
COV	[187-187]	187	47
COV	[188-188]	188	50
COV	[189-189]	189	46
COV	[190-190]	190	35
COV	[191-191]	191	35
COV	[192-192]	192	24
COV	[193-193]	193	24
COV	[194-194]	194	17
COV	[195-195]	195	16
COV	[196-196]	196	11
COV	[197-197]	197	11
COV	[198-198]	198	10
COV	[199-199]	199	11
COV	[200-200]	200	14
COV	[201-201]	201	11
COV	[202-202]	202	8
COV	[203-203]	203	16
COV	[204-204]	204	11
COV	[205-205]	205	5
COV	[206-206]	206	5
# GC-depth. Use `grep ^GCD | cut -f 2-` to extract this part. The columns are: GC%, unique sequence percentiles, 10th, 25th, 50th, 75th and 90th depth percentile
GCD	0.0	0.006	0.000	0.000	0.000	0.000	0.000
GCD	1.1	0.008	0.015	0.015	0.015	0.015	0.015
GCD	17.0	0.011	0.015	0.015	0.015	0.015	0.015
GCD	18.0	0.020	0.008	0.008	0.015	0.015	0.015
GCD	19.0	0.025	0.015	0.015	0.015	0.015	0.015
GCD	20.0	0.034	0.015	0.015	0.015	0.015	0.015
GCD	21.0	0.070	0.011	0.015	0.015	0.015	0.111
GCD	22.0	0.158	0.009	0.015	0.015	0.015	0.015
GCD	23.0	0.239	0.008	0.015	0.015	0.015	0.030
GCD	24.0	0.402	0.014	0.015	0.015	0.015	0.017
GCD	25.0	0.706	0.015	0.015	0.015	0.015	0.015
GCD	26.0	1.055	0.015	0.015	0.015	0.015	0.019
GCD	27.0	1.643	0.015	0.015	0.015	0.015	0.023
GCD	28.0	2.577	0.015	0.015	0.015	0.015	0.030
GCD	29.0	3.787	0.015	0.015	0.015	0.015	0.030
GCD	30.0	5.447	0.015	0.015	0.015	0.015	0.030
GCD	31.0	7.306	0.015	0.015	0.015	0.015	0.030
GCD	32.0	9.743	0.015	0.015	0.015	0.015	0.030
GCD	33.0	12.581	0.015	0.015	0.015	0.015	0.030
GCD	34.0	15.794	0.015	0.015	0.015	0.030	0.030
GCD	35.0	19.302	0.015	0.015	0.015	0.030	0.030
GCD	36.0	23.444	0.015	0.015	0.015	0.030	0.030
GCD	37.0	27.647	0.015	0.015	0.015	0.030	0.030
GCD	38.0	32.345	0.015	0.015	0.015	0.030	0.030
GCD	39.0	37.178	0.015	0.015	0.015	0.030	0.030
GCD	40.0	42.093	0.015	0.015	0.015	0.030	0.030
GCD	41.0	46.707	0.015	0.015	0.015	0.030	0.030
GCD	42.0	51.172	0.015	0.015	0.015	0.030	0.030
GCD	43.0	55.355	0.015	0.015	0.015	0.030	0.030
GCD	44.0	59.429	0.015	0.015	0.015	0.030	0.030
GCD	45.0	63.238	0.015	0.015	0.015	0.030	0.030
GCD	46.0	67.230	0.015	0.015	0.015	0.030	0.030
GCD	47.0	70.826	0.015	0.015	0.015	0.030	0.030
GCD	48.0	74.019	0.015	0.015	0.015	0.030	0.030
GCD	49.0	76.990	0.015	0.015	0.015	0.030	0.030
GCD	50.0	79.797	0.015	0.015	0.015	0.030	0.030
GCD	51.0	82.270	0.015	0.015	0.015	0.030	0.030
GCD	52.0	84.560	0.015	0.015	0.015	0.030	0.030
GCD	53.0	86.552	0.015	0.015	0.015	0.030	0.030
GCD	54.0	88.372	0.015	0.015	0.015	0.030	0.030
GCD	55.0	89.982	0.015	0.015	0.015	0.030	0.030
GCD	56.0	91.411	0.015	0.015	0.015	0.030	0.030
GCD	57.0	92.573	0.015	0.015	0.015	0.030	0.030
GCD	58.0	93.555	0.015	0.015	0.015	0.030	0.030
GCD	59.0	94.410	0.015	0.015	0.015	0.030	0.030
GCD	60.0	95.198	0.015	0.015	0.015	0.030	0.030
GCD	61.0	95.938	0.015	0.015	0.015	0.030	0.038
GCD	62.0	96.582	0.015	0.015	0.015	0.030	0.038
GCD	63.0	97.130	0.015	0.015	0.015	0.030	0.030
GCD	64.0	97.642	0.015	0.015	0.015	0.030	0.030
GCD	65.0	98.003	0.015	0.015	0.015	0.030	0.030
GCD	66.0	98.340	0.015	0.015	0.015	0.030	0.030
GCD	67.0	98.593	0.015	0.015	0.015	0.023	0.030
GCD	68.0	98.804	0.015	0.015	0.015	0.015	0.030
GCD	69.0	99.024	0.015	0.015	0.015	0.017	0.030
GCD	70.0	99.190	0.015	0.015	0.015	0.023	0.030
GCD	71.0	99.302	0.015	0.015	0.015	0.015	0.030
GCD	72.0	99.440	0.015	0.015	0.015	0.015	0.030
GCD	73.0	99.516	0.015	0.015	0.015	0.015	0.033
GCD	74.0	99.612	0.015	0.015	0.015	0.017	0.030
GCD	75.0	99.693	0.015	0.015	0.015	0.015	0.015
GCD	76.0	99.764	0.015	0.015	0.015	0.015	0.030
GCD	77.0	99.809	0.008	0.015	0.015	0.015	0.020
GCD	78.0	99.859	0.015	0.015	0.015	0.015	0.030
GCD	79.0	99.896	0.015	0.015	0.015	0.015	0.015
GCD	80.0	99.932	0.011	0.015	0.015	0.015	0.015
GCD	81.0	99.958	0.008	0.015	0.015	0.015	0.045
GCD	82.0	99.972	0.015	0.015	0.015	0.023	0.030
GCD	83.0	99.977	0.015	0.015	0.015	0.015	0.015
GCD	84.0	99.989	0.015	0.015	0.015	0.015	0.015
GCD	85.0	99.997	0.015	0.015	0.015	0.015	0.015
GCD	86.0	100.000	0.008	0.008	0.008	0.008	0.008
