# This file was produced by samtools stats (1.21+htslib-1.21) and can be plotted using plot-bamstats
# This file contains statistics for all reads.
# The command line was:  stats -@ 8 /maps/projects/course_1/scratch/group8/group-project-group-8/week18-preprocessing/retry/02_reads_preprocessing/vaginal/SRR513791/SRR513791.host.bam
# CHK, Checksum	[2]Read Names	[3]Sequences	[4]Qualities
# CHK, CRC32 of reads which passed filtering followed by addition (32bit overflow)
CHK	b8cb7dc6	872942e1	a6db4db8
# Summary Numbers. Use `grep ^SN | cut -f 2-` to extract this part.
SN	raw total sequences:	5681366	# excluding supplementary and secondary reads
SN	filtered sequences:	0
SN	sequences:	5681366
SN	is sorted:	1
SN	1st fragments:	2840683
SN	last fragments:	2840683
SN	reads mapped:	53319
SN	reads mapped and paired:	52322	# paired-end technology bit set + both mates mapped
SN	reads unmapped:	5628047
SN	reads properly paired:	52116	# proper-pair bit set
SN	reads paired:	5681366	# paired-end technology bit set
SN	reads duplicated:	0	# PCR or optical duplicate bit set
SN	reads MQ0:	4674	# mapped and MQ=0
SN	reads QC failed:	0
SN	non-primary alignments:	0
SN	supplementary alignments:	0
SN	total length:	567887149	# ignores clipping
SN	total first fragment length:	283941166	# ignores clipping
SN	total last fragment length:	283945983	# ignores clipping
SN	bases mapped:	5314119	# ignores clipping
SN	bases mapped (cigar):	5314119	# more accurate
SN	bases trimmed:	0
SN	bases duplicated:	0
SN	mismatches:	97655	# from NM fields
SN	error rate:	1.837652e-02	# mismatches / bases mapped (cigar)
SN	average length:	100
SN	average first fragment length:	100
SN	average last fragment length:	100
SN	maximum length:	100
SN	maximum first fragment length:	100
SN	maximum last fragment length:	100
SN	average quality:	36.5
SN	insert size average:	185.1
SN	insert size standard deviation:	48.3
SN	inward oriented pairs:	25959
SN	outward oriented pairs:	137
SN	pairs with other orientation:	4
SN	pairs on different chromosomes:	61
SN	percentage of properly paired reads (%):	0.9
# First Fragment Qualities. Use `grep ^FFQ | cut -f 2-` to extract this part.
# Columns correspond to qualities and rows to cycles. First column is the cycle number.
FFQ	1	0	0	0	0	5726	0	0	0	0	0	1739	0	0	0	0	0	4772	0	0	100	0	0	1294	6591	0	6128	22185	31914	16847	0	123426	849348	0	188365	1582248	0	0	0	0	0	0	0
FFQ	2	0	0	0	0	0	0	0	0	0	0	1557	0	0	0	0	0	9438	0	0	682	0	0	2321	5843	0	5296	19908	37475	13951	0	102739	709618	0	73013	1858842	0	0	0	0	0	0	0
FFQ	3	0	0	0	0	0	0	0	0	0	0	1776	0	0	0	0	0	5026	0	0	17	0	0	2738	5229	0	6512	18800	38791	17590	0	98214	663775	0	78987	1903228	0	0	0	0	0	0	0
FFQ	4	0	0	0	0	3568	0	0	0	0	0	1858	0	0	0	0	0	2529	0	0	2553	0	0	2222	0	0	5275	9459	684	12787	284	25930	622	34670	60145	0	480572	0	2197525	0	0	0	0
FFQ	5	0	0	0	0	0	0	0	0	0	0	2480	0	0	0	0	0	3321	0	0	6629	0	0	2660	0	0	7352	11749	712	15576	307	30847	675	39566	68336	0	496916	0	2153557	0	0	0	0
FFQ	6	0	0	0	0	0	0	0	0	0	480	2982	1393	0	0	0	297	797	3342	1731	2583	0	350	238	3710	1	9629	12117	1684	9925	8098	32235	3840	49183	66095	0	462577	44265	2123131	0	0	0	0
FFQ	7	0	0	0	0	0	0	0	1	0	317	1854	869	0	0	1	346	638	3413	1247	1701	0	261	185	2921	2	8677	10511	1557	10047	6671	29797	4319	46175	65577	3	466986	45679	2130928	0	0	0	0
FFQ	8	0	0	0	0	0	0	0	0	0	288	2040	807	0	0	0	349	656	3353	1356	1853	1	318	166	3011	0	8828	10718	2248	8785	6679	30142	4379	45202	64516	0	465857	45197	2133934	0	0	0	0
FFQ	9	0	0	0	0	0	0	2	0	1	373	2119	921	1	0	0	344	687	3552	1341	1896	0	266	163	3183	1	8988	2893	11696	7848	7073	30453	3027	40421	44554	27322	147419	99	270797	156191	2067052	0	0
FFQ	10	0	0	0	0	0	0	0	0	1	316	1998	827	0	0	1	365	612	3534	1421	1853	0	327	171	3084	1	8950	2953	12834	6349	6923	30292	3075	40684	44638	27662	148070	107	272904	160652	2060079	0	0
FFQ	11	0	0	0	0	0	0	0	1	6	338	2000	869	2	1	0	378	684	3356	1390	1932	3	288	204	3215	3	9213	3057	15482	3960	7384	31206	3086	41300	45865	27309	149313	97	273522	169119	2046100	0	0
FFQ	12	0	0	0	0	0	0	2	2	3	352	2007	847	0	1	1	374	747	3330	1443	1945	3	355	203	3379	13	9444	3032	18407	1396	7483	31992	3114	41949	46746	27329	151935	104	277286	177506	2027953	0	0
FFQ	13	0	0	0	0	0	0	0	2	3	409	2184	944	6	3	1	401	746	3381	1538	2008	3	334	215	3489	29	9425	3195	19111	935	7587	32223	3137	42617	47175	27268	152764	96	278236	185085	2016133	0	0
FFQ	14	0	0	0	0	0	0	2	3	2	498	2664	1118	3	0	0	38	1131	3780	1683	2365	5	397	247	1121	2969	10624	3569	20416	1050	8334	15154	22269	31660	48380	32120	27707	99371	79632	241616	158725	2022030	0
FFQ	15	0	0	0	0	0	0	1	2	1	430	2411	939	6	0	0	25	1110	3639	1688	2200	5	428	209	1073	2681	9901	3467	19765	1020	8009	14964	21510	31841	47776	32667	27138	99394	81638	241936	162818	2019991	0
FFQ	16	0	0	0	0	0	0	2	5	2	460	2401	992	2	3	1	49	1190	3813	1677	2320	5	424	275	1187	3021	10067	3580	20529	1083	8347	14949	21956	32061	48856	33591	27790	100940	82166	246005	162190	2008744	0
FFQ	17	0	0	0	0	0	0	0	4	3	455	2527	993	5	1	3	53	1151	3646	1724	2364	10	418	258	1165	2997	9920	3474	20634	1049	8529	15221	22222	32175	49132	33622	28248	101322	83322	248637	164038	2001361	0
FFQ	18	0	0	0	0	0	0	2	5	3	459	2415	945	5	4	5	71	1159	3311	1858	2250	10	497	288	1261	3302	9702	3662	19792	1136	8467	15353	21990	31697	49536	33376	28184	101336	83959	252455	168746	1993442	0
FFQ	19	0	0	0	0	0	0	2	3	6	558	2657	963	6	4	8	78	1094	284	5337	2535	10	527	280	1347	3642	10268	3765	20465	1179	8892	15918	22995	31755	31137	54046	29300	90812	82754	207539	201197	2009320	0
FFQ	20	0	0	0	0	0	0	1	8	10	540	2751	957	3	6	7	109	1172	356	5001	2516	8	537	288	1504	3992	9698	3916	20316	1167	9126	16017	22872	31846	30766	54255	29974	90537	84363	209905	209883	1996276	0
FFQ	21	0	0	0	0	0	0	0	11	12	487	2338	824	10	10	14	133	1031	521	4933	2018	12	408	223	1412	3560	9102	3335	19816	961	7422	16893	21261	31748	29418	52991	28557	85055	84466	194125	222436	2015140	0
FFQ	22	0	0	0	0	0	0	1	7	9	525	2260	726	7	5	11	151	1121	610	4312	1964	16	478	238	1472	3805	8745	3297	19002	957	7269	16885	20635	30655	29119	52273	29020	84054	86048	191228	226538	2017240	0
FFQ	23	0	0	0	0	0	0	3	19	11	620	2557	692	9	8	13	224	1286	741	4176	2272	28	490	265	1746	4579	8683	3540	18904	1072	7861	17549	21479	29890	29879	51560	30249	85075	83535	195837	223687	2012144	0
FFQ	24	0	0	0	0	0	0	0	17	19	624	2550	632	5	14	19	223	1464	1020	3840	2161	25	528	276	1844	5351	8359	3507	18920	1144	7821	18339	21285	29756	29429	51994	30714	85252	84465	201272	214037	2013777	0
FFQ	25	0	0	0	0	0	0	1	21	22	656	2565	546	8	12	12	286	1388	1065	3446	2221	34	611	299	2026	5781	7753	3565	18080	1242	7803	18733	21149	28408	29873	51274	31724	84337	84320	200651	215539	2015232	0
FFQ	26	0	0	0	0	0	0	4	28	24	1061	3636	664	22	37	27	399	1810	1466	3391	2308	55	674	310	2189	6602	7552	3497	17811	1097	8010	20113	21630	27376	30522	51398	33740	85666	84453	206766	210348	2005997	0
FFQ	27	0	0	0	0	0	0	4	41	61	1223	4120	646	38	29	34	573	2128	1878	3191	2487	61	745	314	2347	7692	7689	3627	17932	1262	8178	21539	21870	27348	31079	51733	35265	86035	85081	211279	207455	1995699	0
FFQ	28	0	0	0	0	0	0	3	50	62	1509	4786	511	31	33	59	646	2466	2251	2884	2360	81	765	348	2490	8481	7423	3702	17281	1269	8221	23583	21638	26272	31327	51722	36969	86222	86223	214757	206496	1987762	0
FFQ	29	0	0	0	0	0	0	2	55	58	1586	4442	284	52	56	57	837	2916	2402	2454	2575	84	853	405	2717	9444	7505	3818	17259	1383	8447	25286	22254	25173	32441	52474	39479	86395	87122	220032	202087	1978249	0
FFQ	30	0	0	0	0	0	0	7	60	95	1551	4110	159	55	42	65	928	2985	1966	2167	2487	95	889	460	2707	9528	7566	3914	15764	1472	8378	26954	21573	23957	32370	51332	41744	84741	87935	224069	203995	1974563	0
FFQ	31	0	0	0	0	0	0	10	84	110	1789	4437	73	68	62	89	1152	3186	1808	2039	2507	105	1014	480	2853	10388	7843	4068	15057	1463	8638	28898	22430	22323	34450	51573	45429	85719	88311	232555	192831	1966841	0
FFQ	32	0	0	0	0	0	0	8	99	153	2033	4624	44	58	94	102	1367	3507	1569	2094	2721	136	1081	492	2826	10865	8497	4157	14706	1778	8767	30928	22550	21105	35254	50945	48551	84463	88736	237951	189650	1958772	0
FFQ	33	0	0	0	0	0	0	8	119	157	2153	4597	28	102	105	129	1584	3874	1239	2019	2688	159	1225	560	2998	11189	9496	4368	14131	1836	8996	33083	23429	19728	36791	51151	52714	84393	90473	245198	184785	1945178	0
FFQ	34	0	0	0	0	0	0	18	128	199	2230	4725	26	97	143	139	1764	4033	844	2002	2798	173	1393	604	3018	11386	9764	4485	13315	1975	8994	34568	23655	18377	37704	50379	56716	82079	91788	251442	182677	1937045	0
FFQ	35	0	0	0	0	0	0	13	145	244	2388	4713	32	123	167	208	2053	4145	588	2041	2917	204	1445	700	3087	11673	10528	4803	13166	2152	9255	36503	24336	17498	39827	50499	61366	81004	93159	258562	177224	1923915	0
FFQ	36	0	0	0	0	0	0	13	144	254	2260	4388	23	110	196	223	2376	3861	382	2104	2938	224	1656	779	3090	11520	10262	4846	12503	2407	9267	36488	24666	16639	41014	49217	64680	77076	95532	262350	178056	1919139	0
FFQ	37	0	0	0	0	0	0	20	188	303	2377	4606	31	141	201	259	2536	3635	283	2138	2932	235	1812	840	3258	11922	10172	5189	12731	2711	9870	36600	25261	16489	42891	48600	69440	75064	95553	266114	175075	1911206	0
FFQ	38	0	0	0	0	0	0	19	217	402	2368	4669	35	194	265	354	2982	3419	245	2214	2976	314	1863	934	3436	12462	10176	5371	12679	2943	9942	38066	25826	16744	46018	47881	73930	73878	98219	270806	174329	1894507	0
FFQ	39	0	0	0	0	0	0	29	243	429	2415	4486	35	194	292	395	3056	3067	235	2221	3072	363	1964	1052	3630	12136	9581	5410	12468	3259	9905	37920	25977	16783	47791	46334	77897	70627	100011	260039	190799	1886568	0
FFQ	40	0	0	0	0	1	0	24	284	565	2547	4958	55	254	356	498	3476	2731	310	2326	3115	390	2156	1182	4052	12841	9377	5856	12687	3754	10230	37699	26808	17244	50484	45593	82289	70135	100691	263388	188190	1874137	0
FFQ	41	0	0	0	0	1	0	22	224	468	2095	4082	53	242	401	479	3465	2261	269	1939	2606	499	1985	1326	3967	11884	8938	5669	11273	4193	8783	37804	25002	16152	50258	40957	84129	61583	102500	248211	205662	1891301	0
FFQ	42	0	0	0	0	2	0	13	293	602	2277	4565	61	276	447	579	3654	1958	329	1954	2774	463	2051	1435	4209	11994	7876	5837	11647	4414	9293	35732	25618	16677	51456	40517	85066	62568	100115	245427	192743	1905761	0
FFQ	43	0	0	0	0	2	0	18	304	541	1937	3790	60	277	508	599	3589	1507	359	1961	2663	547	2132	1451	4463	11591	7008	6106	11318	4767	9683	33809	25764	17000	52187	39286	84663	62543	99806	243613	187150	1917681	0
FFQ	44	0	0	0	0	3	0	23	321	677	2011	3864	80	320	551	729	3612	1218	390	2093	2862	608	2252	1583	4867	12335	6234	6414	11846	5449	9837	33036	26973	17852	54071	39405	86785	64728	101059	243891	182239	1910465	0
FFQ	45	0	0	0	0	7	0	29	371	784	2056	3918	72	314	684	865	3765	1060	470	1870	2838	845	2053	1843	5260	12388	5899	6868	12084	6290	10123	32856	27164	18347	55727	40139	88504	65968	102981	244352	179108	1902781	0
FFQ	46	0	0	0	0	7	0	26	399	885	2175	4126	82	377	784	943	3718	835	484	1935	2856	956	2112	2092	5648	12002	5301	7428	11764	6930	10198	31731	27631	18905	56421	39791	89535	66683	106506	245218	185013	1889186	0
FFQ	47	0	0	0	0	10	0	35	429	997	2274	3788	90	475	895	1092	3856	742	534	1919	3010	1111	2158	2275	6323	12470	4737	7842	11693	7887	10409	30657	28695	19563	57313	41089	90821	69405	107626	243548	183449	1881466	0
FFQ	48	0	0	0	0	14	0	39	477	1050	2316	3654	99	444	1020	1173	3454	611	661	2061	3097	1192	2233	2591	6854	12342	4034	8389	11992	8964	11015	29544	29333	20199	57279	43021	91973	72395	110762	245088	187700	1863613	0
FFQ	49	0	0	0	0	15	0	42	571	1308	2609	3713	123	551	1272	1446	3503	533	625	2153	3231	1360	2225	2905	7303	12445	3630	9138	12157	10420	11432	28850	30732	21611	58901	45606	92310	76370	114180	220876	217091	1839446	0
FFQ	50	0	0	0	0	20	0	56	614	1413	2846	3735	135	653	1462	1544	3410	540	696	2240	3373	1591	2301	3470	8013	12570	3180	10037	12432	12177	12111	29169	32295	22540	60378	48621	95796	79722	119719	223395	222626	1805803	0
FFQ	51	0	0	0	0	21	0	69	735	1411	2832	3459	165	708	1622	1664	2973	508	716	2287	3359	1791	2331	3598	8676	12300	2756	10864	12321	13698	12152	27496	33073	23434	60144	51044	97403	82113	123756	222852	228078	1788274	0
FFQ	52	0	0	0	0	24	0	78	776	1652	3027	3309	215	706	1853	1782	2686	478	768	2364	3522	2020	2394	4098	9447	11829	2326	11549	12303	15078	12433	26418	34549	24716	59579	55412	99662	85889	126838	222759	233248	1764896	0
FFQ	53	0	0	0	0	30	0	60	788	1640	3073	2889	239	802	1999	1734	2442	509	825	2531	3374	2031	2371	4329	9739	10969	2229	12212	11710	16268	12586	24760	35768	25366	58579	58122	102870	88380	131820	223262	242760	1741617	0
FFQ	54	0	0	0	0	41	0	86	961	1935	3685	2810	225	911	2292	2013	2113	530	812	2663	3733	2450	2409	5128	10365	10689	1944	13397	12160	18225	14043	23728	37620	27538	58807	63073	106892	94451	136885	224827	247037	1704205	0
FFQ	55	0	0	0	0	53	0	97	881	1925	3746	2419	277	860	2515	2018	1832	499	913	2671	3646	2580	2558	5467	10470	6800	5149	14211	11578	19911	14158	22196	38546	28457	57202	66644	110105	99098	135465	230692	258262	1676782	0
FFQ	56	0	0	0	0	67	0	99	982	2049	4010	2237	271	900	2541	2049	1560	558	927	2938	3716	2754	2674	5897	10953	6216	5448	15094	11545	21599	15102	21097	40252	30291	56808	71557	114543	105493	140573	231188	265964	1640731	0
FFQ	57	0	0	0	0	77	0	119	1022	2292	4560	1996	336	954	2977	2127	1384	553	910	2992	3795	3032	2794	6606	11287	5725	5384	16431	11240	23140	15637	20617	42611	32421	56607	76712	120198	112476	147250	231690	274816	1597915	0
FFQ	58	0	0	0	0	98	0	128	1073	2271	4878	1721	350	939	3120	2062	1165	599	996	3293	3776	3305	2878	7236	11259	5013	5525	17576	11027	24933	16670	19871	44063	33630	55522	82122	126964	119909	155608	231614	286210	1553279	0
FFQ	59	0	0	0	0	122	0	166	1174	2349	5093	1457	398	994	3480	1947	984	541	942	3495	3888	3276	2784	8089	10921	4346	5438	19734	10500	26316	17292	19468	46174	35567	55619	87069	135072	127540	165380	229920	293884	1509264	0
FFQ	60	0	0	0	0	137	0	163	1117	2470	5564	1215	446	1010	3677	1899	949	552	968	3956	3773	3713	3038	9158	11001	4154	5829	21146	10329	28490	18755	19292	48885	37712	56215	94272	144209	136869	176469	229907	305170	1448174	0
FFQ	61	0	0	0	0	292	0	182	1148	2519	5530	1025	426	997	3797	1802	760	560	1019	3881	3820	3936	3024	9651	10197	3786	5832	22452	10009	29302	19573	19124	50625	39771	55669	98617	155338	145489	188355	226600	320319	1395200	0
FFQ	62	0	0	0	0	528	0	186	1207	2867	6026	815	534	993	3763	1796	790	658	1152	4405	3831	4153	3341	10318	9999	3701	6277	24361	10209	29731	21836	19492	52094	41659	56223	104670	168195	156048	199269	224629	332072	1332765	0
FFQ	63	0	0	0	0	808	0	204	1270	3043	6406	637	630	1060	4158	1697	660	571	1169	4666	3791	4466	3401	11402	9810	3623	6508	25943	9676	31302	22523	20331	54829	44801	56169	111985	182924	167394	211613	221400	344322	1265371	0
FFQ	64	0	0	0	0	1209	0	232	1250	3267	6373	563	711	1079	4254	1625	681	611	1145	4812	3551	4790	3557	12020	9209	3560	6319	26831	9260	32127	23277	21701	55762	46258	56608	117449	198556	179699	225962	212508	362748	1200961	0
FFQ	65	0	0	0	0	1682	0	240	1171	3375	6546	452	715	1068	4371	1540	565	641	1214	4765	3883	4923	3614	11897	8946	3493	6858	28402	8015	32002	26449	22509	57053	48483	57281	123968	217333	192478	239300	205562	376130	1133566	0
FFQ	66	0	0	0	0	2225	0	257	1219	3521	6514	379	845	1110	4596	1471	599	627	1265	5183	3735	5330	3795	12573	8799	3452	7064	30005	7874	31654	27791	24288	59147	51095	58966	131054	237856	206497	255048	200490	385982	1058122	0
FFQ	67	0	0	0	0	2873	0	310	1330	3744	6804	350	927	1038	4497	1469	596	694	1303	5693	3622	5749	4152	13043	8262	3523	7679	31497	7690	31511	30377	26439	60308	53769	61052	140306	259690	222315	270000	193323	396064	978397	0
FFQ	68	0	0	0	0	3604	0	336	1276	4007	6663	310	969	1054	4668	1417	597	670	1352	5928	3529	5988	4197	13344	7845	3779	8086	33210	7606	30991	32385	28540	62561	55848	63762	149353	284617	238774	286240	185875	406366	894616	0
FFQ	69	0	0	0	0	4524	0	315	1297	4431	6539	321	959	1027	4589	1363	643	732	1421	6361	3512	6364	4348	13773	7374	4031	8654	34864	7634	30438	34371	30899	64150	58651	67538	158928	312666	251924	303411	176074	414406	811774	0
FFQ	70	0	0	0	0	5648	0	350	1277	4782	6645	357	1114	1093	4678	1252	682	732	1505	6932	3420	6844	4731	13000	6545	5888	9082	36713	7661	30072	37137	33503	65299	61502	70809	169159	340899	268211	320861	165988	419045	726859	0
FFQ	71	0	0	0	0	6827	0	385	1296	5014	6595	379	1216	1082	4734	1242	752	774	1621	7170	3248	7257	4949	13213	6163	6183	9544	38541	7832	29364	39582	35638	67145	63733	75021	180384	372761	282548	337009	155906	419292	645851	0
FFQ	72	0	0	0	0	8166	0	407	1327	5378	6434	398	1393	1118	4766	1224	767	830	1666	7565	3194	7659	5225	13197	5890	6599	10112	39857	8068	28326	42227	37969	69359	66617	79913	193476	406284	297101	351901	144997	414131	566678	0
FFQ	73	0	0	0	0	9527	0	413	1275	5794	6274	422	1473	1189	4607	1173	817	768	1714	8016	2997	8309	5296	12880	5775	6859	10746	41632	8248	27464	44630	40224	69929	68863	84806	205416	441542	312210	366277	133131	408090	491371	0
FFQ	74	0	0	0	0	10938	0	409	1339	6127	5731	501	1589	1192	4412	1080	894	779	1699	8467	2773	8832	5484	12572	5674	7155	11383	42489	8308	26202	47425	41994	71324	71924	89676	218243	479887	326259	380232	121127	394251	421709	0
FFQ	75	0	0	0	0	12451	0	505	1423	7095	6171	554	1638	1198	4283	1199	1003	896	1906	9452	2813	9639	5708	12402	5915	7478	12657	42804	11783	25367	51579	44376	75243	76179	97827	239987	515449	336842	386845	114554	366458	348356	0
FFQ	76	0	0	0	0	13957	0	450	1185	6338	4988	707	2054	1308	4878	912	1120	732	1821	8392	2569	11464	6507	13331	6554	9262	13459	50245	13278	30660	61914	60369	97189	101630	126015	324198	494885	359980	324423	99176	362728	221318	0
FFQ	77	0	0	0	0	15381	0	519	1140	6646	4667	639	1917	1312	4083	898	1060	688	1862	8718	2608	10732	5929	11480	6111	8852	12892	46742	12534	24412	58857	51946	85762	90315	119928	304294	568373	372252	360797	87489	340717	207375	0
FFQ	78	0	0	0	0	16943	0	543	1165	7058	4241	694	1844	1295	3633	907	1144	772	1962	9096	2489	10951	5955	9943	6056	8672	14122	44995	12593	21157	57884	48430	81526	84598	113793	291518	638056	380462	385148	75821	310864	183288	0
FFQ	79	0	0	0	0	18744	0	587	1050	7278	3936	727	1957	1250	3402	926	1189	807	2016	9378	2373	11003	5947	9263	6133	8735	14764	43821	12903	19277	58727	47523	81165	84139	114282	294086	697476	387652	389728	64353	283035	149845	0
FFQ	80	0	0	0	0	20843	0	593	1082	7739	3592	824	1933	1291	3094	910	1199	806	2164	9588	2413	11840	5919	8465	6327	9066	15777	44210	13447	17892	61516	48094	82611	84754	118325	308217	747463	393196	381487	54366	253108	115269	0
FFQ	81	0	0	0	0	23096	0	623	1050	7981	3242	798	1873	1288	2818	890	1271	807	2081	9795	2426	12098	5715	7333	6582	9201	16529	42765	14144	16361	61939	47151	83096	85697	120231	315899	801110	403903	370310	42963	228710	87620	0
FFQ	82	0	0	0	0	25651	0	766	1110	9518	3233	902	2044	1426	2624	948	1404	885	2401	10867	2738	13031	5773	6750	6966	9637	18561	43598	15083	15510	64776	47616	85165	87355	123140	327483	848787	404783	352914	35462	196421	63993	0
FFQ	83	0	0	0	0	28214	0	710	968	9056	2706	1022	2198	1407	2522	867	1420	855	2380	10559	2887	13833	5726	5982	7232	10151	19163	43589	15539	14398	66884	47962	87365	88934	126255	340605	899247	405248	333001	28623	165788	45457	0
FFQ	84	0	0	0	0	31048	0	778	1013	9448	2414	1145	2229	1483	2270	829	1627	877	2454	10941	3064	14421	5533	5538	7513	10224	20847	43116	16347	13880	69328	48062	89957	91489	131454	356424	944079	401338	308125	22827	134725	31447	0
FFQ	85	0	0	0	0	34202	0	833	1046	10631	2295	1232	2357	1558	2056	887	1694	949	2692	11508	3367	15356	5468	4897	7922	10993	22375	42587	17440	13030	70835	48844	92980	95024	134119	372319	984639	395398	279927	17946	108042	20696	0
FFQ	86	0	0	0	0	37613	0	799	859	9752	1783	1318	2345	1653	1871	795	1817	830	2634	10940	3598	16033	5066	4144	8263	11397	23572	41130	18170	12288	72666	48605	93698	96598	137263	384310	1031568	390140	251749	13874	85809	13067	0
FFQ	87	0	0	0	0	41291	0	938	952	11254	1761	1351	2441	1725	1597	876	1890	988	2698	11449	3723	16641	4808	3587	8499	11966	25537	39931	19215	11570	74174	48401	96071	98775	139777	399062	1069670	379453	221848	10526	64933	8497	0
FFQ	88	0	0	0	0	45325	0	980	951	11722	1579	1628	2540	1758	1497	764	2035	1046	2928	12026	4350	17427	4593	3268	8826	12447	27590	39621	20876	11303	76869	49277	100011	102363	143907	414991	1097375	363766	190950	7831	47741	5517	0
FFQ	89	0	0	0	0	49724	0	913	789	10741	1288	1634	2402	1798	1245	709	2120	1033	3022	11684	4700	17714	4300	2671	9349	12729	29187	37586	21539	10874	79100	49812	102208	105342	146971	429781	1127879	351479	161994	5575	33901	3548	0
FFQ	90	0	0	0	0	54625	0	970	810	10991	1069	1720	2371	1707	1040	717	2258	973	3224	11952	5068	18068	3874	2314	9855	13533	31627	35996	22879	10324	80663	50202	104479	108477	150133	445444	1150983	334373	134183	3962	23512	2346	0
FFQ	91	0	0	0	0	60372	0	981	668	10549	933	1779	2211	1688	819	636	2230	1050	3118	11765	5460	18138	3531	1963	9958	13877	32943	33409	23890	9700	81703	50473	105302	110422	152757	454708	1179074	318341	110452	2761	16103	1623	0
FFQ	92	0	0	0	0	66920	0	1034	608	10623	815	1822	2179	1602	628	633	2387	1139	3216	12119	5743	18122	3002	1710	10388	14760	34911	31537	24985	9211	83194	50922	107305	113107	154683	464395	1196548	298764	89601	1861	10438	1143	0
FFQ	93	0	0	0	0	75089	0	976	567	10988	692	1953	2085	1690	564	609	2509	1078	3445	12461	6287	18185	2641	1574	10604	15052	37635	29638	26537	8727	85201	52042	109185	114847	157251	476183	1205733	279464	71491	1239	6746	819	0
FFQ	94	0	0	0	0	84594	0	1076	574	11563	668	2057	2025	1565	423	559	2621	1095	3568	13374	6786	18670	2372	1489	10840	15567	39794	27768	28020	8194	86687	52735	112389	117725	159770	486544	1208903	259965	55769	829	4475	565	0
FFQ	95	0	0	0	0	95210	0	929	431	9818	512	2026	1813	565	1236	417	2628	1087	3590	12701	7158	18259	1980	1313	11091	15872	41393	25553	29243	7683	87907	53472	114288	120301	161747	496301	1215755	241902	43216	585	2991	426	0
FFQ	96	0	0	0	0	108253	0	834	364	9339	426	1959	1606	488	1077	418	2686	1218	3665	13268	7834	18058	1624	1217	11532	16793	43930	23695	31034	7274	90861	54984	118269	124087	163518	507931	1203509	223737	32972	382	2050	301	0
FFQ	97	0	0	0	0	122978	0	610	195	6714	298	1543	1097	313	813	294	2552	1116	3395	12692	8058	17005	1300	1169	11564	16957	44786	21075	31491	6489	91668	54981	119568	125239	164164	514223	1210333	208357	25948	282	1440	199	0
FFQ	98	0	0	0	0	139294	0	243	79	3168	124	791	523	115	463	157	2372	1173	3281	12632	7818	15460	1031	1041	11208	16981	45231	18408	32514	5947	91178	55099	120405	126695	166302	520207	1211874	196965	20358	210	1078	136	0
FFQ	99	0	0	0	0	155639	0	1	1	28	0	5	6	2	73	34	2343	1308	3112	13348	7539	14239	852	1140	11143	17095	45929	16094	33564	5343	92002	55212	121065	127189	167308	523966	1210846	186112	16620	155	794	97	0
FFQ	100	0	0	0	0	166914	0	0	0	0	0	0	0	0	0	0	3160	1571	3922	16202	9803	16456	812	1341	12367	19062	52042	15846	36229	5185	97625	58533	129438	135611	172798	553634	1143661	164477	12373	110	554	63	0
# Last Fragment Qualities. Use `grep ^LFQ | cut -f 2-` to extract this part.
# Columns correspond to qualities and rows to cycles. First column is the cycle number.
LFQ	1	0	0	0	0	1	0	0	0	0	0	6671	0	0	0	0	0	10391	0	0	71	0	0	1711	12013	0	10983	30846	37266	23780	0	118834	737942	0	270964	1579210	0	0	0	0	0	0	0
LFQ	2	0	0	0	0	0	0	0	0	0	0	6032	0	0	0	0	0	10736	0	0	42	0	0	2489	10323	0	11442	28460	41483	22456	0	101437	650863	0	162056	1792864	0	0	0	0	0	0	0
LFQ	3	0	0	0	0	0	0	0	0	0	0	5524	0	0	0	0	0	10692	0	0	69	0	0	3072	9913	0	11178	27276	43168	21730	0	96656	622916	0	154210	1834279	0	0	0	0	0	0	0
LFQ	4	0	0	0	0	0	0	0	0	0	0	5724	0	0	0	0	0	4460	0	0	6128	0	0	2694	0	0	9964	12743	619	19107	0	32986	580	43666	73064	0	448574	0	2180374	0	0	0	0
LFQ	5	0	0	0	0	0	0	0	0	0	0	6848	0	0	0	0	0	4508	0	0	6750	0	0	2868	0	0	9667	12511	656	19642	0	33237	607	44684	73316	0	459821	0	2165568	0	0	0	0
LFQ	6	0	0	0	0	0	0	0	0	0	908	5327	2286	0	0	0	654	1009	6403	2022	3046	0	399	225	4137	1	11352	13035	1780	12676	8080	34038	4715	51144	69570	0	410609	52926	2144341	0	0	0	0
LFQ	7	0	0	0	0	0	0	0	0	0	647	3963	1568	0	0	0	711	787	6078	1677	2181	0	341	219	3492	1	10565	11851	1845	12925	7292	32528	5160	51127	69985	0	416271	53852	2145617	0	0	0	0
LFQ	8	0	0	0	0	0	0	1	5	0	751	4159	1674	0	0	0	662	926	5744	1763	2276	0	383	214	3583	0	10665	11898	2813	11434	7166	32369	4951	50073	68672	0	419391	54596	2144514	0	0	0	0
LFQ	9	0	0	0	0	0	0	1	3	0	824	4376	1814	0	0	1	680	901	5889	1898	2326	0	372	200	3673	1	10455	3291	12879	9601	7458	32678	3696	44568	46007	29801	142392	0	265324	165145	2044429	0	0
LFQ	10	0	0	0	0	1	0	1	1	0	727	3959	1601	0	0	1	758	917	5717	1923	2481	1	345	201	3676	3	10915	3393	15134	7743	7924	33369	3545	45318	47035	29537	143862	0	266821	169529	2034245	0	0
LFQ	11	0	0	0	0	0	0	1	0	2	755	4008	1630	2	0	1	714	905	5455	1803	2385	3	374	201	3856	10	10803	3383	18215	4628	7663	33437	3849	45213	46937	29396	145182	2	267005	174532	2028333	0	0
LFQ	12	0	0	0	0	0	0	1	6	1	837	4498	1699	2	1	1	661	896	5468	1961	2375	3	403	238	3787	23	10883	3483	21375	1561	7730	33984	3628	45453	47259	29564	145500	6	269518	178310	2019568	0	0
LFQ	13	0	0	0	0	4	0	0	1	6	929	4654	1822	2	0	3	710	939	5843	1958	2518	8	449	239	3951	42	10861	3449	22091	1035	7914	34159	3742	46237	47951	29616	147116	7	273011	183481	2005935	0	0
LFQ	14	0	0	0	0	3	0	2	1	5	942	4660	1852	7	1	1	30	1463	6194	2070	2475	5	421	247	1421	2779	11036	3651	22300	1059	7983	15388	21744	33450	46989	34317	26606	90435	76352	241861	167917	2015016	0
LFQ	15	0	0	0	0	6	0	1	4	1	962	4785	1789	1	2	3	61	1543	6103	2222	2703	11	473	261	1332	3084	11269	3717	22475	1151	8442	15709	21991	33686	48582	34570	27540	91120	76580	243771	167675	2007058	0
LFQ	16	0	0	0	0	0	0	2	9	6	1053	5108	1927	4	2	4	72	1600	6565	2203	2723	10	463	234	1368	3222	11463	3703	22880	1140	8290	15938	22317	33966	48475	35650	27202	92561	78449	247588	168651	1995835	0
LFQ	17	0	0	0	0	0	0	4	5	9	1049	5016	1946	4	5	5	85	1670	6436	2210	2640	8	487	245	1478	3402	11148	3790	23243	1117	8577	16015	22399	34079	49123	35600	27553	92968	78747	249410	169874	1990336	0
LFQ	18	0	0	0	0	0	0	2	6	16	1101	5257	2056	6	5	9	105	1805	6299	2417	2986	13	545	265	1598	3817	11849	3853	23703	1162	8914	16922	23224	34267	50745	36038	28243	94758	79518	253798	170079	1975302	0
LFQ	19	0	0	0	0	0	0	3	10	9	1147	5340	1976	10	15	10	142	1511	500	8114	2839	12	546	295	1665	3956	11594	3949	23902	1247	8988	17072	23159	34457	31187	55760	28748	85022	76409	206005	206975	1998109	0
LFQ	20	0	0	0	0	207	0	6	9	10	1024	4854	1634	13	9	8	185	1453	665	7370	2808	16	551	326	1712	4053	10956	3968	22970	1139	8617	17275	22503	34019	30774	55104	29077	84148	76975	207040	214084	1995121	0
LFQ	21	0	0	0	0	140	0	7	17	19	1094	5268	1779	14	11	14	213	1579	854	7205	2862	17	621	294	1794	4854	10739	4010	22615	1247	8962	17612	23178	33618	31588	55468	29899	86003	76908	212654	216397	1981129	0
LFQ	22	0	0	0	0	309	0	2	26	30	1345	6026	1945	20	22	17	300	1970	1182	7396	3276	23	693	345	2134	5696	11157	4355	23631	1337	9712	19036	24476	34814	32878	57446	31661	89242	79840	220716	220505	1947120	0
LFQ	23	0	0	0	0	0	0	5	21	38	1243	5195	1540	25	21	21	331	1908	1546	6795	2685	27	576	309	1984	5316	10288	3692	22802	1113	7929	19893	22290	34344	31241	55975	30379	82602	82108	203057	243671	1959713	0
LFQ	24	0	0	0	0	0	0	3	18	49	1304	5583	1391	19	26	28	452	2186	1793	6063	2536	39	616	353	2176	5879	9862	3849	22098	1115	7976	20749	21958	32844	30666	54947	31122	81811	82148	205427	226873	1976724	0
LFQ	25	0	0	0	0	0	0	8	32	50	1286	4819	1025	29	27	35	514	2235	2156	5232	2705	48	680	349	2400	6543	9165	3786	20794	1129	7939	21458	21787	30899	30749	54079	32098	81079	80473	207898	221772	1985405	0
LFQ	26	0	0	0	0	0	0	7	34	54	1578	5430	986	33	52	50	585	2517	2168	4465	2641	63	717	302	2519	7402	8900	3819	19780	1240	8283	22210	21872	29562	31446	53336	33339	80401	78673	209288	214664	1992267	0
LFQ	27	0	0	0	0	0	0	3	32	68	1570	5198	716	40	42	48	751	2787	2510	3799	2654	60	836	354	2620	8616	8360	4051	19489	1351	8228	23749	22040	28203	31899	52721	34710	80649	78779	212018	209576	1992156	0
LFQ	28	0	0	0	0	0	0	6	67	65	1687	5658	520	45	63	59	850	3120	2654	3241	2708	85	898	374	2886	9296	8091	4053	18602	1402	8401	25267	22269	27031	32280	52905	36414	79700	79434	215986	207607	1986959	0
LFQ	29	0	0	0	0	0	0	5	74	118	1990	5899	359	57	62	69	1103	3411	2806	2910	2893	85	1015	434	2973	10107	8116	4122	17882	1421	8521	27113	22458	25884	33259	52468	38178	79994	79774	220772	203752	1980599	0
LFQ	30	0	0	0	0	0	0	8	66	126	2089	5768	204	75	78	85	1366	3818	2669	2384	2789	103	998	425	3075	10832	8641	4177	17288	1529	8589	28895	22516	23860	34065	52232	40658	78865	80046	223394	201785	1977185	0
LFQ	31	0	0	0	0	0	0	11	96	148	2242	5794	90	82	88	120	1462	4213	2344	2183	2953	110	1074	542	3210	11544	8892	4152	16274	1664	8674	31429	22903	22337	34900	52090	43531	78645	81414	231609	196829	1967034	0
LFQ	32	0	0	0	0	0	0	8	118	176	2431	5718	30	83	120	126	1712	4535	1985	2128	2815	141	1270	615	3251	11947	9752	4301	15338	1747	8679	33024	22933	20937	35374	51399	46565	76840	82429	237404	194145	1960607	0
LFQ	33	0	0	0	0	0	0	12	134	193	2565	5768	33	118	142	177	1954	4776	1461	2115	2831	153	1352	622	3247	11890	10226	4522	14330	1928	8759	34495	23185	19104	37063	50362	49919	75000	82857	240822	188640	1959928	0
LFQ	34	0	0	0	0	0	0	8	154	239	2486	5260	23	130	170	203	2174	4757	1109	2235	2910	213	1542	704	3277	11888	10900	4632	13917	2112	8987	36204	24126	17664	38057	49635	53711	73865	83579	245790	183155	1954867	0
LFQ	35	0	0	0	0	0	0	12	177	304	2892	5919	27	143	211	248	2498	4888	669	2343	3325	237	1645	805	3398	12563	11315	4916	13781	2292	9314	37511	24940	17089	39947	49205	57450	72698	85028	253125	178680	1941088	0
LFQ	36	0	0	0	0	0	0	14	183	294	2590	5229	36	179	243	298	2783	4672	411	2207	2982	271	1777	851	3474	12410	11452	4989	13059	2426	9146	38456	24704	15844	41460	47784	61113	70146	86374	255620	177720	1939486	0
LFQ	37	0	0	0	0	0	0	14	233	353	2892	5664	38	174	276	397	3108	4377	298	2223	3154	301	1881	921	3444	12700	11086	5125	12356	2719	9278	38488	24729	15572	42597	46730	64739	67794	88165	256964	176626	1935267	0
LFQ	38	0	0	0	0	6	0	20	236	436	2775	5480	48	207	344	429	3484	4067	295	2301	3326	378	2083	1115	3771	12947	10805	5434	12484	3108	9762	39012	25591	15907	45510	46529	68775	66237	89826	260766	175620	1921569	0
LFQ	39	0	0	0	0	0	0	16	280	499	2772	5511	47	222	398	478	3702	3468	269	2343	3431	407	2131	1245	4086	13286	10593	5736	12844	3594	9954	39129	26272	16146	47666	45067	72411	65224	90751	252053	187166	1911486	0
LFQ	40	0	0	0	0	1	0	22	302	624	2835	5619	54	262	469	583	4020	3310	316	2388	3334	463	2194	1296	4355	13352	9823	6080	12897	4067	9978	38693	26680	16363	49687	44085	76347	63798	91670	254742	188939	1901035	0
LFQ	41	0	0	0	0	96	0	36	371	769	2909	5569	72	305	524	703	4367	2760	374	2499	3461	536	2380	1550	4792	14088	9487	6412	13238	4491	10437	38942	27397	17080	52232	43597	78608	63484	93539	257677	189750	1886151	0
LFQ	42	0	0	0	0	69	0	31	449	841	2853	5518	71	362	634	793	4634	2396	439	2477	3519	633	2553	1850	5119	14116	9039	6640	13307	5274	10488	38996	27806	17196	55606	42710	81751	62759	96480	260570	189812	1872892	0
LFQ	43	0	0	0	0	80	0	40	518	1012	2991	5679	103	442	750	916	4888	1979	483	2456	3797	727	2685	1992	5570	14583	8390	7350	13300	5799	10812	38781	28743	18285	57781	42993	84431	64203	98179	262810	190444	1856691	0
LFQ	44	0	0	0	0	39	0	55	655	1398	3660	7230	109	521	897	1100	5342	1820	574	2770	4287	853	2845	2362	6230	15209	7636	8164	14112	6964	11511	38776	30242	18843	60823	43451	86607	66054	101399	266011	191925	1830209	0
LFQ	45	0	0	0	0	10	0	61	706	1286	3277	5841	119	680	1071	1210	5502	1479	614	2502	3895	1352	2656	2567	6840	15355	7501	8487	13611	7862	11335	38650	30586	19454	62555	43144	88464	66799	105045	267828	190955	1821384	0
LFQ	46	0	0	0	0	6	0	64	727	1485	3493	6005	137	608	1221	1465	5450	1089	649	2666	4135	1447	2758	2890	7567	15521	6563	9274	13953	9116	11914	37677	31801	20246	64211	44171	89606	68972	107791	270182	193222	1802601	0
LFQ	47	0	0	0	0	7	0	64	752	1604	3398	5594	146	704	1477	1580	5094	983	736	2670	4012	1623	2780	3091	8259	15421	5859	9758	13768	9932	12021	36588	32369	21212	65012	44993	90680	71338	109530	271712	196689	1789227	0
LFQ	48	0	0	0	0	7	0	83	828	1801	3554	5467	169	743	1616	1659	5052	772	760	2660	4196	1704	2749	3506	8925	14856	5057	10494	13676	11364	12414	35290	33819	21799	65327	47016	92578	73853	112436	272328	199906	1772219	0
LFQ	49	0	0	0	0	8	0	99	1018	2045	3916	5489	222	797	1806	1890	4792	726	902	2772	4228	2000	2907	3717	9265	15251	4345	11226	14445	12795	13317	34238	34985	23063	65810	50001	91808	80464	115338	244648	231912	1748438	0
LFQ	50	0	0	0	0	10	0	123	1186	2281	4392	5416	247	1009	2132	2258	4444	706	957	3015	4842	2126	3022	4436	10308	15322	3929	12379	14816	14521	13948	32954	36936	24757	67371	53346	93702	84783	118810	249073	235823	1715303	0
LFQ	51	0	0	0	0	11	0	105	1177	2317	4342	4913	337	1254	2723	2602	4596	552	845	2734	3982	2911	2959	5424	12092	16307	3947	13620	13655	20772	13194	42208	41106	27359	88540	65077	106673	92044	181094	313518	438019	1307674	0
LFQ	52	0	0	0	0	16	0	134	1205	2355	4380	4428	343	1155	2921	2508	3851	622	949	2786	4212	2982	2866	5649	12092	14502	2997	14275	13404	19960	13443	33790	40220	27721	74586	63278	102209	92166	145813	287255	360382	1479228	0
LFQ	53	0	0	0	0	18	0	80	847	1848	3527	3090	334	1082	2885	2375	2979	502	788	2429	3326	2888	2661	5613	11299	12110	2347	13762	11548	20029	12204	29212	37421	25631	65017	58680	102513	86122	134412	237260	297112	1646732	0
LFQ	54	0	0	0	0	23	0	99	887	1938	3919	2815	331	1027	2754	2178	2378	531	791	2595	3372	2813	2535	5676	11136	10994	2090	13943	11158	20159	12767	25417	37328	25767	59770	59584	105312	89072	132895	223659	273185	1689785	0
LFQ	55	0	0	0	0	29	0	81	981	1960	3921	2488	328	1037	2861	2207	1867	508	836	2737	3395	2898	2674	5985	11219	7210	4937	14624	10885	20884	13391	22995	38083	26276	56404	62341	109923	93221	131702	219125	267796	1692874	0
LFQ	56	0	0	0	0	35	0	105	1000	2090	4256	2245	342	1052	3101	2099	1533	522	876	2796	3505	3095	2682	6425	11292	6507	4854	15263	10785	22146	13936	21422	38593	27754	54660	66227	115531	98740	136683	215632	271716	1671183	0
LFQ	57	0	0	0	0	45	0	125	1085	2306	4789	2050	345	1049	3350	2232	1395	529	915	3010	3640	3215	2833	6933	11313	5639	5102	16552	10690	23623	14758	19998	40501	28778	53431	69905	122711	104987	141856	213011	279134	1638848	0
LFQ	58	0	0	0	0	58	0	157	1307	2738	5720	2043	440	1212	3898	2439	1396	613	1084	3515	3879	3616	3048	7743	11998	5389	5578	18234	10651	25823	16012	19348	42581	30885	53404	75602	129636	112303	151227	211762	287417	1587927	0
LFQ	59	0	0	0	0	69	0	147	1232	2635	5522	1558	523	1260	4269	2320	1210	535	991	3350	3567	3578	2991	8825	11398	4775	5119	19648	9851	27171	16307	18893	43790	31797	52318	79037	139294	119626	161737	207882	296887	1550571	0
LFQ	60	0	0	0	0	86	0	179	1274	2748	6161	1393	545	1293	4383	2266	1034	604	1016	3784	3912	4119	3122	9584	11260	4388	5480	21453	10225	28527	17747	18715	45928	34073	51926	84260	149721	128042	172846	207234	307479	1493876	0
LFQ	61	0	0	0	0	168	0	187	1360	2992	6257	1101	577	1308	4564	2065	879	602	1077	4006	3582	4277	3151	10370	11022	3932	5656	22911	9627	29911	18376	18983	48100	35796	51710	89584	161730	136569	185602	205256	323469	1433871	0
LFQ	62	0	0	0	0	299	0	216	1612	3768	7815	1040	648	1358	5093	2202	834	638	1240	4785	4062	4705	3452	11640	11073	3837	6454	24992	9742	31137	20292	19063	50575	38123	52081	95836	175414	147622	196652	201414	336157	1364725	0
LFQ	63	0	0	0	0	501	0	206	1300	3159	6707	761	814	1333	5274	1934	741	552	1149	4618	3568	4975	3653	12190	10481	3635	6047	26290	8924	32451	20941	19780	51878	39568	52356	100724	191772	158509	211065	194781	354239	1303690	0
LFQ	64	0	0	0	0	774	0	255	1373	3533	7175	618	888	1297	5335	1748	717	588	1161	5083	3579	5193	3876	13046	9784	3417	6385	27262	8920	32304	22232	20615	53730	41941	51889	106871	209125	171437	224448	190582	368935	1234413	0
LFQ	65	0	0	0	0	1187	0	256	1322	3549	6690	501	932	1207	5241	1680	594	614	1167	4743	3785	5574	3822	12515	9467	3468	6420	28203	7258	32313	24741	21697	54003	43431	52268	111912	228773	184282	240416	185495	385180	1165789	0
LFQ	66	0	0	0	0	1812	0	267	1244	3544	6087	426	945	1163	5067	1438	559	608	1227	4793	3439	5762	3991	12931	8797	3378	6507	29034	7067	31236	26009	23022	54719	45083	52869	117231	250661	198685	257627	176592	401318	1095296	0
LFQ	67	0	0	0	0	2436	0	283	1347	4138	7040	352	1021	1156	5110	1363	652	700	1273	5447	3676	5946	4251	13285	8303	3570	7306	30849	7134	30859	27807	24332	56306	47261	53726	123944	275314	214941	272371	169089	412838	1014979	0
LFQ	68	0	0	0	0	3025	0	293	1301	4131	6782	378	1166	1153	5257	1354	627	674	1308	5588	3346	6368	4377	13738	7887	3775	7408	32674	6751	30760	29719	26288	57363	49430	55618	131186	301394	230095	290601	161351	425198	932010	0
LFQ	69	0	0	0	0	3680	0	327	1477	4758	7184	385	1274	1188	5266	1368	685	703	1381	6294	3351	6920	4547	14320	7463	3900	8147	34195	7066	29835	32122	28315	58973	51033	57833	139730	330714	246094	309167	152824	432075	845724	0
LFQ	70	0	0	0	0	4448	0	341	1357	4793	6563	437	1407	1297	5595	1296	756	667	1470	6632	3264	7295	4901	13604	6371	5597	8625	35680	6997	29348	33980	30409	60053	54272	61019	148315	361963	260614	329039	143165	439445	759272	0
LFQ	71	0	0	0	0	5325	0	383	1327	5138	6414	440	1458	1240	5288	1120	790	716	1499	6881	3177	7603	4916	13344	6104	6014	8912	37026	6947	28436	36350	32572	60910	55712	64401	157005	396718	277035	347211	134085	440640	677128	0
LFQ	72	0	0	0	0	6283	0	460	1510	6253	7158	522	1578	1280	5289	1173	816	725	1630	7670	3082	8159	5078	13488	5761	6370	9735	38930	7416	27116	38487	34182	63132	57691	67289	167082	433327	292741	363891	124169	435558	595200	0
LFQ	73	0	0	0	0	7394	0	430	1320	5856	6014	596	1776	1337	5434	1097	824	719	1634	7377	2835	8586	5351	13043	5602	6563	9882	39655	7425	25959	40035	35955	62968	59686	71069	176655	473347	309601	380737	112983	431323	519098	0
LFQ	74	0	0	0	0	8605	0	465	1619	7386	6942	597	1882	1367	5301	1213	903	789	1765	8624	2961	9118	5598	13053	5663	7041	11059	41482	7798	24531	42990	37555	65149	61596	75300	188513	512888	324716	394926	103448	414996	442252	0
LFQ	75	0	0	0	0	9948	0	474	1440	6975	5859	674	2110	1428	5142	1030	972	709	1749	8316	2716	9707	5766	12722	5602	7365	11564	40302	10344	23899	44975	39432	66787	63430	79156	200177	554882	341113	405601	91991	400686	375005	0
LFQ	76	0	0	0	0	11357	0	680	1934	10085	8424	745	2281	1594	5321	1070	1057	881	2005	9867	2973	10439	6093	12306	5828	7914	12561	41538	10803	22535	47628	40001	68043	65208	82659	212161	598754	355407	411098	81995	377585	309176	0
LFQ	77	0	0	0	0	12844	0	508	1263	7524	5019	770	2363	1485	5078	957	1136	747	1983	9017	2676	11552	6283	11731	5950	8221	13087	43574	11441	22171	50778	42240	71092	68241	87193	225472	646614	370000	411976	73300	353508	252144	0
LFQ	78	0	0	0	0	14427	0	565	1171	7506	4425	842	2241	1407	4306	921	1216	741	1917	9100	2561	11401	6057	10399	6141	8377	13742	42806	11815	19875	53060	42715	72988	70986	91782	240866	694948	384142	410502	63143	329567	200969	0
LFQ	79	0	0	0	0	16171	0	594	1292	8968	4691	853	2336	1438	3970	925	1264	818	2123	9866	2634	12029	6115	9541	6136	8740	14968	43615	12568	18414	55369	43375	74821	72529	94774	255398	744578	393022	405426	54941	298265	156921	0
LFQ	80	0	0	0	0	18093	0	677	1254	9132	4218	1029	2477	1606	4050	917	1322	840	2191	10148	2769	12955	6129	8816	6472	8919	16030	44192	13355	17285	57738	43841	77478	74575	98870	270105	794342	401444	393359	47018	266316	119471	0
LFQ	81	0	0	0	0	20255	0	660	1132	8866	3482	1049	2516	1521	3732	860	1435	844	2261	10120	2838	13614	6244	7977	6787	9415	17073	44063	13688	16145	59328	44009	79062	76632	101846	283914	846247	410546	378390	38957	234317	89580	0
LFQ	82	0	0	0	0	22610	0	722	1285	10514	3690	1183	2574	1660	3422	910	1528	852	2466	10895	3006	14504	6271	7378	7202	9943	18586	44388	14471	15385	62123	44272	81827	78860	105567	299328	895396	409890	359005	32499	200660	64445	0
LFQ	83	0	0	0	0	25094	0	766	1099	9764	2800	1318	2699	1707	3053	845	1575	863	2492	10595	3192	15054	6046	6549	7370	10173	19718	44144	15648	14527	64141	45004	85059	80879	109180	315335	945509	408599	337674	26541	168194	45537	0
LFQ	84	0	0	0	0	27747	0	777	1135	10433	2621	1345	2577	1772	2637	856	1627	893	2637	11127	3460	15853	5925	5740	7612	10692	21648	43687	16153	13533	66462	44975	88172	83529	112792	331916	991031	405498	312066	21171	137067	31117	0
LFQ	85	0	0	0	0	30599	0	766	1019	10192	2228	1381	2679	1674	2337	770	1789	897	2651	10907	3773	16354	5590	4805	8114	11008	22141	42907	16887	12768	68151	45327	89346	86034	115656	347040	1037651	402336	285101	16648	109757	20862	0
LFQ	86	0	0	0	0	34025	0	833	994	10495	1972	1498	2707	1803	2014	711	1873	790	2835	11162	3933	16879	5282	4121	8212	11593	24001	41150	17721	12115	69882	45268	92006	87992	118642	360176	1082852	395071	254613	12797	86551	13447	0
LFQ	87	0	0	0	0	37511	0	933	1009	11382	1745	1659	2916	1832	1855	788	1993	923	2784	11705	4368	17531	4955	3733	8806	11932	25715	39931	18880	11415	71732	45315	94236	90263	120876	373243	1123051	384136	224524	9702	65876	8622	0
LFQ	88	0	0	0	0	41553	0	1008	1014	12748	1746	1798	2868	1867	1662	782	2113	966	3058	12223	4808	18487	4915	3174	9371	12418	27886	39579	20305	10980	73508	45590	96341	92459	123954	387776	1156579	369564	193145	7268	48583	5634	0
LFQ	89	0	0	0	0	45922	0	1006	907	12278	1410	2015	2973	1908	1413	710	2135	944	3131	11711	5034	18230	4353	2566	9353	12598	29033	36672	20755	9851	73416	45084	97539	93111	123043	390443	1202923	364241	166705	4961	35405	3671	0
LFQ	90	0	0	0	0	50776	0	975	755	11296	1100	2026	2963	1771	1125	617	2228	899	3238	11546	5392	18748	3789	2209	9573	13186	30719	34559	21769	9449	74701	44861	98056	93929	123827	398770	1239258	351592	140267	3520	24957	2489	0
LFQ	91	0	0	0	0	56321	0	1024	663	11300	973	2084	2534	1684	891	621	2389	951	3378	11898	5769	18434	3540	1857	10084	13598	32200	32297	22705	8780	75472	44758	99286	95476	124933	405324	1270468	337005	115540	2489	17291	1679	0
LFQ	92	0	0	0	0	62480	0	1001	691	11498	844	2007	2472	1597	718	556	2383	942	3348	11692	6256	18680	2910	1604	10295	13762	34026	30022	24100	8185	76474	45177	99714	96764	126649	413060	1295406	318472	94592	1550	11371	1182	0
LFQ	93	0	0	0	0	69434	0	912	530	10122	719	2164	2433	1620	589	450	2409	957	3405	11191	6377	18416	2629	1303	10160	14106	35001	27392	24288	7579	76015	44935	101047	98732	127744	418079	1322166	303388	76482	1100	7512	846	0
LFQ	94	0	0	0	0	78045	0	888	429	9452	539	2012	2021	1462	416	450	2470	947	3249	11197	6687	17751	2172	1176	10402	14500	36828	25001	25060	6989	76685	44837	101707	99240	129038	426386	1341444	285866	60282	761	5050	624	0
LFQ	95	0	0	0	0	88312	0	939	431	9466	497	2009	1819	590	1085	385	2480	993	3423	11426	7052	17148	1819	1123	10415	14906	38686	22968	26364	6540	78034	45554	103896	100928	130216	432760	1351193	267102	46965	559	3337	424	0
LFQ	96	0	0	0	0	99758	0	789	257	7830	416	1919	1593	485	950	346	2462	946	3311	11443	7427	16763	1494	1030	10666	15321	39652	21014	27623	5977	78762	46388	105261	103299	132230	441607	1354908	249997	36708	351	2338	315	0
LFQ	97	0	0	0	0	112971	0	483	181	5665	311	1419	1012	302	729	229	2420	909	3173	10861	7510	15538	1106	936	10311	15289	40257	18750	28338	5432	79025	46029	106378	103841	133972	449462	1361628	235795	28943	262	1665	217	0
LFQ	98	0	0	0	0	127633	0	220	62	3106	120	730	549	132	422	144	2307	969	3132	11218	7441	14676	897	886	10462	15252	41617	16385	29018	4829	80055	47100	107812	106086	135882	455004	1361299	220957	23091	213	1153	142	0
LFQ	99	0	0	0	0	141203	0	2	0	22	2	11	5	2	59	29	2199	1035	2899	11497	7360	13580	696	937	10376	15692	41908	14368	29737	4322	80232	47025	108744	106771	138164	462226	1360652	209080	18677	141	894	99	0
LFQ	100	0	0	0	0	151016	0	0	0	0	0	0	0	0	0	0	3008	1354	3547	14141	9253	15448	657	1001	11568	16987	46392	13741	32098	4192	84855	49838	115325	113764	144019	488360	1304468	189867	14545	114	608	64	0
# GC Content of first fragments. Use `grep ^GCF | cut -f 2-` to extract this part.
GCF	3.77	0
GCF	8.54	1
GCF	10.05	9
GCF	11.06	14
GCF	11.81	22
GCF	12.31	24
GCF	12.81	51
GCF	13.32	52
GCF	13.82	108
GCF	14.32	107
GCF	14.82	148
GCF	15.33	150
GCF	15.83	324
GCF	16.33	325
GCF	16.83	664
GCF	17.34	672
GCF	17.84	1109
GCF	18.34	1101
GCF	18.84	1915
GCF	19.35	1920
GCF	19.85	3121
GCF	20.35	3128
GCF	20.85	4640
GCF	21.36	4638
GCF	21.86	6949
GCF	22.36	6954
GCF	22.86	10300
GCF	23.37	10308
GCF	23.87	13745
GCF	24.37	13761
GCF	24.87	19240
GCF	25.38	19285
GCF	25.88	25502
GCF	26.38	25535
GCF	26.88	34200
GCF	27.39	34220
GCF	27.89	44503
GCF	28.39	44527
GCF	28.89	55658
GCF	29.40	55664
GCF	29.90	67098
GCF	30.40	67134
GCF	30.90	81502
GCF	31.41	81507
GCF	31.91	97410
GCF	32.41	97382
GCF	32.91	113836
GCF	33.42	113884
GCF	33.92	132881
GCF	34.42	132883
GCF	34.92	152222
GCF	35.43	152183
GCF	35.93	167772
GCF	36.43	167859
GCF	36.93	178875
GCF	37.44	178856
GCF	37.94	185295
GCF	38.44	185267
GCF	38.94	186157
GCF	39.45	186169
GCF	39.95	181504
GCF	40.45	181443
GCF	40.95	174917
GCF	41.46	174896
GCF	41.96	162615
GCF	42.46	162602
GCF	42.96	143802
GCF	43.47	143792
GCF	43.97	121541
GCF	44.47	121543
GCF	44.97	97231
GCF	45.48	97173
GCF	45.98	77924
GCF	46.48	77913
GCF	46.98	60874
GCF	47.49	60864
GCF	47.99	46608
GCF	48.49	46599
GCF	48.99	34130
GCF	49.50	34095
GCF	50.00	26681
GCF	50.50	26718
GCF	51.01	20812
GCF	51.51	20772
GCF	52.01	15083
GCF	52.51	15078
GCF	53.02	12074
GCF	53.52	12050
GCF	54.02	9920
GCF	54.52	9903
GCF	55.28	7954
GCF	56.03	6748
GCF	56.53	6760
GCF	57.04	5747
GCF	57.54	5741
GCF	58.04	5290
GCF	58.54	5273
GCF	59.05	4917
GCF	59.55	4920
GCF	60.05	4626
GCF	60.55	4621
GCF	61.31	4259
GCF	62.06	3914
GCF	62.56	3910
GCF	63.07	3774
GCF	63.57	3778
GCF	64.07	3262
GCF	64.57	3254
GCF	65.08	2976
GCF	65.58	2977
GCF	66.08	2689
GCF	66.58	2684
GCF	67.09	2401
GCF	67.59	2403
GCF	68.09	2085
GCF	68.59	2080
GCF	69.10	1881
GCF	69.60	1882
GCF	70.10	1540
GCF	70.60	1548
GCF	71.11	1105
GCF	71.61	1108
GCF	72.11	952
GCF	72.61	942
GCF	73.12	844
GCF	73.62	837
GCF	74.37	842
GCF	75.13	839
GCF	75.63	840
GCF	76.13	598
GCF	76.63	601
GCF	77.14	523
GCF	77.64	520
GCF	78.14	430
GCF	78.64	434
GCF	79.40	264
GCF	80.15	261
GCF	80.65	257
GCF	81.41	184
GCF	82.41	127
GCF	83.17	75
GCF	83.67	72
GCF	84.17	56
GCF	84.67	53
GCF	85.18	35
GCF	85.68	34
GCF	86.18	14
GCF	86.68	11
GCF	87.44	1
GCF	88.44	0
GCF	89.45	1
# GC Content of last fragments. Use `grep ^GCL | cut -f 2-` to extract this part.
GCL	3.77	0
GCL	8.04	2
GCL	9.05	5
GCL	10.05	3
GCL	11.06	15
GCL	12.06	19
GCL	12.81	52
GCL	13.32	53
GCL	13.82	76
GCL	14.32	79
GCL	14.82	155
GCL	15.33	154
GCL	15.83	316
GCL	16.33	320
GCL	16.83	602
GCL	17.34	605
GCL	17.84	1055
GCL	18.34	1056
GCL	18.84	1912
GCL	19.35	1915
GCL	19.85	2902
GCL	20.35	2905
GCL	20.85	4536
GCL	21.36	4541
GCL	21.86	6977
GCL	22.36	6993
GCL	22.86	9881
GCL	23.37	9879
GCL	23.87	13540
GCL	24.37	13558
GCL	24.87	18778
GCL	25.38	18795
GCL	25.88	24926
GCL	26.38	24968
GCL	26.88	33166
GCL	27.39	33208
GCL	27.89	43663
GCL	28.39	43654
GCL	28.89	54643
GCL	29.40	54665
GCL	29.90	66440
GCL	30.40	66462
GCL	30.90	80171
GCL	31.41	80189
GCL	31.91	96470
GCL	32.41	96463
GCL	32.91	112440
GCL	33.42	112449
GCL	33.92	130050
GCL	34.42	130069
GCL	34.92	148961
GCL	35.43	148975
GCL	35.93	166378
GCL	36.43	166340
GCL	36.93	176681
GCL	37.44	176629
GCL	37.94	183815
GCL	38.44	183788
GCL	38.94	185180
GCL	39.45	185217
GCL	39.95	180712
GCL	40.45	180665
GCL	40.95	176174
GCL	41.46	176155
GCL	41.96	162591
GCL	42.46	162600
GCL	42.96	145197
GCL	43.47	145170
GCL	43.97	124798
GCL	44.47	124766
GCL	44.97	100152
GCL	45.48	100132
GCL	45.98	80639
GCL	46.48	80632
GCL	46.98	62998
GCL	47.49	62969
GCL	47.99	47992
GCL	48.49	47981
GCL	48.99	35656
GCL	49.50	35619
GCL	50.00	27698
GCL	50.50	27691
GCL	51.01	21518
GCL	51.51	21523
GCL	52.01	15397
GCL	52.51	15395
GCL	53.02	12520
GCL	53.52	12507
GCL	54.02	10656
GCL	54.52	10647
GCL	55.03	8154
GCL	55.53	8137
GCL	56.03	6894
GCL	56.53	6902
GCL	57.04	5715
GCL	57.54	5699
GCL	58.04	5496
GCL	58.54	5476
GCL	59.05	5142
GCL	59.55	5141
GCL	60.05	4830
GCL	60.55	4825
GCL	61.06	4323
GCL	61.56	4324
GCL	62.06	4008
GCL	62.56	3996
GCL	63.07	3753
GCL	63.57	3757
GCL	64.07	3387
GCL	64.57	3386
GCL	65.08	2960
GCL	65.58	2952
GCL	66.08	2743
GCL	66.58	2741
GCL	67.09	2484
GCL	67.59	2485
GCL	68.34	2301
GCL	69.10	2121
GCL	69.60	2119
GCL	70.10	1647
GCL	70.60	1652
GCL	71.11	1289
GCL	71.61	1295
GCL	72.11	1161
GCL	72.61	1154
GCL	73.12	946
GCL	73.62	947
GCL	74.12	860
GCL	74.62	858
GCL	75.13	720
GCL	75.63	718
GCL	76.13	621
GCL	76.63	622
GCL	77.14	579
GCL	77.64	581
GCL	78.14	452
GCL	78.64	453
GCL	79.40	251
GCL	80.15	287
GCL	80.65	288
GCL	81.16	173
GCL	81.66	169
GCL	82.16	153
GCL	82.66	155
GCL	83.17	77
GCL	83.67	74
GCL	84.42	62
GCL	85.18	48
GCL	85.68	49
GCL	86.18	30
GCL	86.68	29
GCL	87.44	4
GCL	88.44	0
GCL	89.45	1
# ACGT content per cycle. Use `grep ^GCC | cut -f 2-` to extract this part. The columns are: cycle; A,C,G,T base counts as a percentage of all A/C/G/T bases [%]; and N and O counts as a percentage of all A/C/G/T bases [%]
GCC	1	31.72	24.30	11.22	32.77	0.10	0.00
GCC	2	36.12	15.13	20.99	27.76	0.00	0.00
GCC	3	32.55	18.97	18.36	30.13	0.00	0.00
GCC	4	28.69	20.99	17.36	32.96	0.06	0.00
GCC	5	29.98	17.73	18.97	33.33	0.00	0.00
GCC	6	30.58	20.11	19.16	30.15	0.00	0.00
GCC	7	30.22	18.07	20.46	31.26	0.00	0.00
GCC	8	30.88	18.57	18.85	31.70	0.00	0.00
GCC	9	29.59	19.14	18.90	32.37	0.00	0.00
GCC	10	30.40	19.55	19.21	30.84	0.00	0.00
GCC	11	30.64	19.21	19.52	30.63	0.00	0.00
GCC	12	30.51	19.57	19.34	30.58	0.00	0.00
GCC	13	30.76	19.39	19.03	30.83	0.00	0.00
GCC	14	31.25	18.83	19.43	30.49	0.00	0.00
GCC	15	30.83	19.41	19.15	30.61	0.00	0.00
GCC	16	30.62	19.39	18.90	31.09	0.00	0.00
GCC	17	30.65	18.93	19.58	30.84	0.00	0.00
GCC	18	30.34	19.59	19.39	30.68	0.00	0.00
GCC	19	30.49	19.52	19.06	30.92	0.00	0.00
GCC	20	30.71	19.05	19.67	30.58	0.00	0.00
GCC	21	30.36	19.56	19.42	30.66	0.00	0.00
GCC	22	30.45	19.61	19.10	30.84	0.01	0.00
GCC	23	30.71	19.10	19.63	30.56	0.00	0.00
GCC	24	30.38	19.59	19.50	30.53	0.00	0.00
GCC	25	30.40	19.70	19.15	30.75	0.00	0.00
GCC	26	30.60	19.21	19.63	30.55	0.00	0.00
GCC	27	30.26	19.63	19.56	30.56	0.00	0.00
GCC	28	30.39	19.66	19.22	30.73	0.00	0.00
GCC	29	30.61	19.17	19.73	30.49	0.00	0.00
GCC	30	30.24	19.66	19.59	30.50	0.00	0.00
GCC	31	30.32	19.72	19.27	30.69	0.00	0.00
GCC	32	30.57	19.24	19.77	30.41	0.00	0.00
GCC	33	30.31	19.66	19.64	30.39	0.00	0.00
GCC	34	30.48	19.70	19.27	30.55	0.00	0.00
GCC	35	30.72	19.16	19.77	30.35	0.00	0.00
GCC	36	30.34	19.74	19.58	30.33	0.00	0.00
GCC	37	30.34	19.76	19.27	30.63	0.00	0.00
GCC	38	30.61	19.23	19.75	30.40	0.00	0.00
GCC	39	30.35	19.69	19.68	30.28	0.00	0.00
GCC	40	30.35	19.79	19.25	30.61	0.00	0.00
GCC	41	30.56	19.28	19.71	30.44	0.00	0.00
GCC	42	30.32	19.63	19.63	30.41	0.00	0.00
GCC	43	30.32	19.73	19.25	30.70	0.00	0.00
GCC	44	30.59	19.30	19.72	30.39	0.00	0.00
GCC	45	30.35	19.62	19.64	30.39	0.00	0.00
GCC	46	30.36	19.73	19.32	30.59	0.00	0.00
GCC	47	30.65	19.24	19.76	30.35	0.00	0.00
GCC	48	30.32	19.67	19.63	30.38	0.00	0.00
GCC	49	30.37	19.69	19.32	30.62	0.00	0.00
GCC	50	30.58	19.25	19.79	30.39	0.00	0.00
GCC	51	30.31	19.70	19.65	30.34	0.00	0.00
GCC	52	30.39	19.78	19.27	30.56	0.00	0.00
GCC	53	30.58	19.32	19.69	30.41	0.00	0.00
GCC	54	30.35	19.66	19.61	30.38	0.00	0.00
GCC	55	30.39	19.71	19.29	30.61	0.00	0.00
GCC	56	30.64	19.17	19.77	30.42	0.00	0.00
GCC	57	30.31	19.69	19.63	30.37	0.00	0.00
GCC	58	30.35	19.73	19.30	30.62	0.00	0.00
GCC	59	30.56	19.27	19.77	30.39	0.00	0.00
GCC	60	30.34	19.67	19.70	30.30	0.00	0.00
GCC	61	30.37	19.76	19.32	30.56	0.00	0.00
GCC	62	30.57	19.30	19.77	30.36	0.00	0.00
GCC	63	30.33	19.75	19.57	30.35	0.00	0.00
GCC	64	30.39	19.69	19.28	30.64	0.00	0.00
GCC	65	30.69	19.21	19.77	30.33	0.00	0.00
GCC	66	30.34	19.66	19.66	30.34	0.00	0.00
GCC	67	30.43	19.67	19.32	30.58	0.00	0.00
GCC	68	30.63	19.21	19.76	30.39	0.00	0.00
GCC	69	30.32	19.69	19.63	30.37	0.00	0.00
GCC	70	30.33	19.77	19.28	30.61	0.00	0.00
GCC	71	30.58	19.28	19.79	30.36	0.00	0.00
GCC	72	30.35	19.72	19.63	30.31	0.00	0.00
GCC	73	30.37	19.73	19.28	30.62	0.00	0.00
GCC	74	30.59	19.27	19.80	30.34	0.00	0.00
GCC	75	30.30	19.68	19.64	30.38	0.00	0.00
GCC	76	30.35	19.75	19.29	30.61	0.00	0.00
GCC	77	30.61	19.26	19.78	30.35	0.00	0.00
GCC	78	30.35	19.63	19.66	30.36	0.00	0.00
GCC	79	30.36	19.73	19.30	30.61	0.00	0.00
GCC	80	30.58	19.25	19.79	30.38	0.00	0.00
GCC	81	30.32	19.71	19.62	30.35	0.00	0.00
GCC	82	30.39	19.70	19.33	30.58	0.00	0.00
GCC	83	30.64	19.29	19.76	30.32	0.00	0.00
GCC	84	30.34	19.72	19.60	30.34	0.00	0.00
GCC	85	30.33	19.75	19.29	30.63	0.00	0.00
GCC	86	30.68	19.26	19.76	30.30	0.00	0.00
GCC	87	30.33	19.68	19.63	30.36	0.00	0.00
GCC	88	30.42	19.69	19.28	30.62	0.00	0.00
GCC	89	30.63	19.29	19.76	30.33	0.00	0.00
GCC	90	30.36	19.68	19.60	30.36	0.00	0.00
GCC	91	30.42	19.71	19.36	30.51	0.00	0.00
GCC	92	30.63	19.29	19.79	30.29	0.00	0.00
GCC	93	30.37	19.69	19.61	30.32	0.00	0.00
GCC	94	30.36	19.76	19.32	30.55	0.00	0.00
GCC	95	30.64	19.24	19.81	30.30	0.00	0.00
GCC	96	30.33	19.72	19.61	30.34	0.00	0.00
GCC	97	30.40	19.69	19.35	30.56	0.00	0.00
GCC	98	30.70	19.27	19.75	30.29	0.00	0.00
GCC	99	30.39	19.70	19.67	30.24	0.00	0.00
GCC	100	30.36	19.78	19.33	30.54	0.00	0.00
# ACGT content per cycle, read oriented. Use `grep ^GCT | cut -f 2-` to extract this part. The columns are: cycle; A,C,G,T base counts as a percentage of all A/C/G/T bases [%]
GCT	1	31.73	24.36	11.15	32.75
GCT	2	36.16	15.09	21.02	27.73
GCT	3	32.56	18.97	18.36	30.12
GCT	4	28.70	20.99	17.36	32.96
GCT	5	29.98	17.73	18.96	33.33
GCT	6	30.60	20.12	19.15	30.13
GCT	7	30.22	18.05	20.48	31.25
GCT	8	30.90	18.56	18.86	31.68
GCT	9	29.59	19.14	18.91	32.36
GCT	10	30.41	19.55	19.21	30.83
GCT	11	30.65	19.22	19.52	30.62
GCT	12	30.53	19.57	19.34	30.56
GCT	13	30.77	19.38	19.03	30.81
GCT	14	31.27	18.83	19.43	30.47
GCT	15	30.85	19.40	19.16	30.59
GCT	16	30.64	19.38	18.91	31.08
GCT	17	30.67	18.92	19.58	30.82
GCT	18	30.36	19.59	19.38	30.67
GCT	19	30.51	19.52	19.07	30.90
GCT	20	30.73	19.05	19.67	30.56
GCT	21	30.38	19.55	19.43	30.64
GCT	22	30.48	19.61	19.10	30.82
GCT	23	30.72	19.10	19.63	30.55
GCT	24	30.39	19.59	19.51	30.51
GCT	25	30.41	19.70	19.16	30.74
GCT	26	30.62	19.21	19.64	30.53
GCT	27	30.27	19.62	19.56	30.55
GCT	28	30.40	19.67	19.22	30.71
GCT	29	30.62	19.17	19.73	30.47
GCT	30	30.26	19.66	19.60	30.49
GCT	31	30.32	19.72	19.27	30.68
GCT	32	30.58	19.24	19.78	30.40
GCT	33	30.33	19.65	19.65	30.37
GCT	34	30.49	19.69	19.28	30.54
GCT	35	30.74	19.16	19.77	30.33
GCT	36	30.35	19.74	19.59	30.32
GCT	37	30.37	19.76	19.27	30.60
GCT	38	30.62	19.24	19.75	30.39
GCT	39	30.36	19.68	19.69	30.28
GCT	40	30.36	19.78	19.25	30.61
GCT	41	30.57	19.28	19.72	30.43
GCT	42	30.34	19.63	19.64	30.40
GCT	43	30.34	19.73	19.24	30.69
GCT	44	30.60	19.30	19.72	30.37
GCT	45	30.35	19.63	19.64	30.38
GCT	46	30.37	19.72	19.32	30.58
GCT	47	30.65	19.24	19.76	30.35
GCT	48	30.33	19.67	19.63	30.37
GCT	49	30.37	19.69	19.32	30.62
GCT	50	30.59	19.25	19.79	30.38
GCT	51	30.31	19.69	19.66	30.34
GCT	52	30.40	19.78	19.28	30.54
GCT	53	30.60	19.31	19.69	30.40
GCT	54	30.36	19.65	19.61	30.37
GCT	55	30.40	19.71	19.30	30.59
GCT	56	30.65	19.17	19.78	30.41
GCT	57	30.33	19.69	19.64	30.35
GCT	58	30.35	19.72	19.31	30.62
GCT	59	30.57	19.27	19.78	30.38
GCT	60	30.35	19.67	19.70	30.28
GCT	61	30.39	19.75	19.32	30.54
GCT	62	30.58	19.30	19.78	30.34
GCT	63	30.34	19.74	19.58	30.34
GCT	64	30.41	19.69	19.27	30.62
GCT	65	30.70	19.20	19.77	30.32
GCT	66	30.35	19.66	19.66	30.33
GCT	67	30.44	19.66	19.32	30.58
GCT	68	30.65	19.21	19.76	30.38
GCT	69	30.33	19.69	19.62	30.36
GCT	70	30.35	19.77	19.29	30.60
GCT	71	30.59	19.27	19.79	30.35
GCT	72	30.36	19.72	19.63	30.30
GCT	73	30.38	19.73	19.28	30.62
GCT	74	30.60	19.27	19.80	30.33
GCT	75	30.30	19.68	19.65	30.37
GCT	76	30.36	19.74	19.30	30.60
GCT	77	30.63	19.25	19.79	30.33
GCT	78	30.36	19.63	19.66	30.35
GCT	79	30.37	19.72	19.31	30.60
GCT	80	30.59	19.25	19.80	30.37
GCT	81	30.33	19.71	19.62	30.34
GCT	82	30.40	19.70	19.34	30.57
GCT	83	30.65	19.28	19.76	30.31
GCT	84	30.35	19.71	19.61	30.33
GCT	85	30.35	19.74	19.30	30.61
GCT	86	30.69	19.25	19.77	30.29
GCT	87	30.33	19.68	19.63	30.35
GCT	88	30.43	19.68	19.29	30.61
GCT	89	30.64	19.28	19.77	30.32
GCT	90	30.37	19.67	19.60	30.35
GCT	91	30.43	19.71	19.36	30.50
GCT	92	30.64	19.29	19.80	30.27
GCT	93	30.38	19.68	19.63	30.32
GCT	94	30.37	19.75	19.34	30.54
GCT	95	30.65	19.23	19.83	30.29
GCT	96	30.35	19.72	19.61	30.32
GCT	97	30.41	19.69	19.35	30.55
GCT	98	30.72	19.26	19.75	30.27
GCT	99	30.40	19.69	19.68	30.23
GCT	100	30.37	19.76	19.34	30.53
# ACGT content per cycle for first fragments. Use `grep ^FBC | cut -f 2-` to extract this part. The columns are: cycle; A,C,G,T base counts as a percentage of all A/C/G/T bases [%]; and N and O counts as a percentage of all A/C/G/T bases [%]
FBC	1	31.31	23.64	11.33	33.71	0.20	0.00
FBC	2	35.72	14.78	21.09	28.41	0.00	0.00
FBC	3	32.31	18.65	18.40	30.64	0.00	0.00
FBC	4	28.68	20.61	17.34	33.37	0.13	0.00
FBC	5	29.81	17.69	18.90	33.60	0.00	0.00
FBC	6	30.52	19.95	19.05	30.49	0.00	0.00
FBC	7	30.21	17.97	20.35	31.47	0.00	0.00
FBC	8	30.80	18.50	18.92	31.79	0.00	0.00
FBC	9	29.54	19.05	18.96	32.45	0.00	0.00
FBC	10	30.41	19.41	19.20	30.98	0.00	0.00
FBC	11	30.60	19.10	19.51	30.79	0.00	0.00
FBC	12	30.60	19.42	19.28	30.71	0.00	0.00
FBC	13	30.83	19.30	18.89	30.99	0.00	0.00
FBC	14	31.20	18.78	19.41	30.62	0.00	0.00
FBC	15	30.87	19.35	19.05	30.73	0.00	0.00
FBC	16	30.64	19.29	18.83	31.25	0.00	0.00
FBC	17	30.65	18.88	19.54	30.93	0.00	0.00
FBC	18	30.38	19.53	19.30	30.79	0.00	0.00
FBC	19	30.48	19.47	19.00	31.05	0.00	0.00
FBC	20	30.66	19.02	19.64	30.67	0.00	0.00
FBC	21	30.36	19.49	19.41	30.74	0.00	0.00
FBC	22	30.52	19.51	19.06	30.92	0.00	0.00
FBC	23	30.74	19.06	19.60	30.59	0.00	0.00
FBC	24	30.37	19.59	19.45	30.60	0.00	0.00
FBC	25	30.42	19.61	19.11	30.85	0.00	0.00
FBC	26	30.60	19.17	19.62	30.61	0.00	0.00
FBC	27	30.30	19.58	19.51	30.62	0.00	0.00
FBC	28	30.41	19.59	19.20	30.80	0.00	0.00
FBC	29	30.59	19.12	19.76	30.54	0.00	0.00
FBC	30	30.25	19.60	19.61	30.54	0.00	0.00
FBC	31	30.32	19.68	19.20	30.81	0.00	0.00
FBC	32	30.62	19.21	19.75	30.43	0.00	0.00
FBC	33	30.37	19.59	19.59	30.44	0.00	0.00
FBC	34	30.55	19.63	19.26	30.57	0.00	0.00
FBC	35	30.72	19.11	19.74	30.43	0.00	0.00
FBC	36	30.35	19.70	19.56	30.38	0.00	0.00
FBC	37	30.36	19.67	19.25	30.72	0.00	0.00
FBC	38	30.58	19.17	19.78	30.47	0.00	0.00
FBC	39	30.35	19.63	19.69	30.33	0.00	0.00
FBC	40	30.39	19.72	19.22	30.66	0.00	0.00
FBC	41	30.60	19.23	19.71	30.46	0.00	0.00
FBC	42	30.39	19.59	19.59	30.43	0.00	0.00
FBC	43	30.37	19.68	19.21	30.75	0.00	0.00
FBC	44	30.61	19.29	19.73	30.37	0.00	0.00
FBC	45	30.33	19.61	19.65	30.42	0.00	0.00
FBC	46	30.38	19.63	19.32	30.67	0.00	0.00
FBC	47	30.64	19.21	19.74	30.41	0.00	0.00
FBC	48	30.36	19.58	19.62	30.45	0.00	0.00
FBC	49	30.32	19.65	19.30	30.72	0.00	0.00
FBC	50	30.55	19.26	19.79	30.40	0.00	0.00
FBC	51	30.32	19.73	19.62	30.33	0.00	0.00
FBC	52	30.36	19.73	19.29	30.62	0.00	0.00
FBC	53	30.56	19.30	19.72	30.42	0.00	0.00
FBC	54	30.39	19.62	19.59	30.39	0.00	0.00
FBC	55	30.39	19.66	19.31	30.64	0.00	0.00
FBC	56	30.61	19.15	19.81	30.43	0.00	0.00
FBC	57	30.29	19.71	19.62	30.38	0.00	0.00
FBC	58	30.36	19.70	19.27	30.68	0.00	0.00
FBC	59	30.53	19.26	19.82	30.39	0.00	0.00
FBC	60	30.31	19.66	19.68	30.35	0.00	0.00
FBC	61	30.30	19.71	19.30	30.68	0.00	0.00
FBC	62	30.50	19.28	19.84	30.38	0.00	0.00
FBC	63	30.28	19.75	19.60	30.36	0.00	0.00
FBC	64	30.41	19.60	19.32	30.68	0.00	0.00
FBC	65	30.67	19.19	19.80	30.35	0.00	0.00
FBC	66	30.35	19.62	19.65	30.37	0.00	0.00
FBC	67	30.36	19.60	19.36	30.68	0.00	0.00
FBC	68	30.63	19.18	19.81	30.39	0.00	0.00
FBC	69	30.29	19.68	19.65	30.39	0.00	0.00
FBC	70	30.40	19.71	19.25	30.65	0.00	0.00
FBC	71	30.54	19.26	19.85	30.35	0.00	0.00
FBC	72	30.36	19.73	19.63	30.28	0.00	0.00
FBC	73	30.40	19.68	19.23	30.68	0.00	0.00
FBC	74	30.54	19.26	19.83	30.37	0.00	0.00
FBC	75	30.25	19.69	19.66	30.40	0.00	0.00
FBC	76	30.32	19.74	19.26	30.68	0.00	0.00
FBC	77	30.60	19.25	19.77	30.38	0.00	0.00
FBC	78	30.35	19.64	19.66	30.35	0.00	0.00
FBC	79	30.31	19.72	19.31	30.67	0.00	0.00
FBC	80	30.53	19.29	19.78	30.40	0.00	0.00
FBC	81	30.36	19.69	19.62	30.33	0.00	0.00
FBC	82	30.44	19.65	19.31	30.60	0.00	0.00
FBC	83	30.59	19.24	19.81	30.35	0.00	0.00
FBC	84	30.29	19.72	19.63	30.36	0.00	0.00
FBC	85	30.27	19.72	19.34	30.67	0.00	0.00
FBC	86	30.64	19.27	19.78	30.31	0.00	0.00
FBC	87	30.33	19.69	19.61	30.37	0.00	0.00
FBC	88	30.38	19.69	19.24	30.68	0.00	0.00
FBC	89	30.60	19.28	19.75	30.36	0.00	0.00
FBC	90	30.32	19.68	19.65	30.36	0.00	0.00
FBC	91	30.38	19.73	19.36	30.53	0.00	0.00
FBC	92	30.56	19.29	19.83	30.32	0.00	0.00
FBC	93	30.31	19.68	19.64	30.37	0.00	0.00
FBC	94	30.34	19.74	19.33	30.59	0.00	0.00
FBC	95	30.62	19.25	19.81	30.32	0.00	0.00
FBC	96	30.30	19.72	19.61	30.36	0.00	0.00
FBC	97	30.36	19.67	19.39	30.58	0.00	0.00
FBC	98	30.66	19.23	19.76	30.35	0.00	0.00
FBC	99	30.41	19.67	19.68	30.24	0.00	0.00
FBC	100	30.29	19.77	19.35	30.59	0.00	0.00
# ACGT raw counters for first fragments. Use `grep ^FTC | cut -f 2-` to extract this part. The columns are: A,C,G,T,N base counters
FTC	86625148	55197053	55076993	87032670	9302
# ACGT content per cycle for last fragments. Use `grep ^LBC | cut -f 2-` to extract this part. The columns are: cycle; A,C,G,T base counts as a percentage of all A/C/G/T bases [%]; and N and O counts as a percentage of all A/C/G/T bases [%]
LBC	1	32.12	24.96	11.10	31.82	0.00	0.00
LBC	2	36.51	15.48	20.89	27.12	0.00	0.00
LBC	3	32.79	19.29	18.31	29.62	0.00	0.00
LBC	4	28.70	21.37	17.37	32.56	0.00	0.00
LBC	5	30.14	17.76	19.03	33.06	0.00	0.00
LBC	6	30.65	20.28	19.27	29.81	0.00	0.00
LBC	7	30.22	18.16	20.57	31.05	0.00	0.00
LBC	8	30.97	18.65	18.77	31.61	0.00	0.00
LBC	9	29.63	19.24	18.84	32.29	0.00	0.00
LBC	10	30.39	19.69	19.21	30.70	0.00	0.00
LBC	11	30.68	19.33	19.53	30.47	0.00	0.00
LBC	12	30.42	19.72	19.40	30.46	0.00	0.00
LBC	13	30.69	19.48	19.16	30.66	0.00	0.00
LBC	14	31.31	18.89	19.45	30.36	0.00	0.00
LBC	15	30.80	19.47	19.25	30.48	0.00	0.00
LBC	16	30.60	19.49	18.97	30.94	0.00	0.00
LBC	17	30.64	18.98	19.62	30.76	0.00	0.00
LBC	18	30.30	19.65	19.47	30.57	0.00	0.00
LBC	19	30.51	19.57	19.13	30.80	0.00	0.00
LBC	20	30.75	19.08	19.69	30.48	0.01	0.00
LBC	21	30.36	19.62	19.44	30.58	0.00	0.00
LBC	22	30.38	19.71	19.15	30.76	0.01	0.00
LBC	23	30.68	19.14	19.65	30.52	0.00	0.00
LBC	24	30.39	19.60	19.56	30.46	0.00	0.00
LBC	25	30.39	19.78	19.19	30.64	0.00	0.00
LBC	26	30.59	19.25	19.65	30.50	0.00	0.00
LBC	27	30.21	19.67	19.61	30.51	0.00	0.00
LBC	28	30.37	19.74	19.24	30.65	0.00	0.00
LBC	29	30.63	19.23	19.71	30.44	0.00	0.00
LBC	30	30.24	19.73	19.58	30.46	0.00	0.00
LBC	31	30.31	19.76	19.35	30.58	0.00	0.00
LBC	32	30.52	19.28	19.80	30.40	0.00	0.00
LBC	33	30.24	19.72	19.69	30.35	0.00	0.00
LBC	34	30.41	19.78	19.28	30.53	0.00	0.00
LBC	35	30.72	19.22	19.80	30.26	0.00	0.00
LBC	36	30.33	19.78	19.61	30.28	0.00	0.00
LBC	37	30.32	19.85	19.29	30.54	0.00	0.00
LBC	38	30.64	19.30	19.73	30.34	0.00	0.00
LBC	39	30.34	19.75	19.67	30.24	0.00	0.00
LBC	40	30.31	19.85	19.27	30.57	0.00	0.00
LBC	41	30.53	19.33	19.72	30.42	0.00	0.00
LBC	42	30.25	19.68	19.67	30.40	0.00	0.00
LBC	43	30.28	19.78	19.28	30.65	0.00	0.00
LBC	44	30.57	19.31	19.72	30.40	0.00	0.00
LBC	45	30.37	19.64	19.64	30.35	0.00	0.00
LBC	46	30.34	19.82	19.32	30.51	0.00	0.00
LBC	47	30.65	19.27	19.78	30.30	0.00	0.00
LBC	48	30.28	19.76	19.65	30.31	0.00	0.00
LBC	49	30.41	19.72	19.34	30.52	0.00	0.00
LBC	50	30.60	19.24	19.78	30.37	0.00	0.00
LBC	51	30.29	19.67	19.68	30.36	0.00	0.00
LBC	52	30.42	19.83	19.26	30.50	0.00	0.00
LBC	53	30.61	19.33	19.65	30.40	0.00	0.00
LBC	54	30.31	19.69	19.62	30.37	0.00	0.00
LBC	55	30.38	19.76	19.28	30.58	0.00	0.00
LBC	56	30.66	19.19	19.74	30.41	0.00	0.00
LBC	57	30.33	19.67	19.64	30.35	0.00	0.00
LBC	58	30.34	19.76	19.34	30.57	0.00	0.00
LBC	59	30.60	19.29	19.71	30.40	0.00	0.00
LBC	60	30.37	19.67	19.72	30.25	0.00	0.00
LBC	61	30.43	19.80	19.33	30.44	0.00	0.00
LBC	62	30.64	19.32	19.70	30.34	0.00	0.00
LBC	63	30.37	19.75	19.54	30.34	0.00	0.00
LBC	64	30.38	19.78	19.23	30.60	0.00	0.00
LBC	65	30.71	19.23	19.74	30.32	0.00	0.00
LBC	66	30.32	19.70	19.67	30.31	0.00	0.00
LBC	67	30.50	19.73	19.28	30.49	0.00	0.00
LBC	68	30.64	19.25	19.72	30.40	0.00	0.00
LBC	69	30.34	19.69	19.61	30.36	0.00	0.00
LBC	70	30.27	19.84	19.32	30.57	0.00	0.00
LBC	71	30.62	19.29	19.73	30.36	0.00	0.00
LBC	72	30.34	19.71	19.62	30.33	0.00	0.00
LBC	73	30.34	19.78	19.32	30.56	0.00	0.00
LBC	74	30.64	19.29	19.77	30.31	0.00	0.00
LBC	75	30.34	19.68	19.63	30.36	0.00	0.00
LBC	76	30.39	19.77	19.31	30.54	0.00	0.00
LBC	77	30.63	19.26	19.79	30.32	0.00	0.00
LBC	78	30.34	19.62	19.66	30.38	0.00	0.00
LBC	79	30.41	19.73	19.30	30.55	0.00	0.00
LBC	80	30.62	19.22	19.80	30.35	0.00	0.00
LBC	81	30.29	19.73	19.62	30.36	0.00	0.00
LBC	82	30.34	19.75	19.35	30.56	0.00	0.00
LBC	83	30.69	19.33	19.70	30.28	0.00	0.00
LBC	84	30.40	19.71	19.57	30.32	0.00	0.00
LBC	85	30.39	19.77	19.25	30.59	0.00	0.00
LBC	86	30.71	19.25	19.75	30.30	0.01	0.00
LBC	87	30.32	19.67	19.65	30.36	0.00	0.00
LBC	88	30.46	19.68	19.31	30.56	0.01	0.00
LBC	89	30.65	19.29	19.76	30.30	0.01	0.00
LBC	90	30.40	19.69	19.55	30.37	0.00	0.00
LBC	91	30.46	19.69	19.36	30.49	0.00	0.00
LBC	92	30.69	19.30	19.76	30.25	0.00	0.00
LBC	93	30.43	19.70	19.59	30.27	0.00	0.00
LBC	94	30.38	19.78	19.32	30.52	0.00	0.00
LBC	95	30.66	19.24	19.82	30.29	0.00	0.00
LBC	96	30.36	19.72	19.61	30.32	0.00	0.00
LBC	97	30.44	19.71	19.30	30.55	0.00	0.00
LBC	98	30.74	19.31	19.74	30.22	0.00	0.00
LBC	99	30.37	19.72	19.67	30.25	0.00	0.00
LBC	100	30.42	19.78	19.30	30.49	0.00	0.00
# ACGT raw counters for last fragments. Use `grep ^LTC | cut -f 2-` to extract this part. The columns are: A,C,G,T,N base counters
LTC	86736103	55509641	55110304	86588096	1839
# Insert sizes. Use `grep ^IS | cut -f 2-` to extract this part. The columns are: insert size, pairs total, inward oriented pairs, outward oriented pairs, other pairs
IS	0	30	3	23	4
IS	1	0	0	0	0
IS	2	0	0	0	0
IS	3	0	0	0	0
IS	4	0	0	0	0
IS	5	0	0	0	0
IS	6	0	0	0	0
IS	7	0	0	0	0
IS	8	0	0	0	0
IS	9	0	0	0	0
IS	10	0	0	0	0
IS	11	0	0	0	0
IS	12	0	0	0	0
IS	13	0	0	0	0
IS	14	0	0	0	0
IS	15	0	0	0	0
IS	16	0	0	0	0
IS	17	0	0	0	0
IS	18	0	0	0	0
IS	19	0	0	0	0
IS	20	0	0	0	0
IS	21	0	0	0	0
IS	22	0	0	0	0
IS	23	0	0	0	0
IS	24	0	0	0	0
IS	25	0	0	0	0
IS	26	0	0	0	0
IS	27	0	0	0	0
IS	28	0	0	0	0
IS	29	0	0	0	0
IS	30	0	0	0	0
IS	31	0	0	0	0
IS	32	0	0	0	0
IS	33	0	0	0	0
IS	34	0	0	0	0
IS	35	0	0	0	0
IS	36	0	0	0	0
IS	37	0	0	0	0
IS	38	0	0	0	0
IS	39	0	0	0	0
IS	40	0	0	0	0
IS	41	0	0	0	0
IS	42	0	0	0	0
IS	43	0	0	0	0
IS	44	0	0	0	0
IS	45	0	0	0	0
IS	46	0	0	0	0
IS	47	0	0	0	0
IS	48	0	0	0	0
IS	49	0	0	0	0
IS	50	0	0	0	0
IS	51	0	0	0	0
IS	52	0	0	0	0
IS	53	0	0	0	0
IS	54	0	0	0	0
IS	55	0	0	0	0
IS	56	0	0	0	0
IS	57	0	0	0	0
IS	58	0	0	0	0
IS	59	0	0	0	0
IS	60	2	1	1	0
IS	61	10	4	6	0
IS	62	7	3	4	0
IS	63	5	2	3	0
IS	64	4	3	1	0
IS	65	1	1	0	0
IS	66	1	1	0	0
IS	67	2	2	0	0
IS	68	3	1	2	0
IS	69	1	1	0	0
IS	70	2	1	1	0
IS	71	5	1	4	0
IS	72	3	0	3	0
IS	73	3	3	0	0
IS	74	2	1	1	0
IS	75	2	1	1	0
IS	76	4	1	3	0
IS	77	3	3	0	0
IS	78	4	1	3	0
IS	79	1	0	1	0
IS	80	0	0	0	0
IS	81	2	1	1	0
IS	82	1	0	1	0
IS	83	2	0	2	0
IS	84	3	3	0	0
IS	85	8	6	2	0
IS	86	4	4	0	0
IS	87	3	2	1	0
IS	88	6	4	2	0
IS	89	8	2	6	0
IS	90	1	1	0	0
IS	91	6	3	3	0
IS	92	5	3	2	0
IS	93	2	1	1	0
IS	94	4	2	2	0
IS	95	10	2	8	0
IS	96	10	3	7	0
IS	97	8	2	6	0
IS	98	12	4	8	0
IS	99	10	4	6	0
IS	100	25	13	12	0
IS	101	15	15	0	0
IS	102	20	20	0	0
IS	103	20	20	0	0
IS	104	22	21	1	0
IS	105	21	21	0	0
IS	106	30	27	3	0
IS	107	32	32	0	0
IS	108	44	44	0	0
IS	109	39	39	0	0
IS	110	40	40	0	0
IS	111	46	46	0	0
IS	112	53	53	0	0
IS	113	45	45	0	0
IS	114	50	50	0	0
IS	115	67	67	0	0
IS	116	58	58	0	0
IS	117	43	43	0	0
IS	118	54	54	0	0
IS	119	62	62	0	0
IS	120	73	73	0	0
IS	121	54	54	0	0
IS	122	89	89	0	0
IS	123	89	89	0	0
IS	124	123	122	1	0
IS	125	101	101	0	0
IS	126	119	119	0	0
IS	127	103	102	1	0
IS	128	131	131	0	0
IS	129	148	147	1	0
IS	130	134	134	0	0
IS	131	133	133	0	0
IS	132	151	151	0	0
IS	133	171	171	0	0
IS	134	172	172	0	0
IS	135	166	166	0	0
IS	136	185	185	0	0
IS	137	225	225	0	0
IS	138	172	172	0	0
IS	139	219	219	0	0
IS	140	225	225	0	0
IS	141	194	194	0	0
IS	142	197	197	0	0
IS	143	234	234	0	0
IS	144	235	235	0	0
IS	145	230	230	0	0
IS	146	229	229	0	0
IS	147	316	316	0	0
IS	148	281	281	0	0
IS	149	245	245	0	0
IS	150	235	235	0	0
IS	151	239	239	0	0
IS	152	242	242	0	0
IS	153	247	247	0	0
IS	154	252	252	0	0
IS	155	271	271	0	0
IS	156	273	273	0	0
IS	157	290	290	0	0
IS	158	230	230	0	0
IS	159	243	243	0	0
IS	160	285	285	0	0
IS	161	237	237	0	0
IS	162	225	225	0	0
IS	163	211	211	0	0
IS	164	271	271	0	0
IS	165	267	267	0	0
IS	166	219	219	0	0
IS	167	248	248	0	0
IS	168	218	218	0	0
IS	169	214	214	0	0
IS	170	215	215	0	0
IS	171	276	276	0	0
IS	172	256	256	0	0
IS	173	248	248	0	0
IS	174	245	245	0	0
IS	175	248	248	0	0
IS	176	214	214	0	0
IS	177	303	303	0	0
IS	178	245	245	0	0
IS	179	206	206	0	0
IS	180	211	211	0	0
IS	181	214	214	0	0
IS	182	222	222	0	0
IS	183	207	207	0	0
IS	184	234	234	0	0
IS	185	206	205	1	0
IS	186	174	174	0	0
IS	187	190	190	0	0
IS	188	171	171	0	0
IS	189	196	196	0	0
IS	190	180	180	0	0
IS	191	168	168	0	0
IS	192	234	234	0	0
IS	193	187	187	0	0
IS	194	205	205	0	0
IS	195	210	210	0	0
IS	196	199	199	0	0
IS	197	156	156	0	0
IS	198	193	193	0	0
IS	199	191	191	0	0
IS	200	177	177	0	0
IS	201	160	160	0	0
IS	202	132	132	0	0
IS	203	144	144	0	0
IS	204	211	211	0	0
IS	205	181	181	0	0
IS	206	151	151	0	0
IS	207	174	174	0	0
IS	208	145	145	0	0
IS	209	147	147	0	0
IS	210	178	178	0	0
IS	211	171	171	0	0
IS	212	160	160	0	0
IS	213	138	138	0	0
IS	214	137	137	0	0
IS	215	145	145	0	0
IS	216	151	151	0	0
IS	217	152	152	0	0
IS	218	133	133	0	0
IS	219	132	132	0	0
IS	220	120	120	0	0
IS	221	123	123	0	0
IS	222	117	117	0	0
IS	223	144	144	0	0
IS	224	101	101	0	0
IS	225	121	121	0	0
IS	226	103	103	0	0
IS	227	110	110	0	0
IS	228	119	119	0	0
IS	229	104	104	0	0
IS	230	123	123	0	0
IS	231	125	125	0	0
IS	232	117	117	0	0
IS	233	90	90	0	0
IS	234	81	81	0	0
IS	235	96	96	0	0
IS	236	93	93	0	0
IS	237	103	103	0	0
IS	238	88	88	0	0
IS	239	80	80	0	0
IS	240	88	88	0	0
IS	241	77	77	0	0
IS	242	70	70	0	0
IS	243	67	67	0	0
IS	244	55	55	0	0
IS	245	74	74	0	0
IS	246	69	69	0	0
IS	247	84	84	0	0
IS	248	70	69	1	0
IS	249	65	65	0	0
IS	250	66	66	0	0
IS	251	55	55	0	0
IS	252	52	52	0	0
IS	253	68	68	0	0
IS	254	62	62	0	0
IS	255	58	58	0	0
IS	256	51	51	0	0
IS	257	51	51	0	0
IS	258	45	45	0	0
IS	259	62	62	0	0
IS	260	40	40	0	0
IS	261	44	44	0	0
IS	262	43	43	0	0
IS	263	37	37	0	0
IS	264	38	38	0	0
IS	265	33	33	0	0
IS	266	34	34	0	0
IS	267	34	34	0	0
IS	268	31	31	0	0
IS	269	37	37	0	0
IS	270	46	46	0	0
IS	271	39	39	0	0
IS	272	31	31	0	0
IS	273	31	31	0	0
IS	274	34	34	0	0
IS	275	33	33	0	0
IS	276	29	29	0	0
IS	277	23	23	0	0
IS	278	25	25	0	0
IS	279	36	36	0	0
IS	280	31	31	0	0
IS	281	32	32	0	0
IS	282	35	35	0	0
IS	283	25	25	0	0
IS	284	18	18	0	0
IS	285	44	44	0	0
IS	286	15	15	0	0
IS	287	24	24	0	0
IS	288	25	25	0	0
IS	289	26	26	0	0
IS	290	19	19	0	0
IS	291	23	23	0	0
IS	292	14	14	0	0
IS	293	19	19	0	0
IS	294	22	22	0	0
IS	295	19	19	0	0
IS	296	12	12	0	0
IS	297	9	9	0	0
IS	298	18	18	0	0
IS	299	12	12	0	0
IS	300	18	18	0	0
IS	301	18	18	0	0
IS	302	21	21	0	0
IS	303	10	10	0	0
IS	304	16	16	0	0
IS	305	13	13	0	0
IS	306	11	11	0	0
IS	307	13	13	0	0
IS	308	16	16	0	0
IS	309	6	6	0	0
IS	310	13	13	0	0
IS	311	7	7	0	0
IS	312	11	11	0	0
IS	313	13	13	0	0
IS	314	11	11	0	0
IS	315	8	8	0	0
IS	316	10	10	0	0
IS	317	14	14	0	0
IS	318	6	6	0	0
IS	319	9	9	0	0
IS	320	6	6	0	0
IS	321	16	16	0	0
IS	322	12	12	0	0
IS	323	11	11	0	0
IS	324	5	5	0	0
IS	325	15	15	0	0
IS	326	3	3	0	0
IS	327	8	8	0	0
IS	328	4	4	0	0
IS	329	5	5	0	0
IS	330	11	11	0	0
IS	331	6	6	0	0
IS	332	7	7	0	0
IS	333	4	4	0	0
IS	334	6	6	0	0
IS	335	6	6	0	0
IS	336	4	4	0	0
IS	337	7	7	0	0
IS	338	6	6	0	0
IS	339	7	7	0	0
IS	340	5	5	0	0
IS	341	7	7	0	0
IS	342	7	7	0	0
IS	343	7	7	0	0
IS	344	5	5	0	0
IS	345	3	3	0	0
IS	346	6	6	0	0
IS	347	6	6	0	0
IS	348	7	7	0	0
IS	349	1	1	0	0
IS	350	8	8	0	0
IS	351	2	2	0	0
IS	352	9	9	0	0
IS	353	2	2	0	0
IS	354	3	3	0	0
IS	355	4	4	0	0
IS	356	4	4	0	0
IS	357	6	6	0	0
IS	358	5	5	0	0
IS	359	5	5	0	0
IS	360	5	5	0	0
IS	361	2	2	0	0
IS	362	1	1	0	0
IS	363	3	3	0	0
IS	364	3	3	0	0
IS	365	4	4	0	0
IS	366	4	4	0	0
IS	367	3	3	0	0
IS	368	0	0	0	0
IS	369	0	0	0	0
IS	370	2	2	0	0
IS	371	5	5	0	0
IS	372	4	4	0	0
IS	373	6	6	0	0
IS	374	11	11	0	0
IS	375	3	3	0	0
IS	376	1	1	0	0
IS	377	2	2	0	0
IS	378	4	4	0	0
IS	379	4	4	0	0
IS	380	0	0	0	0
IS	381	4	4	0	0
IS	382	8	8	0	0
IS	383	1	1	0	0
IS	384	4	4	0	0
IS	385	1	1	0	0
IS	386	5	5	0	0
IS	387	4	4	0	0
IS	388	1	1	0	0
IS	389	4	4	0	0
IS	390	3	3	0	0
IS	391	4	4	0	0
IS	392	4	4	0	0
IS	393	7	7	0	0
IS	394	6	6	0	0
IS	395	4	4	0	0
IS	396	3	3	0	0
IS	397	5	5	0	0
IS	398	2	2	0	0
IS	399	1	1	0	0
IS	400	6	6	0	0
IS	401	5	5	0	0
IS	402	6	6	0	0
IS	403	4	4	0	0
IS	404	2	2	0	0
IS	405	0	0	0	0
IS	406	3	3	0	0
IS	407	2	2	0	0
IS	408	0	0	0	0
IS	409	5	5	0	0
IS	410	3	3	0	0
IS	411	2	2	0	0
IS	412	2	2	0	0
IS	413	4	4	0	0
IS	414	1	1	0	0
IS	415	1	1	0	0
IS	416	5	5	0	0
# Read lengths. Use `grep ^RL | cut -f 2-` to extract this part. The columns are: read length, count
RL	60	111
RL	61	66
RL	62	60
RL	63	75
RL	64	69
RL	65	123
RL	66	61
RL	67	64
RL	68	113
RL	69	62
RL	70	46
RL	71	66
RL	72	127
RL	73	152
RL	74	88
RL	75	81
RL	76	137
RL	77	620
RL	78	280
RL	79	112
RL	80	52
RL	81	163
RL	82	1142
RL	83	919
RL	84	288
RL	85	256
RL	86	281
RL	87	344
RL	88	617
RL	89	1134
RL	90	2574
RL	91	6548
RL	92	516
RL	93	338
RL	94	438
RL	95	414
RL	96	574
RL	97	693
RL	98	712
RL	99	831
RL	100	5660019
# Read lengths - first fragments. Use `grep ^FRL | cut -f 2-` to extract this part. The columns are: read length, count
FRL	60	56
FRL	61	34
FRL	62	30
FRL	63	38
FRL	64	35
FRL	65	62
FRL	66	32
FRL	67	33
FRL	68	57
FRL	69	31
FRL	70	24
FRL	71	32
FRL	72	62
FRL	73	77
FRL	74	45
FRL	75	39
FRL	76	69
FRL	77	309
FRL	78	141
FRL	79	57
FRL	80	24
FRL	81	75
FRL	82	568
FRL	83	459
FRL	84	150
FRL	85	127
FRL	86	142
FRL	87	197
FRL	88	337
FRL	89	619
FRL	90	1335
FRL	91	3332
FRL	92	268
FRL	93	169
FRL	94	219
FRL	95	206
FRL	96	287
FRL	97	345
FRL	98	357
FRL	99	415
FRL	100	2829789
# Read lengths - last fragments. Use `grep ^LRL | cut -f 2-` to extract this part. The columns are: read length, count
LRL	60	55
LRL	61	32
LRL	62	30
LRL	63	37
LRL	64	34
LRL	65	61
LRL	66	29
LRL	67	31
LRL	68	56
LRL	69	31
LRL	70	22
LRL	71	34
LRL	72	65
LRL	73	75
LRL	74	43
LRL	75	42
LRL	76	68
LRL	77	311
LRL	78	139
LRL	79	55
LRL	80	28
LRL	81	88
LRL	82	574
LRL	83	460
LRL	84	138
LRL	85	129
LRL	86	139
LRL	87	147
LRL	88	280
LRL	89	515
LRL	90	1239
LRL	91	3216
LRL	92	248
LRL	93	169
LRL	94	219
LRL	95	208
LRL	96	287
LRL	97	348
LRL	98	355
LRL	99	416
LRL	100	2830230
# Mapping qualities for reads !(UNMAP|SECOND|SUPPL|QCFAIL|DUP). Use `grep ^MAPQ | cut -f 2-` to extract this part. The columns are: mapq, count
MAPQ	0	4674
MAPQ	1	29173
MAPQ	2	4393
MAPQ	3	536
MAPQ	4	98
MAPQ	5	27
MAPQ	6	3887
MAPQ	7	686
MAPQ	8	306
MAPQ	11	573
MAPQ	12	196
MAPQ	14	67
MAPQ	15	391
MAPQ	16	46
MAPQ	17	123
MAPQ	18	101
MAPQ	21	77
MAPQ	22	55
MAPQ	23	330
MAPQ	24	260
MAPQ	25	70
MAPQ	26	20
MAPQ	27	12
MAPQ	30	148
MAPQ	31	87
MAPQ	32	85
MAPQ	33	2
MAPQ	34	62
MAPQ	35	34
MAPQ	36	26
MAPQ	37	41
MAPQ	38	12
MAPQ	39	8
MAPQ	40	271
MAPQ	42	6442
# Indel distribution. Use `grep ^ID | cut -f 2-` to extract this part. The columns are: length, number of insertions, number of deletions
ID	1	792	916
ID	2	336	465
ID	3	94	158
ID	4	125	142
ID	5	78	68
ID	6	33	46
ID	7	19	20
ID	8	9	20
ID	9	15	1
ID	10	5	6
ID	11	2	2
ID	12	0	9
ID	13	3	39
ID	15	1	0
ID	16	0	16
# Indels per cycle. Use `grep ^IC | cut -f 2-` to extract this part. The columns are: cycle, number of insertions (fwd), .. (rev) , number of deletions (fwd), .. (rev)
IC	2	0	0	0	1
IC	3	3	1	0	3
IC	4	7	4	25	10
IC	5	19	30	4	11
IC	6	11	9	2	4
IC	7	9	16	10	8
IC	8	5	12	3	10
IC	9	12	13	8	3
IC	10	5	9	5	7
IC	11	29	11	4	6
IC	12	5	6	11	17
IC	13	6	10	8	11
IC	14	16	7	10	8
IC	15	10	10	11	5
IC	16	22	16	8	0
IC	17	4	5	7	12
IC	18	12	7	11	10
IC	19	10	7	13	10
IC	20	5	10	16	17
IC	21	10	10	15	20
IC	22	8	3	6	14
IC	23	9	8	11	15
IC	24	16	12	8	10
IC	25	8	4	15	15
IC	26	5	9	10	14
IC	27	6	5	15	11
IC	28	7	14	17	9
IC	29	6	9	10	14
IC	30	12	5	18	15
IC	31	8	10	10	10
IC	32	4	13	15	22
IC	33	4	8	13	10
IC	34	6	11	12	24
IC	35	9	6	8	19
IC	36	5	9	10	8
IC	37	6	7	11	4
IC	38	10	7	14	13
IC	39	19	6	21	9
IC	40	7	6	15	4
IC	41	16	12	7	5
IC	42	9	7	13	18
IC	43	6	8	11	26
IC	44	6	4	6	10
IC	45	5	7	8	19
IC	46	26	6	11	12
IC	47	1	4	5	3
IC	48	18	7	18	8
IC	49	9	4	31	4
IC	50	5	6	15	20
IC	51	11	4	12	5
IC	52	4	1	13	13
IC	53	9	5	11	12
IC	54	4	13	7	12
IC	55	6	6	7	15
IC	56	3	9	13	16
IC	57	5	9	7	12
IC	58	9	7	3	6
IC	59	7	4	12	9
IC	60	3	11	5	13
IC	61	6	11	11	11
IC	62	8	14	14	9
IC	63	5	5	14	4
IC	64	1	11	13	10
IC	65	4	8	7	13
IC	66	18	1	19	7
IC	67	7	5	18	12
IC	68	10	7	11	7
IC	69	7	3	16	18
IC	70	1	7	10	7
IC	71	3	10	4	19
IC	72	10	3	9	6
IC	73	6	7	9	7
IC	74	6	4	9	6
IC	75	11	15	16	10
IC	76	5	7	9	13
IC	77	12	6	6	6
IC	78	3	9	8	6
IC	79	4	7	9	7
IC	80	10	3	6	7
IC	81	8	9	10	23
IC	82	8	5	5	9
IC	83	21	6	11	7
IC	84	8	3	8	1
IC	85	7	6	6	11
IC	86	1	10	15	6
IC	87	6	6	6	6
IC	88	11	4	3	3
IC	89	6	5	5	6
IC	90	1	9	7	3
IC	91	11	2	4	7
IC	92	15	11	6	3
IC	93	7	3	14	6
IC	94	7	6	11	3
IC	95	3	2	12	6
IC	96	19	6	1	5
IC	97	1	2	0	0
IC	98	1	0	0	0
# Coverage distribution. Use `grep ^COV | cut -f 2-` to extract this part.
COV	[1-1]	1	232990
COV	[2-2]	2	125004
COV	[3-3]	3	50773
COV	[4-4]	4	40444
COV	[5-5]	5	24736
COV	[6-6]	6	20163
COV	[7-7]	7	14460
COV	[8-8]	8	10346
COV	[9-9]	9	8220
COV	[10-10]	10	7406
COV	[11-11]	11	5080
COV	[12-12]	12	4436
COV	[13-13]	13	3596
COV	[14-14]	14	2991
COV	[15-15]	15	2774
COV	[16-16]	16	2746
COV	[17-17]	17	2493
COV	[18-18]	18	2226
COV	[19-19]	19	2050
COV	[20-20]	20	1807
COV	[21-21]	21	1932
COV	[22-22]	22	1699
COV	[23-23]	23	1503
COV	[24-24]	24	1620
COV	[25-25]	25	1179
COV	[26-26]	26	1170
COV	[27-27]	27	1145
COV	[28-28]	28	1039
COV	[29-29]	29	1162
COV	[30-30]	30	1106
COV	[31-31]	31	1071
COV	[32-32]	32	895
COV	[33-33]	33	874
COV	[34-34]	34	932
COV	[35-35]	35	833
COV	[36-36]	36	973
COV	[37-37]	37	826
COV	[38-38]	38	927
COV	[39-39]	39	953
COV	[40-40]	40	826
COV	[41-41]	41	804
COV	[42-42]	42	829
COV	[43-43]	43	845
COV	[44-44]	44	874
COV	[45-45]	45	794
COV	[46-46]	46	743
COV	[47-47]	47	707
COV	[48-48]	48	663
COV	[49-49]	49	678
COV	[50-50]	50	603
COV	[51-51]	51	572
COV	[52-52]	52	598
COV	[53-53]	53	635
COV	[54-54]	54	651
COV	[55-55]	55	587
COV	[56-56]	56	593
COV	[57-57]	57	508
COV	[58-58]	58	542
COV	[59-59]	59	504
COV	[60-60]	60	421
COV	[61-61]	61	422
COV	[62-62]	62	433
COV	[63-63]	63	402
COV	[64-64]	64	377
COV	[65-65]	65	371
COV	[66-66]	66	346
COV	[67-67]	67	327
COV	[68-68]	68	308
COV	[69-69]	69	334
COV	[70-70]	70	290
COV	[71-71]	71	298
COV	[72-72]	72	270
COV	[73-73]	73	298
COV	[74-74]	74	308
COV	[75-75]	75	296
COV	[76-76]	76	266
COV	[77-77]	77	282
COV	[78-78]	78	223
COV	[79-79]	79	233
COV	[80-80]	80	253
COV	[81-81]	81	195
COV	[82-82]	82	189
COV	[83-83]	83	173
COV	[84-84]	84	168
COV	[85-85]	85	171
COV	[86-86]	86	208
COV	[87-87]	87	183
COV	[88-88]	88	180
COV	[89-89]	89	164
COV	[90-90]	90	168
COV	[91-91]	91	156
COV	[92-92]	92	132
COV	[93-93]	93	152
COV	[94-94]	94	135
COV	[95-95]	95	149
COV	[96-96]	96	132
COV	[97-97]	97	130
COV	[98-98]	98	130
COV	[99-99]	99	152
COV	[100-100]	100	101
COV	[101-101]	101	112
COV	[102-102]	102	113
COV	[103-103]	103	100
COV	[104-104]	104	87
COV	[105-105]	105	97
COV	[106-106]	106	85
COV	[107-107]	107	90
COV	[108-108]	108	83
COV	[109-109]	109	87
COV	[110-110]	110	78
COV	[111-111]	111	76
COV	[112-112]	112	74
COV	[113-113]	113	101
COV	[114-114]	114	88
COV	[115-115]	115	98
COV	[116-116]	116	71
COV	[117-117]	117	76
COV	[118-118]	118	68
COV	[119-119]	119	48
COV	[120-120]	120	45
COV	[121-121]	121	73
COV	[122-122]	122	65
COV	[123-123]	123	53
COV	[124-124]	124	51
COV	[125-125]	125	51
COV	[126-126]	126	58
COV	[127-127]	127	50
COV	[128-128]	128	57
COV	[129-129]	129	48
COV	[130-130]	130	40
COV	[131-131]	131	43
COV	[132-132]	132	50
COV	[133-133]	133	45
COV	[134-134]	134	43
COV	[135-135]	135	57
COV	[136-136]	136	51
COV	[137-137]	137	45
COV	[138-138]	138	54
COV	[139-139]	139	46
COV	[140-140]	140	45
COV	[141-141]	141	43
COV	[142-142]	142	40
COV	[143-143]	143	45
COV	[144-144]	144	64
COV	[145-145]	145	42
COV	[146-146]	146	57
COV	[147-147]	147	53
COV	[148-148]	148	64
COV	[149-149]	149	55
COV	[150-150]	150	44
COV	[151-151]	151	42
COV	[152-152]	152	57
COV	[153-153]	153	83
COV	[154-154]	154	65
COV	[155-155]	155	70
COV	[156-156]	156	51
COV	[157-157]	157	43
COV	[158-158]	158	50
COV	[159-159]	159	44
COV	[160-160]	160	33
COV	[161-161]	161	45
COV	[162-162]	162	41
COV	[163-163]	163	48
COV	[164-164]	164	33
COV	[165-165]	165	40
COV	[166-166]	166	42
COV	[167-167]	167	41
COV	[168-168]	168	37
COV	[169-169]	169	28
COV	[170-170]	170	31
COV	[171-171]	171	15
COV	[172-172]	172	12
COV	[173-173]	173	20
COV	[174-174]	174	15
COV	[175-175]	175	13
COV	[176-176]	176	13
COV	[177-177]	177	9
COV	[178-178]	178	14
COV	[179-179]	179	9
COV	[180-180]	180	20
COV	[181-181]	181	12
COV	[182-182]	182	12
COV	[183-183]	183	9
COV	[184-184]	184	13
COV	[185-185]	185	13
COV	[186-186]	186	13
COV	[187-187]	187	14
COV	[188-188]	188	13
COV	[189-189]	189	18
COV	[190-190]	190	23
COV	[191-191]	191	18
COV	[192-192]	192	12
COV	[193-193]	193	20
COV	[194-194]	194	14
COV	[195-195]	195	11
COV	[196-196]	196	17
COV	[197-197]	197	12
COV	[198-198]	198	13
COV	[199-199]	199	13
COV	[200-200]	200	21
COV	[201-201]	201	18
COV	[202-202]	202	16
COV	[203-203]	203	12
COV	[204-204]	204	23
COV	[205-205]	205	14
COV	[206-206]	206	20
COV	[207-207]	207	17
COV	[208-208]	208	12
COV	[209-209]	209	13
COV	[210-210]	210	10
COV	[211-211]	211	17
COV	[212-212]	212	13
COV	[213-213]	213	12
COV	[214-214]	214	8
COV	[215-215]	215	7
COV	[216-216]	216	3
COV	[217-217]	217	13
COV	[218-218]	218	16
COV	[219-219]	219	8
COV	[220-220]	220	14
COV	[221-221]	221	9
COV	[222-222]	222	6
COV	[223-223]	223	4
COV	[224-224]	224	5
COV	[225-225]	225	10
COV	[226-226]	226	6
COV	[227-227]	227	8
COV	[228-228]	228	12
COV	[229-229]	229	8
COV	[230-230]	230	16
COV	[231-231]	231	10
COV	[232-232]	232	11
COV	[233-233]	233	14
COV	[234-234]	234	4
COV	[235-235]	235	6
COV	[236-236]	236	6
COV	[237-237]	237	4
COV	[238-238]	238	15
COV	[239-239]	239	13
COV	[240-240]	240	11
COV	[241-241]	241	10
COV	[242-242]	242	4
COV	[243-243]	243	7
COV	[244-244]	244	4
COV	[245-245]	245	7
COV	[246-246]	246	12
COV	[247-247]	247	5
COV	[248-248]	248	11
COV	[249-249]	249	15
COV	[250-250]	250	18
COV	[251-251]	251	13
COV	[252-252]	252	8
COV	[253-253]	253	9
COV	[254-254]	254	13
COV	[255-255]	255	8
COV	[256-256]	256	8
COV	[257-257]	257	3
COV	[258-258]	258	6
COV	[259-259]	259	9
COV	[260-260]	260	6
COV	[261-261]	261	8
COV	[262-262]	262	5
COV	[263-263]	263	3
COV	[264-264]	264	4
COV	[265-265]	265	3
COV	[266-266]	266	9
COV	[267-267]	267	15
COV	[268-268]	268	7
COV	[269-269]	269	4
COV	[270-270]	270	7
COV	[271-271]	271	4
COV	[272-272]	272	8
COV	[273-273]	273	13
COV	[274-274]	274	5
COV	[275-275]	275	12
COV	[276-276]	276	4
COV	[277-277]	277	4
COV	[278-278]	278	4
COV	[279-279]	279	3
COV	[280-280]	280	9
COV	[281-281]	281	2
COV	[282-282]	282	6
COV	[283-283]	283	3
COV	[284-284]	284	1
COV	[285-285]	285	2
COV	[290-290]	290	3
COV	[291-291]	291	2
COV	[292-292]	292	1
COV	[293-293]	293	4
COV	[294-294]	294	1
COV	[295-295]	295	1
COV	[296-296]	296	2
COV	[297-297]	297	5
COV	[298-298]	298	3
COV	[300-300]	300	2
COV	[309-309]	309	1
COV	[321-321]	321	1
COV	[335-335]	335	2
COV	[337-337]	337	1
COV	[338-338]	338	1
COV	[344-344]	344	1
COV	[345-345]	345	1
COV	[347-347]	347	1
COV	[348-348]	348	2
COV	[349-349]	349	1
COV	[351-351]	351	2
COV	[352-352]	352	1
COV	[353-353]	353	1
COV	[356-356]	356	2
COV	[358-358]	358	1
COV	[359-359]	359	1
COV	[362-362]	362	1
COV	[364-364]	364	2
COV	[365-365]	365	1
COV	[366-366]	366	1
COV	[367-367]	367	2
COV	[368-368]	368	3
COV	[369-369]	369	1
COV	[370-370]	370	3
COV	[371-371]	371	1
COV	[375-375]	375	2
COV	[376-376]	376	1
COV	[377-377]	377	4
COV	[378-378]	378	1
COV	[379-379]	379	2
COV	[380-380]	380	2
COV	[383-383]	383	1
COV	[384-384]	384	1
COV	[385-385]	385	2
COV	[386-386]	386	2
COV	[387-387]	387	3
COV	[388-388]	388	1
COV	[392-392]	392	3
COV	[393-393]	393	1
COV	[394-394]	394	2
COV	[395-395]	395	3
COV	[396-396]	396	1
COV	[397-397]	397	2
COV	[398-398]	398	2
COV	[399-399]	399	1
COV	[400-400]	400	2
COV	[401-401]	401	2
COV	[402-402]	402	1
COV	[404-404]	404	3
COV	[405-405]	405	1
COV	[406-406]	406	1
COV	[407-407]	407	2
COV	[408-408]	408	2
COV	[409-409]	409	2
COV	[410-410]	410	2
COV	[411-411]	411	1
COV	[412-412]	412	3
COV	[413-413]	413	1
COV	[414-414]	414	1
COV	[415-415]	415	3
COV	[417-417]	417	4
COV	[418-418]	418	2
COV	[419-419]	419	2
COV	[422-422]	422	1
COV	[423-423]	423	1
COV	[424-424]	424	2
COV	[425-425]	425	2
COV	[426-426]	426	1
COV	[427-427]	427	1
COV	[428-428]	428	2
COV	[429-429]	429	2
COV	[430-430]	430	1
COV	[432-432]	432	3
COV	[433-433]	433	3
COV	[434-434]	434	1
COV	[435-435]	435	2
COV	[436-436]	436	2
COV	[437-437]	437	4
COV	[439-439]	439	5
COV	[440-440]	440	1
COV	[441-441]	441	2
COV	[442-442]	442	2
COV	[443-443]	443	1
COV	[444-444]	444	1
COV	[447-447]	447	3
COV	[449-449]	449	3
COV	[450-450]	450	2
COV	[451-451]	451	2
COV	[452-452]	452	2
COV	[453-453]	453	1
COV	[455-455]	455	4
COV	[456-456]	456	2
COV	[458-458]	458	1
COV	[459-459]	459	2
COV	[460-460]	460	1
COV	[461-461]	461	2
COV	[462-462]	462	3
COV	[464-464]	464	2
COV	[465-465]	465	3
COV	[466-466]	466	1
COV	[467-467]	467	2
COV	[468-468]	468	1
COV	[469-469]	469	1
COV	[470-470]	470	2
COV	[471-471]	471	2
COV	[472-472]	472	1
COV	[473-473]	473	3
COV	[474-474]	474	1
COV	[475-475]	475	1
COV	[477-477]	477	1
COV	[478-478]	478	4
COV	[481-481]	481	1
COV	[482-482]	482	1
COV	[485-485]	485	2
COV	[486-486]	486	1
COV	[487-487]	487	5
COV	[488-488]	488	3
COV	[490-490]	490	2
COV	[491-491]	491	2
COV	[492-492]	492	4
COV	[494-494]	494	2
COV	[495-495]	495	3
COV	[496-496]	496	3
COV	[497-497]	497	3
COV	[498-498]	498	3
COV	[499-499]	499	3
COV	[500-500]	500	2
COV	[501-501]	501	4
COV	[502-502]	502	2
COV	[503-503]	503	3
COV	[504-504]	504	6
COV	[505-505]	505	2
COV	[506-506]	506	3
COV	[507-507]	507	2
COV	[508-508]	508	1
COV	[509-509]	509	2
COV	[510-510]	510	5
COV	[511-511]	511	1
COV	[512-512]	512	2
COV	[513-513]	513	1
COV	[514-514]	514	4
COV	[515-515]	515	3
COV	[516-516]	516	6
COV	[517-517]	517	6
COV	[518-518]	518	2
COV	[519-519]	519	7
COV	[520-520]	520	9
COV	[521-521]	521	1
COV	[522-522]	522	5
COV	[523-523]	523	5
COV	[524-524]	524	1
COV	[525-525]	525	6
COV	[526-526]	526	6
COV	[527-527]	527	3
COV	[528-528]	528	3
COV	[529-529]	529	3
COV	[530-530]	530	2
COV	[531-531]	531	2
COV	[532-532]	532	3
COV	[533-533]	533	5
COV	[534-534]	534	2
COV	[535-535]	535	2
COV	[536-536]	536	2
COV	[537-537]	537	3
COV	[538-538]	538	4
COV	[539-539]	539	2
COV	[540-540]	540	2
COV	[541-541]	541	2
COV	[542-542]	542	5
COV	[543-543]	543	8
COV	[544-544]	544	3
COV	[545-545]	545	3
COV	[546-546]	546	4
COV	[547-547]	547	2
COV	[548-548]	548	7
COV	[549-549]	549	2
COV	[550-550]	550	2
COV	[551-551]	551	2
COV	[552-552]	552	2
COV	[553-553]	553	3
COV	[554-554]	554	4
COV	[555-555]	555	3
COV	[556-556]	556	7
COV	[557-557]	557	4
COV	[558-558]	558	1
COV	[559-559]	559	2
COV	[560-560]	560	8
COV	[561-561]	561	2
COV	[562-562]	562	8
COV	[563-563]	563	3
COV	[564-564]	564	5
COV	[565-565]	565	1
COV	[566-566]	566	2
COV	[567-567]	567	3
COV	[568-568]	568	2
COV	[569-569]	569	5
COV	[570-570]	570	1
COV	[571-571]	571	5
COV	[572-572]	572	6
COV	[573-573]	573	3
COV	[575-575]	575	3
COV	[576-576]	576	3
COV	[577-577]	577	3
COV	[578-578]	578	3
COV	[579-579]	579	2
COV	[580-580]	580	1
COV	[581-581]	581	1
COV	[582-582]	582	2
COV	[583-583]	583	7
COV	[584-584]	584	6
COV	[585-585]	585	2
COV	[586-586]	586	3
COV	[587-587]	587	7
COV	[588-588]	588	2
COV	[589-589]	589	3
COV	[590-590]	590	5
COV	[591-591]	591	3
COV	[592-592]	592	3
COV	[593-593]	593	6
COV	[594-594]	594	5
COV	[595-595]	595	7
COV	[596-596]	596	5
COV	[597-597]	597	5
COV	[598-598]	598	6
COV	[599-599]	599	6
COV	[600-600]	600	2
COV	[601-601]	601	4
COV	[602-602]	602	6
COV	[603-603]	603	2
COV	[604-604]	604	5
COV	[605-605]	605	3
COV	[606-606]	606	2
COV	[607-607]	607	2
COV	[608-608]	608	2
COV	[609-609]	609	3
COV	[610-610]	610	5
COV	[611-611]	611	1
COV	[612-612]	612	3
COV	[613-613]	613	5
COV	[614-614]	614	3
COV	[615-615]	615	3
COV	[616-616]	616	4
COV	[617-617]	617	2
COV	[619-619]	619	1
COV	[620-620]	620	4
COV	[621-621]	621	2
COV	[622-622]	622	7
COV	[623-623]	623	6
COV	[624-624]	624	9
COV	[625-625]	625	5
COV	[626-626]	626	2
COV	[627-627]	627	5
COV	[628-628]	628	6
COV	[629-629]	629	1
COV	[630-630]	630	4
COV	[631-631]	631	2
COV	[632-632]	632	5
COV	[633-633]	633	1
COV	[634-634]	634	2
COV	[635-635]	635	4
COV	[636-636]	636	2
COV	[637-637]	637	1
COV	[638-638]	638	2
COV	[639-639]	639	1
COV	[640-640]	640	2
COV	[641-641]	641	2
COV	[642-642]	642	1
COV	[643-643]	643	1
COV	[645-645]	645	2
COV	[648-648]	648	3
COV	[650-650]	650	2
COV	[651-651]	651	2
COV	[652-652]	652	2
COV	[653-653]	653	1
COV	[654-654]	654	2
COV	[655-655]	655	1
COV	[656-656]	656	3
COV	[657-657]	657	2
COV	[658-658]	658	2
COV	[659-659]	659	1
COV	[660-660]	660	1
COV	[661-661]	661	1
COV	[662-662]	662	2
COV	[663-663]	663	1
COV	[664-664]	664	3
COV	[665-665]	665	2
COV	[666-666]	666	3
COV	[667-667]	667	4
COV	[669-669]	669	1
COV	[670-670]	670	1
COV	[672-672]	672	3
COV	[674-674]	674	2
COV	[675-675]	675	2
COV	[676-676]	676	3
COV	[677-677]	677	2
COV	[679-679]	679	2
COV	[680-680]	680	1
COV	[681-681]	681	2
COV	[682-682]	682	2
COV	[684-684]	684	3
COV	[685-685]	685	3
COV	[687-687]	687	3
COV	[688-688]	688	1
COV	[689-689]	689	2
COV	[691-691]	691	1
COV	[693-693]	693	1
COV	[694-694]	694	1
COV	[697-697]	697	2
COV	[698-698]	698	1
COV	[702-702]	702	2
COV	[704-704]	704	1
COV	[705-705]	705	4
COV	[706-706]	706	2
COV	[707-707]	707	2
COV	[708-708]	708	2
COV	[709-709]	709	3
COV	[710-710]	710	1
COV	[711-711]	711	3
COV	[712-712]	712	2
COV	[713-713]	713	2
COV	[714-714]	714	1
COV	[715-715]	715	4
COV	[716-716]	716	1
COV	[717-717]	717	4
COV	[718-718]	718	3
COV	[719-719]	719	3
COV	[720-720]	720	4
COV	[721-721]	721	3
COV	[722-722]	722	4
COV	[723-723]	723	4
COV	[724-724]	724	3
COV	[725-725]	725	3
COV	[726-726]	726	7
COV	[727-727]	727	4
COV	[728-728]	728	5
COV	[729-729]	729	3
COV	[730-730]	730	5
COV	[731-731]	731	3
COV	[733-733]	733	1
COV	[736-736]	736	2
COV	[737-737]	737	3
COV	[739-739]	739	1
COV	[741-741]	741	2
COV	[742-742]	742	3
COV	[744-744]	744	1
COV	[746-746]	746	2
COV	[747-747]	747	2
COV	[748-748]	748	1
COV	[749-749]	749	3
COV	[750-750]	750	1
COV	[752-752]	752	1
COV	[755-755]	755	1
COV	[757-757]	757	1
COV	[759-759]	759	1
COV	[761-761]	761	1
COV	[763-763]	763	1
COV	[769-769]	769	3
COV	[772-772]	772	1
COV	[773-773]	773	1
COV	[774-774]	774	3
COV	[775-775]	775	1
COV	[779-779]	779	1
COV	[780-780]	780	2
COV	[783-783]	783	2
COV	[787-787]	787	1
COV	[788-788]	788	1
COV	[789-789]	789	1
COV	[791-791]	791	1
COV	[793-793]	793	2
COV	[794-794]	794	1
COV	[796-796]	796	1
COV	[798-798]	798	1
COV	[800-800]	800	1
COV	[802-802]	802	1
COV	[803-803]	803	1
COV	[805-805]	805	1
COV	[806-806]	806	1
COV	[807-807]	807	2
COV	[808-808]	808	2
COV	[809-809]	809	2
COV	[811-811]	811	1
COV	[812-812]	812	2
COV	[813-813]	813	2
COV	[814-814]	814	3
COV	[815-815]	815	4
COV	[816-816]	816	2
COV	[817-817]	817	5
COV	[818-818]	818	1
COV	[819-819]	819	2
COV	[821-821]	821	2
COV	[822-822]	822	4
COV	[823-823]	823	1
COV	[824-824]	824	6
COV	[825-825]	825	1
COV	[826-826]	826	1
COV	[827-827]	827	2
COV	[832-832]	832	1
COV	[836-836]	836	3
COV	[843-843]	843	1
COV	[846-846]	846	1
COV	[859-859]	859	1
COV	[861-861]	861	1
COV	[868-868]	868	1
COV	[879-879]	879	1
COV	[883-883]	883	1
COV	[884-884]	884	1
COV	[888-888]	888	2
COV	[897-897]	897	1
COV	[901-901]	901	1
COV	[911-911]	911	1
COV	[916-916]	916	1
COV	[926-926]	926	1
COV	[928-928]	928	1
COV	[930-930]	930	1
COV	[934-934]	934	1
COV	[939-939]	939	1
COV	[945-945]	945	1
COV	[946-946]	946	1
COV	[964-964]	964	1
COV	[972-972]	972	1
COV	[980-980]	980	1
COV	[991-991]	991	1
COV	[993-993]	993	1
COV	[1000<]	1000	45
# GC-depth. Use `grep ^GCD | cut -f 2-` to extract this part. The columns are: GC%, unique sequence percentiles, 10th, 25th, 50th, 75th and 90th depth percentile
GCD	0.0	0.208	0.000	0.000	0.000	0.000	0.000
GCD	4.1	0.312	0.030	0.030	0.030	0.030	0.030
GCD	12.0	0.416	0.010	0.010	0.010	0.010	0.010
GCD	16.0	0.520	0.010	0.010	0.010	0.010	0.010
GCD	18.0	0.624	0.030	0.030	0.030	0.030	0.030
GCD	19.0	0.832	0.010	0.010	0.010	0.010	0.010
GCD	20.0	1.249	0.005	0.006	0.020	0.045	0.050
GCD	21.0	1.353	1.409	1.409	1.409	1.409	1.409
GCD	22.0	1.665	0.010	0.010	0.075	34.265	34.265
GCD	23.0	1.769	0.010	0.010	0.010	0.010	0.010
GCD	24.0	2.497	0.050	0.060	2.034	5.518	5.702
GCD	25.0	3.330	0.010	0.010	0.020	0.030	0.540
GCD	26.0	3.538	0.005	0.005	0.065	0.125	0.125
GCD	27.0	3.746	0.030	0.030	0.045	0.060	0.060
GCD	28.0	4.058	0.010	0.010	0.010	0.040	0.040
GCD	29.0	4.162	0.070	0.070	0.070	0.070	0.070
GCD	30.0	4.475	0.005	0.005	0.010	0.020	0.020
GCD	31.0	5.203	0.010	0.010	0.020	0.025	0.030
GCD	32.0	5.515	0.005	0.005	0.010	0.010	0.010
GCD	33.0	6.035	0.010	0.010	0.010	0.020	0.020
GCD	34.0	8.429	0.010	0.010	0.010	0.020	0.030
GCD	35.0	9.886	0.007	0.010	0.010	0.022	0.070
GCD	36.0	13.111	0.010	0.010	0.020	0.040	0.100
GCD	37.0	16.753	0.010	0.010	0.020	0.045	0.078
GCD	38.0	23.309	0.010	0.010	0.030	0.050	0.090
GCD	39.0	30.905	0.010	0.010	0.020	0.030	0.106
GCD	40.0	39.958	0.010	0.010	0.020	0.040	0.060
GCD	41.0	50.052	0.010	0.010	0.020	0.030	0.040
GCD	42.0	54.631	0.010	0.010	0.020	0.030	0.090
GCD	43.0	59.417	0.010	0.010	0.020	0.030	0.101
GCD	44.0	64.516	0.005	0.010	0.010	0.035	0.070
GCD	45.0	66.597	0.005	0.010	0.020	0.155	2.512
GCD	46.0	68.574	0.005	0.005	0.010	0.030	0.040
GCD	47.0	70.447	0.005	0.005	0.010	0.072	1.091
GCD	48.0	71.800	0.005	0.007	0.090	1.062	6.814
GCD	49.0	73.361	0.005	0.010	0.020	0.085	2.655
GCD	50.0	74.506	0.005	0.005	0.010	0.225	7.856
GCD	51.0	75.650	0.005	0.005	0.030	0.040	0.460
GCD	52.0	77.315	0.005	0.005	0.010	0.062	0.294
GCD	53.0	79.188	0.009	0.010	0.010	0.671	7.568
GCD	54.0	81.270	0.005	0.005	0.010	0.562	7.457
GCD	55.0	81.998	0.005	0.005	0.010	0.020	0.160
GCD	56.0	83.039	0.005	0.010	0.015	0.339	5.827
GCD	57.0	83.871	0.010	0.010	0.025	0.040	0.090
GCD	58.0	85.432	0.005	0.010	0.050	0.190	3.932
GCD	59.0	86.368	0.005	0.010	0.020	0.082	0.470
GCD	60.0	87.929	0.008	0.010	0.010	0.045	0.178
GCD	61.0	90.114	0.005	0.007	0.010	0.030	0.057
GCD	62.0	91.259	0.006	0.010	0.010	0.030	0.546
GCD	63.0	92.092	0.005	0.005	0.025	0.447	0.650
GCD	64.0	92.924	0.010	0.026	0.042	0.086	0.100
GCD	65.0	93.340	0.010	0.010	0.015	0.027	0.030
GCD	66.0	94.589	0.005	0.005	0.020	0.197	5.862
GCD	67.0	95.213	0.010	0.010	0.050	2.584	9.871
GCD	68.0	96.150	0.005	0.012	0.070	0.130	8.476
GCD	69.0	96.982	0.005	0.010	0.010	0.034	0.090
GCD	70.0	97.607	0.005	0.009	0.032	0.060	0.090
GCD	71.0	98.127	0.005	0.007	0.030	0.625	1.219
GCD	73.0	98.647	0.005	0.012	0.020	0.060	0.080
GCD	74.0	99.063	0.005	0.005	0.005	0.211	0.280
GCD	75.0	99.272	0.010	0.010	0.010	0.010	0.010
GCD	76.0	99.376	0.080	0.080	0.080	0.080	0.080
GCD	77.0	99.584	0.010	0.010	0.025	0.040	0.040
GCD	78.0	99.792	0.005	0.005	0.017	0.030	0.030
GCD	79.0	100.000	0.005	0.005	0.007	0.010	0.010
