# This file was produced by samtools stats (1.21+htslib-1.21) and can be plotted using plot-bamstats
# This file contains statistics for all reads.
# The command line was:  stats -@ 8 /maps/projects/course_1/scratch/group8/group-project-group-8/week18-preprocessing/retry/02_reads_preprocessing/gut_adult/ERR2641733/ERR2641733.host.bam
# CHK, Checksum	[2]Read Names	[3]Sequences	[4]Qualities
# CHK, CRC32 of reads which passed filtering followed by addition (32bit overflow)
CHK	fbc43972	650214e5	243a7e7b
# Summary Numbers. Use `grep ^SN | cut -f 2-` to extract this part.
SN	raw total sequences:	39329454	# excluding supplementary and secondary reads
SN	filtered sequences:	0
SN	sequences:	39329454
SN	is sorted:	1
SN	1st fragments:	19664727
SN	last fragments:	19664727
SN	reads mapped:	10261
SN	reads mapped and paired:	10068	# paired-end technology bit set + both mates mapped
SN	reads unmapped:	39319193
SN	reads properly paired:	10036	# proper-pair bit set
SN	reads paired:	39329454	# paired-end technology bit set
SN	reads duplicated:	0	# PCR or optical duplicate bit set
SN	reads MQ0:	245	# mapped and MQ=0
SN	reads QC failed:	0
SN	non-primary alignments:	0
SN	supplementary alignments:	0
SN	total length:	5897206765	# ignores clipping
SN	total first fragment length:	2948678288	# ignores clipping
SN	total last fragment length:	2948528477	# ignores clipping
SN	bases mapped:	1534709	# ignores clipping
SN	bases mapped (cigar):	1534709	# more accurate
SN	bases trimmed:	0
SN	bases duplicated:	0
SN	mismatches:	13321	# from NM fields
SN	error rate:	8.679821e-03	# mismatches / bases mapped (cigar)
SN	average length:	150
SN	average first fragment length:	150
SN	average last fragment length:	150
SN	maximum length:	150
SN	maximum first fragment length:	150
SN	maximum last fragment length:	150
SN	average quality:	37.3
SN	insert size average:	281.3
SN	insert size standard deviation:	59.5
SN	inward oriented pairs:	5009
SN	outward oriented pairs:	14
SN	pairs with other orientation:	2
SN	pairs on different chromosomes:	9
SN	percentage of properly paired reads (%):	0.0
# First Fragment Qualities. Use `grep ^FFQ | cut -f 2-` to extract this part.
# Columns correspond to qualities and rows to cycles. First column is the cycle number.
FFQ	1	0	0	372308	0	0	0	0	0	0	0	0	0	230165	0	0	0	0	0	0	0	0	0	1	0	0	0	0	399034	0	0	0	0	18663219	0	0	0	0	0	0	0	0	0	0
FFQ	2	0	0	0	0	0	0	0	0	0	0	0	0	230964	0	0	0	0	0	0	0	0	0	0	0	0	0	0	419573	0	0	0	0	19014156	0	0	0	0	34	0	0	0	0	0
FFQ	3	0	0	0	0	0	0	0	0	0	0	0	0	220156	0	0	0	0	0	0	0	0	0	30	0	0	0	0	419123	0	0	0	0	3718893	0	0	0	0	15306525	0	0	0	0	0
FFQ	4	0	0	0	0	0	0	0	0	0	0	0	0	199630	0	0	0	0	0	0	0	0	0	24199	0	0	0	0	358675	0	0	0	0	1319286	0	0	0	0	17762937	0	0	0	0	0
FFQ	5	0	0	0	0	0	0	0	0	0	0	0	0	145081	0	0	0	0	0	0	0	0	0	50056	0	0	0	0	247226	0	0	0	0	785659	0	0	0	0	18436705	0	0	0	0	0
FFQ	6	0	0	0	0	0	0	0	0	0	0	0	0	108952	0	0	0	0	0	0	0	0	0	47921	0	0	0	0	190585	0	0	0	0	590127	0	0	0	0	1676552	0	0	0	17050590	0
FFQ	7	0	0	0	0	0	0	0	0	0	0	0	0	102558	0	0	0	0	0	0	0	0	0	48959	0	0	0	0	180560	0	0	0	0	532347	0	0	0	0	1450224	0	0	0	17350079	0
FFQ	8	0	0	155	0	0	0	0	0	0	0	0	0	97168	0	0	0	0	0	0	0	0	0	50011	0	0	0	0	165673	0	0	0	0	498787	0	0	0	0	1322804	0	0	0	17530129	0
FFQ	9	0	0	0	0	0	0	0	0	0	0	0	0	97677	0	0	0	0	0	0	0	0	0	56917	0	0	0	0	153010	0	0	0	0	494127	0	0	0	0	1316496	0	0	0	17546500	0
FFQ	10	0	0	0	0	0	0	0	0	0	0	0	0	100165	0	0	0	0	0	0	0	0	0	61074	0	0	0	0	158865	0	0	0	0	502974	0	0	0	0	1322028	0	0	0	17519621	0
FFQ	11	0	0	0	0	0	0	0	0	0	0	0	0	92218	0	0	0	0	0	0	0	0	0	64841	0	0	0	0	153226	0	0	0	0	485576	0	0	0	0	1265215	0	0	0	17603651	0
FFQ	12	0	0	253	0	0	0	0	0	0	0	0	0	99649	0	0	0	0	0	0	0	0	0	73341	0	0	0	0	161118	0	0	0	0	509388	0	0	0	0	1304020	0	0	0	17516958	0
FFQ	13	0	0	197	0	0	0	0	0	0	0	0	0	94066	0	0	0	0	0	0	0	0	0	84406	0	0	0	0	162922	0	0	0	0	493812	0	0	0	0	1278094	0	0	0	17551230	0
FFQ	14	0	0	0	0	0	0	0	0	0	0	0	0	96924	0	0	0	0	0	0	0	0	0	95343	0	0	0	0	169594	0	0	0	0	492186	0	0	0	0	1277204	0	0	0	17533476	0
FFQ	15	0	0	31	0	0	0	0	0	0	0	0	0	92314	0	0	0	0	0	0	0	0	0	99750	0	0	0	0	170078	0	0	0	0	472230	0	0	0	0	1247917	0	0	0	17582407	0
FFQ	16	0	0	0	0	0	0	0	0	0	0	0	0	92138	0	0	0	0	0	0	0	0	0	106561	0	0	0	0	176478	0	0	0	0	469972	0	0	0	0	1236798	0	0	0	17582780	0
FFQ	17	0	0	0	0	0	0	0	0	0	0	0	0	97753	0	0	0	0	0	0	0	0	0	112235	0	0	0	0	180671	0	0	0	0	474309	0	0	0	0	1251445	0	0	0	17548314	0
FFQ	18	0	0	0	0	0	0	0	0	0	0	0	0	98818	0	0	0	0	0	0	0	0	0	114198	0	0	0	0	182188	0	0	0	0	478370	0	0	0	0	1258732	0	0	0	17532421	0
FFQ	19	0	0	0	0	0	0	0	0	0	0	0	0	100265	0	0	0	0	0	0	0	0	0	115406	0	0	0	0	182053	0	0	0	0	476081	0	0	0	0	1269881	0	0	0	17521041	0
FFQ	20	0	0	0	0	0	0	0	0	0	0	0	0	101351	0	0	0	0	0	0	0	0	0	115116	0	0	0	0	180938	0	0	0	0	473290	0	0	0	0	1270349	0	0	0	17523683	0
FFQ	21	0	0	23	0	0	0	0	0	0	0	0	0	104389	0	0	0	0	0	0	0	0	0	118189	0	0	0	0	186952	0	0	0	0	473721	0	0	0	0	1284195	0	0	0	17497258	0
FFQ	22	0	0	1	0	0	0	0	0	0	0	0	0	104502	0	0	0	0	0	0	0	0	0	118645	0	0	0	0	191944	0	0	0	0	466387	0	0	0	0	1286977	0	0	0	17496271	0
FFQ	23	0	0	0	0	0	0	0	0	0	0	0	0	108889	0	0	0	0	0	0	0	0	0	124823	0	0	0	0	208525	0	0	0	0	459915	0	0	0	0	1302177	0	0	0	17460398	0
FFQ	24	0	0	982	0	0	0	0	0	0	0	0	0	107164	0	0	0	0	0	0	0	0	0	128564	0	0	0	0	238081	0	0	0	0	420419	0	0	0	0	1301697	0	0	0	17467820	0
FFQ	25	0	0	0	0	0	0	0	0	0	0	0	0	109066	0	0	0	0	0	0	0	0	0	132468	0	0	0	0	252825	0	0	0	0	407128	0	0	0	0	1301166	0	0	0	17462074	0
FFQ	26	0	0	0	0	0	0	0	0	0	0	0	0	144801	0	0	0	0	0	0	0	0	0	133864	0	0	0	0	259075	0	0	0	0	397090	0	0	0	0	1303582	0	0	0	17426315	0
FFQ	27	0	0	29	0	0	0	0	0	0	0	0	0	145923	0	0	0	0	0	0	0	0	0	138271	0	0	0	0	261817	0	0	0	0	393631	0	0	0	0	1302869	0	0	0	17422187	0
FFQ	28	0	0	0	0	0	0	0	0	0	0	0	0	149128	0	0	0	0	0	0	0	0	0	142153	0	0	0	0	266669	0	0	0	0	395892	0	0	0	0	1313658	0	0	0	17397227	0
FFQ	29	0	0	0	0	0	0	0	0	0	0	0	0	153535	0	0	0	0	0	0	0	0	0	144889	0	0	0	0	270735	0	0	0	0	399385	0	0	0	0	1319972	0	0	0	17376211	0
FFQ	30	0	0	0	0	0	0	0	0	0	0	0	0	155659	0	0	0	0	0	0	0	0	0	146984	0	0	0	0	273527	0	0	0	0	402822	0	0	0	0	1334636	0	0	0	17351099	0
FFQ	31	0	0	0	0	0	0	0	0	0	0	0	0	225911	0	0	0	0	0	0	0	0	0	158439	0	0	0	0	277271	0	0	0	0	418975	0	0	0	0	1353726	0	0	0	17230405	0
FFQ	32	0	0	358	0	0	0	0	0	0	0	0	0	160721	0	0	0	0	0	0	0	0	0	168804	0	0	0	0	310871	0	0	0	0	411506	0	0	0	0	1376301	0	0	0	17236166	0
FFQ	33	0	0	0	0	0	0	0	0	0	0	0	0	164720	0	0	0	0	0	0	0	0	0	154567	0	0	0	0	282749	0	0	0	0	414539	0	0	0	0	1399850	0	0	0	17248302	0
FFQ	34	0	0	0	0	0	0	0	0	0	0	0	0	162939	0	0	0	0	0	0	0	0	0	152275	0	0	0	0	279902	0	0	0	0	410425	0	0	0	0	1368002	0	0	0	17291184	0
FFQ	35	0	0	1551	0	0	0	0	0	0	0	0	0	166097	0	0	0	0	0	0	0	0	0	154576	0	0	0	0	282234	0	0	0	0	411273	0	0	0	0	1371636	0	0	0	17277360	0
FFQ	36	0	0	0	0	0	0	0	0	0	0	0	0	169105	0	0	0	0	0	0	0	0	0	155391	0	0	0	0	285255	0	0	0	0	415177	0	0	0	0	1379563	0	0	0	17260236	0
FFQ	37	0	0	0	0	0	0	0	0	0	0	0	0	169693	0	0	0	0	0	0	0	0	0	156772	0	0	0	0	286294	0	0	0	0	417534	0	0	0	0	1392334	0	0	0	17242100	0
FFQ	38	0	0	0	0	0	0	0	0	0	0	0	0	171771	0	0	0	0	0	0	0	0	0	157574	0	0	0	0	287150	0	0	0	0	418176	0	0	0	0	1393263	0	0	0	17236793	0
FFQ	39	0	0	192	0	0	0	0	0	0	0	0	0	174552	0	0	0	0	0	0	0	0	0	160005	0	0	0	0	290714	0	0	0	0	422820	0	0	0	0	1410675	0	0	0	17205769	0
FFQ	40	0	0	115	0	0	0	0	0	0	0	0	0	174662	0	0	0	0	0	0	0	0	0	158958	0	0	0	0	290746	0	0	0	0	423386	0	0	0	0	1412582	0	0	0	17204278	0
FFQ	41	0	0	0	0	0	0	0	0	0	0	0	0	181757	0	0	0	0	0	0	0	0	0	162772	0	0	0	0	294595	0	0	0	0	425592	0	0	0	0	1418945	0	0	0	17181066	0
FFQ	42	0	0	0	0	0	0	0	0	0	0	0	0	178866	0	0	0	0	0	0	0	0	0	162678	0	0	0	0	293493	0	0	0	0	424886	0	0	0	0	1423011	0	0	0	17181793	0
FFQ	43	0	0	0	0	0	0	0	0	0	0	0	0	179985	0	0	0	0	0	0	0	0	0	163272	0	0	0	0	294405	0	0	0	0	427257	0	0	0	0	1428713	0	0	0	17171095	0
FFQ	44	0	0	529	0	0	0	0	0	0	0	0	0	184190	0	0	0	0	0	0	0	0	0	164584	0	0	0	0	298499	0	0	0	0	430871	0	0	0	0	1437026	0	0	0	17149028	0
FFQ	45	0	0	0	0	0	0	0	0	0	0	0	0	187830	0	0	0	0	0	0	0	0	0	167107	0	0	0	0	299457	0	0	0	0	432656	0	0	0	0	1449418	0	0	0	17128259	0
FFQ	46	0	0	10	0	0	0	0	0	0	0	0	0	187555	0	0	0	0	0	0	0	0	0	167387	0	0	0	0	301553	0	0	0	0	433814	0	0	0	0	1457498	0	0	0	17116910	0
FFQ	47	0	0	79	0	0	0	0	0	0	0	0	0	192523	0	0	0	0	0	0	0	0	0	170811	0	0	0	0	304745	0	0	0	0	439164	0	0	0	0	1472560	0	0	0	17084845	0
FFQ	48	0	0	1850	0	0	0	0	0	0	0	0	0	197393	0	0	0	0	0	0	0	0	0	172848	0	0	0	0	308151	0	0	0	0	443008	0	0	0	0	1484303	0	0	0	17057174	0
FFQ	49	0	0	16	0	0	0	0	0	0	0	0	0	198357	0	0	0	0	0	0	0	0	0	173967	0	0	0	0	311107	0	0	0	0	443307	0	0	0	0	1495001	0	0	0	17042972	0
FFQ	50	0	0	455	0	0	0	0	0	0	0	0	0	199834	0	0	0	0	0	0	0	0	0	175939	0	0	0	0	314736	0	0	0	0	447385	0	0	0	0	1510462	0	0	0	17015916	0
FFQ	51	0	0	48	0	0	0	0	0	0	0	0	0	203671	0	0	0	0	0	0	0	0	0	177138	0	0	0	0	319235	0	0	0	0	447896	0	0	0	0	1519347	0	0	0	16997392	0
FFQ	52	0	0	18	0	0	0	0	0	0	0	0	0	202240	0	0	0	0	0	0	0	0	0	177350	0	0	0	0	320097	0	0	0	0	445123	0	0	0	0	1517611	0	0	0	17002288	0
FFQ	53	0	0	27	0	0	0	0	0	0	0	0	0	210585	0	0	0	0	0	0	0	0	0	181082	0	0	0	0	326221	0	0	0	0	451847	0	0	0	0	1536416	0	0	0	16958549	0
FFQ	54	0	0	0	0	0	0	0	0	0	0	0	0	210995	0	0	0	0	0	0	0	0	0	182582	0	0	0	0	328926	0	0	0	0	453828	0	0	0	0	1545690	0	0	0	16942706	0
FFQ	55	0	0	22	0	0	0	0	0	0	0	0	0	216403	0	0	0	0	0	0	0	0	0	184874	0	0	0	0	333795	0	0	0	0	456399	0	0	0	0	1555036	0	0	0	16918198	0
FFQ	56	0	0	0	0	0	0	0	0	0	0	0	0	218662	0	0	0	0	0	0	0	0	0	187898	0	0	0	0	337669	0	0	0	0	463614	0	0	0	0	1577943	0	0	0	16878941	0
FFQ	57	0	0	0	0	0	0	0	0	0	0	0	0	224282	0	0	0	0	0	0	0	0	0	190024	0	0	0	0	338096	0	0	0	0	472467	0	0	0	0	1581402	0	0	0	16858456	0
FFQ	58	0	0	0	0	0	0	0	0	0	0	0	0	221063	0	0	0	0	0	0	0	0	0	189207	0	0	0	0	337818	0	0	0	0	487951	0	0	0	0	1561413	0	0	0	16867275	0
FFQ	59	0	0	0	0	0	0	0	0	0	0	0	0	224858	0	0	0	0	0	0	0	0	0	190845	0	0	0	0	339761	0	0	0	0	505925	0	0	0	0	1557501	0	0	0	16845837	0
FFQ	60	0	0	12	0	0	0	0	0	0	0	0	0	231902	0	0	0	0	0	0	0	0	0	195492	0	0	0	0	348108	0	0	0	0	525096	0	0	0	0	1568589	0	0	0	16795528	0
FFQ	61	0	0	0	0	0	0	0	0	0	0	0	0	229945	0	0	0	0	0	0	0	0	0	194218	0	0	0	0	344747	0	0	0	0	542890	0	0	0	0	1546398	0	0	0	16806387	0
FFQ	62	0	0	0	0	0	0	0	0	0	0	0	0	235545	0	0	0	0	0	0	0	0	0	196959	0	0	0	0	348692	0	0	0	0	554703	0	0	0	0	1541677	0	0	0	16786864	0
FFQ	63	0	0	0	0	0	0	0	0	0	0	0	0	238214	0	0	0	0	0	0	0	0	0	198417	0	0	0	0	352693	0	0	0	0	557536	0	0	0	0	1555393	0	0	0	16762043	0
FFQ	64	0	0	0	0	0	0	0	0	0	0	0	0	237205	0	0	0	0	0	0	0	0	0	198759	0	0	0	0	351609	0	0	0	0	559874	0	0	0	0	1560927	0	0	0	16755751	0
FFQ	65	0	0	57	0	0	0	0	0	0	0	0	0	243069	0	0	0	0	0	0	0	0	0	201906	0	0	0	0	356956	0	0	0	0	565489	0	0	0	0	1576133	0	0	0	16720361	0
FFQ	66	0	0	0	0	0	0	0	0	0	0	0	0	246608	0	0	0	0	0	0	0	0	0	203316	0	0	0	0	359929	0	0	0	0	570105	0	0	0	0	1588033	0	0	0	16695843	0
FFQ	67	0	0	0	0	0	0	0	0	0	0	0	0	248376	0	0	0	0	0	0	0	0	0	205792	0	0	0	0	361605	0	0	0	0	571030	0	0	0	0	1597648	0	0	0	16679213	0
FFQ	68	0	0	0	0	0	0	0	0	0	0	0	0	269861	0	0	0	0	0	0	0	0	0	220124	0	0	0	0	383576	0	0	0	0	606894	0	0	0	0	1676420	0	0	0	16506634	0
FFQ	69	0	0	0	0	0	0	0	0	0	0	0	0	278927	0	0	0	0	0	0	0	0	0	228224	0	0	0	0	394225	0	0	0	0	622107	0	0	0	0	1718110	0	0	0	16421734	0
FFQ	70	0	0	0	0	0	0	0	0	0	0	0	0	282093	0	0	0	0	0	0	0	0	0	227713	0	0	0	0	394208	0	0	0	0	620900	0	0	0	0	1722336	0	0	0	16415910	0
FFQ	71	0	0	0	0	0	0	0	0	0	0	0	0	285960	0	0	0	0	0	0	0	0	0	228742	0	0	0	0	395203	0	0	0	0	619306	0	0	0	0	1722958	0	0	0	16410841	0
FFQ	72	0	0	158	0	0	0	0	0	0	0	0	0	287773	0	0	0	0	0	0	0	0	0	229496	0	0	0	0	395601	0	0	0	0	625902	0	0	0	0	1718912	0	0	0	16405008	0
FFQ	73	0	0	0	0	0	0	0	0	0	0	0	0	288743	0	0	0	0	0	0	0	0	0	229814	0	0	0	0	395989	0	0	0	0	636448	0	0	0	0	1710108	0	0	0	16401618	0
FFQ	74	0	0	5	0	0	0	0	0	0	0	0	0	291335	0	0	0	0	0	0	0	0	0	232021	0	0	0	0	399204	0	0	0	0	649205	0	0	0	0	1710515	0	0	0	16380275	0
FFQ	75	0	0	0	0	0	0	0	0	0	0	0	0	296310	0	0	0	0	0	0	0	0	0	233286	0	0	0	0	401470	0	0	0	0	658398	0	0	0	0	1704507	0	0	0	16368420	0
FFQ	76	0	0	0	0	0	0	0	0	0	0	0	0	299847	0	0	0	0	0	0	0	0	0	237542	0	0	0	0	409358	0	0	0	0	635598	0	0	0	0	1766177	0	0	0	16313716	0
FFQ	77	0	0	3	0	0	0	0	0	0	0	0	0	288926	0	0	0	0	0	0	0	0	0	682176	0	0	0	0	556158	0	0	0	0	1958400	0	0	0	0	4768034	0	0	0	11408369	0
FFQ	78	0	0	0	0	0	0	0	0	0	0	0	0	273288	0	0	0	0	0	0	0	0	0	343748	0	0	0	0	431860	0	0	0	0	1092044	0	0	0	0	2563050	0	0	0	14957902	0
FFQ	79	0	0	406	0	0	0	0	0	0	0	0	0	251569	0	0	0	0	0	0	0	0	0	257574	0	0	0	0	382118	0	0	0	0	801890	0	0	0	0	1907682	0	0	0	16060482	0
FFQ	80	0	0	48	0	0	0	0	0	0	0	0	0	239200	0	0	0	0	0	0	0	0	0	227698	0	0	0	0	357909	0	0	0	0	691510	0	0	0	0	1668416	0	0	0	16476792	0
FFQ	81	0	0	1	0	0	0	0	0	0	0	0	0	231660	0	0	0	0	0	0	0	0	0	223679	0	0	0	0	333769	0	0	0	0	641393	0	0	0	0	1567412	0	0	0	16663475	0
FFQ	82	0	0	0	0	0	0	0	0	0	0	0	0	231366	0	0	0	0	0	0	0	0	0	226011	0	0	0	0	324948	0	0	0	0	626850	0	0	0	0	1537041	0	0	0	16714990	0
FFQ	83	0	0	0	0	0	0	0	0	0	0	0	0	231067	0	0	0	0	0	0	0	0	0	232380	0	0	0	0	313104	0	0	0	0	616211	0	0	0	0	1517490	0	0	0	16750770	0
FFQ	84	0	0	0	0	0	0	0	0	0	0	0	0	232699	0	0	0	0	0	0	0	0	0	239144	0	0	0	0	308223	0	0	0	0	613772	0	0	0	0	1514646	0	0	0	16752370	0
FFQ	85	0	0	2	0	0	0	0	0	0	0	0	0	239856	0	0	0	0	0	0	0	0	0	244934	0	0	0	0	312032	0	0	0	0	618614	0	0	0	0	1532573	0	0	0	16712675	0
FFQ	86	0	0	1016	0	0	0	0	0	0	0	0	0	240786	0	0	0	0	0	0	0	0	0	253412	0	0	0	0	305859	0	0	0	0	620500	0	0	0	0	1541645	0	0	0	16697301	0
FFQ	87	0	0	0	0	0	0	0	0	0	0	0	0	243103	0	0	0	0	0	0	0	0	0	255402	0	0	0	0	305501	0	0	0	0	621412	0	0	0	0	1542844	0	0	0	16692087	0
FFQ	88	0	0	0	0	0	0	0	0	0	0	0	0	248465	0	0	0	0	0	0	0	0	0	258803	0	0	0	0	309211	0	0	0	0	628742	0	0	0	0	1552536	0	0	0	16662424	0
FFQ	89	0	0	0	0	0	0	0	0	0	0	0	0	252266	0	0	0	0	0	0	0	0	0	262859	0	0	0	0	312086	0	0	0	0	630606	0	0	0	0	1567487	0	0	0	16634696	0
FFQ	90	0	0	0	0	0	0	0	0	0	0	0	0	273258	0	0	0	0	0	0	0	0	0	268345	0	0	0	0	315011	0	0	0	0	635453	0	0	0	0	1573021	0	0	0	16594746	0
FFQ	91	0	0	0	0	0	0	0	0	0	0	0	0	260280	0	0	0	0	0	0	0	0	0	274961	0	0	0	0	323760	0	0	0	0	646572	0	0	0	0	1595865	0	0	0	16558208	0
FFQ	92	0	0	0	0	0	0	0	0	0	0	0	0	265123	0	0	0	0	0	0	0	0	0	272802	0	0	0	0	322497	0	0	0	0	652095	0	0	0	0	1620110	0	0	0	16526844	0
FFQ	93	0	0	0	0	0	0	0	0	0	0	0	0	267971	0	0	0	0	0	0	0	0	0	274004	0	0	0	0	323176	0	0	0	0	654410	0	0	0	0	1626952	0	0	0	16512800	0
FFQ	94	0	0	14	0	0	0	0	0	0	0	0	0	274112	0	0	0	0	0	0	0	0	0	278463	0	0	0	0	327224	0	0	0	0	660691	0	0	0	0	1636049	0	0	0	16482599	0
FFQ	95	0	0	241	0	0	0	0	0	0	0	0	0	280234	0	0	0	0	0	0	0	0	0	282428	0	0	0	0	330389	0	0	0	0	666829	0	0	0	0	1651705	0	0	0	16447148	0
FFQ	96	0	0	73	0	0	0	0	0	0	0	0	0	278880	0	0	0	0	0	0	0	0	0	282566	0	0	0	0	331400	0	0	0	0	667584	0	0	0	0	1659222	0	0	0	16439093	0
FFQ	97	0	0	0	0	0	0	0	0	0	0	0	0	286255	0	0	0	0	0	0	0	0	0	287694	0	0	0	0	336999	0	0	0	0	677647	0	0	0	0	1678042	0	0	0	16391994	0
FFQ	98	0	0	29	0	0	0	0	0	0	0	0	0	295458	0	0	0	0	0	0	0	0	0	293877	0	0	0	0	341861	0	0	0	0	684969	0	0	0	0	1701348	0	0	0	16340924	0
FFQ	99	0	0	0	0	0	0	0	0	0	0	0	0	293505	0	0	0	0	0	0	0	0	0	294271	0	0	0	0	341316	0	0	0	0	689511	0	0	0	0	1701557	0	0	0	16338142	0
FFQ	100	0	0	0	0	0	0	0	0	0	0	0	0	301183	0	0	0	0	0	0	0	0	0	297422	0	0	0	0	346533	0	0	0	0	694046	0	0	0	0	1718894	0	0	0	16300052	0
FFQ	101	0	0	50	0	0	0	0	0	0	0	0	0	308489	0	0	0	0	0	0	0	0	0	303996	0	0	0	0	352324	0	0	0	0	702689	0	0	0	0	1738532	0	0	0	16251862	0
FFQ	102	0	0	0	0	0	0	0	0	0	0	0	0	314506	0	0	0	0	0	0	0	0	0	307282	0	0	0	0	354651	0	0	0	0	713557	0	0	0	0	1747914	0	0	0	16219841	0
FFQ	103	0	0	0	0	0	0	0	0	0	0	0	0	316205	0	0	0	0	0	0	0	0	0	309367	0	0	0	0	355267	0	0	0	0	725890	0	0	0	0	1744343	0	0	0	16206483	0
FFQ	104	0	0	62	0	0	0	0	0	0	0	0	0	324188	0	0	0	0	0	0	0	0	0	313471	0	0	0	0	361642	0	0	0	0	743148	0	0	0	0	1760104	0	0	0	16154730	0
FFQ	105	0	0	0	0	0	0	0	0	0	0	0	0	332381	0	0	0	0	0	0	0	0	0	321129	0	0	0	0	368713	0	0	0	0	759886	0	0	0	0	1776672	0	0	0	16098370	0
FFQ	106	0	0	0	0	0	0	0	0	0	0	0	0	336048	0	0	0	0	0	0	0	0	0	323112	0	0	0	0	369135	0	0	0	0	770091	0	0	0	0	1783985	0	0	0	16074588	0
FFQ	107	0	0	0	0	0	0	0	0	0	0	0	0	340816	0	0	0	0	0	0	0	0	0	326781	0	0	0	0	373881	0	0	0	0	779366	0	0	0	0	1793967	0	0	0	16041982	0
FFQ	108	0	0	1335	0	0	0	0	0	0	0	0	0	354846	0	0	0	0	0	0	0	0	0	336739	0	0	0	0	383945	0	0	0	0	798427	0	0	0	0	1837788	0	0	0	15943506	0
FFQ	109	0	0	0	0	0	0	0	0	0	0	0	0	366143	0	0	0	0	0	0	0	0	0	344270	0	0	0	0	390013	0	0	0	0	815861	0	0	0	0	1860432	0	0	0	15879679	0
FFQ	110	0	0	157	0	0	0	0	0	0	0	0	0	374977	0	0	0	0	0	0	0	0	0	351178	0	0	0	0	397421	0	0	0	0	828869	0	0	0	0	1887351	0	0	0	15816247	0
FFQ	111	0	0	0	0	0	0	0	0	0	0	0	0	375218	0	0	0	0	0	0	0	0	0	354486	0	0	0	0	398635	0	0	0	0	833932	0	0	0	0	1897305	0	0	0	15796397	0
FFQ	112	0	0	2	0	0	0	0	0	0	0	0	0	379797	0	0	0	0	0	0	0	0	0	356435	0	0	0	0	403156	0	0	0	0	835446	0	0	0	0	1900335	0	0	0	15780552	0
FFQ	113	0	0	0	0	0	0	0	0	0	0	0	0	384892	0	0	0	0	0	0	0	0	0	361955	0	0	0	0	408563	0	0	0	0	843487	0	0	0	0	1921613	0	0	0	15735010	0
FFQ	114	0	0	28	0	0	0	0	0	0	0	0	0	391539	0	0	0	0	0	0	0	0	0	363140	0	0	0	0	411341	0	0	0	0	846504	0	0	0	0	1940020	0	0	0	15702761	0
FFQ	115	0	0	58	0	0	0	0	0	0	0	0	0	399813	0	0	0	0	0	0	0	0	0	368044	0	0	0	0	421225	0	0	0	0	853049	0	0	0	0	1962945	0	0	0	15649955	0
FFQ	116	0	0	6	0	0	0	0	0	0	0	0	0	412151	0	0	0	0	0	0	0	0	0	378300	0	0	0	0	428650	0	0	0	0	868363	0	0	0	0	2018242	0	0	0	15549141	0
FFQ	117	0	0	192	0	0	0	0	0	0	0	0	0	420525	0	0	0	0	0	0	0	0	0	385562	0	0	0	0	434818	0	0	0	0	878904	0	0	0	0	2065673	0	0	0	15468930	0
FFQ	118	0	0	93	0	0	0	0	0	0	0	0	0	428846	0	0	0	0	0	0	0	0	0	394048	0	0	0	0	438731	0	0	0	0	893518	0	0	0	0	2116339	0	0	0	15382791	0
FFQ	119	0	0	0	0	0	0	0	0	0	0	0	0	436754	0	0	0	0	0	0	0	0	0	403750	0	0	0	0	440220	0	0	0	0	903155	0	0	0	0	2268002	0	0	0	15202242	0
FFQ	120	0	0	0	0	0	0	0	0	0	0	0	0	441191	0	0	0	0	0	0	0	0	0	411436	0	0	0	0	443653	0	0	0	0	912896	0	0	0	0	2367739	0	0	0	15076959	0
FFQ	121	0	0	7	0	0	0	0	0	0	0	0	0	450291	0	0	0	0	0	0	0	0	0	417914	0	0	0	0	443321	0	0	0	0	916567	0	0	0	0	2475615	0	0	0	14949861	0
FFQ	122	0	0	1	0	0	0	0	0	0	0	0	0	458988	0	0	0	0	0	0	0	0	0	428882	0	0	0	0	448773	0	0	0	0	926199	0	0	0	0	2572193	0	0	0	14818296	0
FFQ	123	0	0	0	0	0	0	0	0	0	0	0	0	467283	0	0	0	0	0	0	0	0	0	435457	0	0	0	0	455420	0	0	0	0	935350	0	0	0	0	2624224	0	0	0	14735307	0
FFQ	124	0	0	0	0	0	0	0	0	0	0	0	0	476280	0	0	0	0	0	0	0	0	0	442959	0	0	0	0	463056	0	0	0	0	936134	0	0	0	0	2715191	0	0	0	14619137	0
FFQ	125	0	0	34	0	0	0	0	0	0	0	0	0	485670	0	0	0	0	0	0	0	0	0	451524	0	0	0	0	480522	0	0	0	0	939459	0	0	0	0	2738666	0	0	0	14556566	0
FFQ	126	0	0	0	0	0	0	0	0	0	0	0	0	491227	0	0	0	0	0	0	0	0	0	455361	0	0	0	0	516886	0	0	0	0	912029	0	0	0	0	2782390	0	0	0	14494263	0
FFQ	127	0	0	0	0	0	0	0	0	0	0	0	0	502181	0	0	0	0	0	0	0	0	0	462733	0	0	0	0	539300	0	0	0	0	904053	0	0	0	0	2820623	0	0	0	14422958	0
FFQ	128	0	0	28	0	0	0	0	0	0	0	0	0	516859	0	0	0	0	0	0	0	0	0	475103	0	0	0	0	551564	0	0	0	0	923027	0	0	0	0	2860874	0	0	0	14324073	0
FFQ	129	0	0	109	0	0	0	0	0	0	0	0	0	530169	0	0	0	0	0	0	0	0	0	477655	0	0	0	0	579943	0	0	0	0	908742	0	0	0	0	2910234	0	0	0	14244316	0
FFQ	130	0	0	280	0	0	0	0	0	0	0	0	0	549142	0	0	0	0	0	0	0	0	0	489103	0	0	0	0	603156	0	0	0	0	910198	0	0	0	0	2959450	0	0	0	14139542	0
FFQ	131	0	0	0	0	0	0	0	0	0	0	0	0	576130	0	0	0	0	0	0	0	0	0	496087	0	0	0	0	620881	0	0	0	0	925843	0	0	0	0	3027970	0	0	0	14003609	0
FFQ	132	0	0	135	0	0	0	0	0	0	0	0	0	591796	0	0	0	0	0	0	0	0	0	490093	0	0	0	0	630956	0	0	0	0	919192	0	0	0	0	3051757	0	0	0	13966195	0
FFQ	133	0	0	0	0	0	0	0	0	0	0	0	0	622788	0	0	0	0	0	0	0	0	0	477249	0	0	0	0	638931	0	0	0	0	919456	0	0	0	0	3092831	0	0	0	13898448	0
FFQ	134	0	0	0	0	0	0	0	0	0	0	0	0	663961	0	0	0	0	0	0	0	0	0	464433	0	0	0	0	641115	0	0	0	0	928504	0	0	0	0	3128688	0	0	0	13822575	0
FFQ	135	0	0	0	0	0	0	0	0	1545	0	0	0	704723	0	0	0	0	0	0	0	0	0	445144	0	0	0	0	639248	0	0	0	0	939724	0	0	0	0	3171836	0	0	0	13746603	0
FFQ	136	0	0	1	0	0	0	0	0	1679	0	0	0	739529	0	0	0	0	0	0	0	0	0	445143	0	0	0	0	647277	0	0	0	0	954087	0	0	0	0	3212646	0	0	0	13647983	0
FFQ	137	0	0	0	0	0	0	0	0	5518	0	0	0	775067	0	0	0	0	0	0	0	0	0	436266	0	0	0	0	648525	0	0	0	0	976525	0	0	0	0	3241060	0	0	0	13564804	0
FFQ	138	0	0	0	0	0	0	0	0	10651	0	0	0	789903	0	0	0	0	0	0	0	0	0	455514	0	0	0	0	664102	0	0	0	0	1011945	0	0	0	0	3285822	0	0	0	13429107	0
FFQ	139	0	0	0	0	0	0	0	0	23017	0	0	0	800688	0	0	0	0	0	0	0	0	0	474240	0	0	0	0	675298	0	0	0	0	1065950	0	0	0	0	3317174	0	0	0	13289522	0
FFQ	140	0	0	128	0	0	0	0	0	44763	0	0	0	816697	0	0	0	0	0	0	0	0	0	463226	0	0	0	0	664701	0	0	0	0	1135854	0	0	0	0	3286441	0	0	0	13231728	0
FFQ	141	0	0	0	0	0	0	0	0	85790	0	0	0	775375	0	0	0	0	0	0	0	0	0	469182	0	0	0	0	648715	0	0	0	0	1242983	0	0	0	0	3163001	0	0	0	13252939	0
FFQ	142	0	0	162	0	0	0	0	0	119006	0	0	0	764377	0	0	0	0	0	0	0	0	0	481814	0	0	0	0	644742	0	0	0	0	1340336	0	0	0	0	3106812	0	0	0	13165640	0
FFQ	143	0	0	7	0	0	0	0	0	171928	0	0	0	730893	0	0	0	0	0	0	0	0	0	500481	0	0	0	0	640246	0	0	0	0	1475343	0	0	0	0	3006033	0	0	0	13096613	0
FFQ	144	0	0	0	0	0	0	0	0	173806	0	0	0	742820	0	0	0	0	0	0	0	0	0	507777	0	0	0	0	646669	0	0	0	0	1492993	0	0	0	0	3029557	0	0	0	13027282	0
FFQ	145	0	0	222	0	0	0	0	0	204346	0	0	0	754731	0	0	0	0	0	0	0	0	0	529490	0	0	0	0	659604	0	0	0	0	1579644	0	0	0	0	3043079	0	0	0	12849125	0
FFQ	146	0	0	0	0	0	0	0	0	235723	0	0	0	751946	0	0	0	0	0	0	0	0	0	551750	0	0	0	0	670724	0	0	0	0	1668893	0	0	0	0	3017564	0	0	0	12722991	0
FFQ	147	0	0	0	0	0	0	0	0	255824	0	0	0	750474	0	0	0	0	0	0	0	0	0	563434	0	0	0	0	671820	0	0	0	0	1721840	0	0	0	0	3013560	0	0	0	12641890	0
FFQ	148	0	0	0	0	0	0	0	0	260560	0	0	0	764894	0	0	0	0	0	0	0	0	0	579146	0	0	0	0	706611	0	0	0	0	1742868	0	0	0	0	2995554	0	0	0	12568488	0
FFQ	149	0	0	12	0	0	0	0	0	274679	0	0	0	778528	0	0	0	0	0	0	0	0	0	599320	0	0	0	0	755318	0	0	0	0	1772038	0	0	0	0	2944576	0	0	0	12492852	0
FFQ	150	0	0	0	0	0	0	0	0	569620	0	0	0	1424539	0	0	0	0	0	0	0	0	0	1127697	0	0	0	0	1317013	0	0	0	0	2797949	0	0	0	0	3804697	0	0	0	8574955	0
# Last Fragment Qualities. Use `grep ^LFQ | cut -f 2-` to extract this part.
# Columns correspond to qualities and rows to cycles. First column is the cycle number.
LFQ	1	0	0	213247	0	0	0	0	0	0	0	0	0	751413	0	0	0	0	0	0	0	0	0	0	0	0	0	0	925600	0	0	0	0	17774461	0	0	0	0	6	0	0	0	0	0
LFQ	2	0	0	29	0	0	0	0	0	0	0	0	0	619162	0	0	0	0	0	0	0	0	0	1	0	0	0	0	721586	0	0	0	0	18323308	0	0	0	0	641	0	0	0	0	0
LFQ	3	0	0	0	0	0	0	0	0	0	0	0	0	661908	0	0	0	0	0	0	0	0	0	7493	0	0	0	0	787761	0	0	0	0	5709730	0	0	0	0	12497835	0	0	0	0	0
LFQ	4	0	0	0	0	0	0	0	0	0	0	0	0	524982	0	0	0	0	0	0	0	0	0	124271	0	0	0	0	524635	0	0	0	0	2108729	0	0	0	0	16382110	0	0	0	0	0
LFQ	5	0	0	0	0	0	0	0	0	0	0	0	0	458613	0	0	0	0	0	0	0	0	0	295887	0	0	0	0	297570	0	0	0	0	1323160	0	0	0	0	17289495	0	0	0	2	0
LFQ	6	0	0	0	0	0	0	0	0	0	0	0	0	427215	0	0	0	0	0	0	0	0	0	273820	0	0	0	0	368264	0	0	0	0	1066452	0	0	0	0	3084354	0	0	0	14444622	0
LFQ	7	0	0	0	0	0	0	0	0	0	0	0	0	400550	0	0	0	0	0	0	0	0	0	241232	0	0	0	0	333128	0	0	0	0	902856	0	0	0	0	2544289	0	0	0	15242672	0
LFQ	8	0	0	149	0	0	0	0	0	0	0	0	0	399943	0	0	0	0	0	0	0	0	0	260260	0	0	0	0	362647	0	0	0	0	808180	0	0	0	0	2372732	0	0	0	15460816	0
LFQ	9	0	0	0	0	0	0	0	0	0	0	0	0	389506	0	0	0	0	0	0	0	0	0	271864	0	0	0	0	429014	0	0	0	0	655659	0	0	0	0	2185072	0	0	0	15733612	0
LFQ	10	0	0	0	0	0	0	0	0	0	0	0	0	395490	0	0	0	0	0	0	0	0	0	281758	0	0	0	0	469120	0	0	0	0	613814	0	0	0	0	2149883	0	0	0	15754662	0
LFQ	11	0	0	0	0	0	0	0	0	0	0	0	0	410373	0	0	0	0	0	0	0	0	0	303165	0	0	0	0	491401	0	0	0	0	645182	0	0	0	0	2203758	0	0	0	15610848	0
LFQ	12	0	0	1	0	0	0	0	0	0	0	0	0	414522	0	0	0	0	0	0	0	0	0	308960	0	0	0	0	494011	0	0	0	0	653801	0	0	0	0	2183752	0	0	0	15609680	0
LFQ	13	0	0	0	0	0	0	0	0	0	0	0	0	416337	0	0	0	0	0	0	0	0	0	312715	0	0	0	0	496163	0	0	0	0	655332	0	0	0	0	2176157	0	0	0	15608023	0
LFQ	14	0	0	0	0	0	0	0	0	0	0	0	0	431620	0	0	0	0	0	0	0	0	0	324211	0	0	0	0	507297	0	0	0	0	668392	0	0	0	0	2168841	0	0	0	15564366	0
LFQ	15	0	0	0	0	0	0	0	0	0	0	0	0	431182	0	0	0	0	0	0	0	0	0	317933	0	0	0	0	506445	0	0	0	0	663049	0	0	0	0	2187238	0	0	0	15558880	0
LFQ	16	0	0	0	0	0	0	0	0	0	0	0	0	438818	0	0	0	0	0	0	0	0	0	327234	0	0	0	0	517447	0	0	0	0	684705	0	0	0	0	2227061	0	0	0	15469462	0
LFQ	17	0	0	0	0	0	0	0	0	0	0	0	0	450770	0	0	0	0	0	0	0	0	0	328991	0	0	0	0	523377	0	0	0	0	683895	0	0	0	0	2250779	0	0	0	15426915	0
LFQ	18	0	0	2031	0	0	0	0	0	0	0	0	0	449614	0	0	0	0	0	0	0	0	0	331655	0	0	0	0	526432	0	0	0	0	690113	0	0	0	0	2264470	0	0	0	15400412	0
LFQ	19	0	0	0	0	0	0	0	0	0	0	0	0	447942	0	0	0	0	0	0	0	0	0	326932	0	0	0	0	521771	0	0	0	0	684662	0	0	0	0	2260963	0	0	0	15422457	0
LFQ	20	0	0	0	0	0	0	0	0	0	0	0	0	465062	0	0	0	0	0	0	0	0	0	326895	0	0	0	0	530254	0	0	0	0	687674	0	0	0	0	2284923	0	0	0	15369919	0
LFQ	21	0	0	235	0	0	0	0	0	0	0	0	0	465432	0	0	0	0	0	0	0	0	0	327364	0	0	0	0	529261	0	0	0	0	687444	0	0	0	0	2295416	0	0	0	15359575	0
LFQ	22	0	0	0	0	0	0	0	0	0	0	0	0	484856	0	0	0	0	0	0	0	0	0	334337	0	0	0	0	538321	0	0	0	0	697517	0	0	0	0	2323086	0	0	0	15286610	0
LFQ	23	0	0	0	0	0	0	0	0	0	0	0	0	489417	0	0	0	0	0	0	0	0	0	339325	0	0	0	0	545809	0	0	0	0	706802	0	0	0	0	2344878	0	0	0	15238496	0
LFQ	24	0	0	0	0	0	0	0	0	0	0	0	0	495063	0	0	0	0	0	0	0	0	0	343250	0	0	0	0	550142	0	0	0	0	710879	0	0	0	0	2359213	0	0	0	15206180	0
LFQ	25	0	0	0	0	0	0	0	0	0	0	0	0	513905	0	0	0	0	0	0	0	0	0	351442	0	0	0	0	560833	0	0	0	0	724534	0	0	0	0	2392159	0	0	0	15121854	0
LFQ	26	0	0	0	0	0	0	0	0	0	0	0	0	528540	0	0	0	0	0	0	0	0	0	362134	0	0	0	0	577587	0	0	0	0	740441	0	0	0	0	2445009	0	0	0	15011016	0
LFQ	27	0	0	0	0	0	0	0	0	0	0	0	0	542137	0	0	0	0	0	0	0	0	0	370254	0	0	0	0	585603	0	0	0	0	752215	0	0	0	0	2475388	0	0	0	14939130	0
LFQ	28	0	0	0	0	0	0	0	0	0	0	0	0	534557	0	0	0	0	0	0	0	0	0	370488	0	0	0	0	585861	0	0	0	0	752874	0	0	0	0	2479726	0	0	0	14941221	0
LFQ	29	0	0	78	0	0	0	0	0	0	0	0	0	567341	0	0	0	0	0	0	0	0	0	381600	0	0	0	0	602320	0	0	0	0	768343	0	0	0	0	2518473	0	0	0	14826572	0
LFQ	30	0	0	45	0	0	0	0	0	0	0	0	0	563400	0	0	0	0	0	0	0	0	0	386158	0	0	0	0	605218	0	0	0	0	769288	0	0	0	0	2519284	0	0	0	14821334	0
LFQ	31	0	0	3	0	0	0	0	0	0	0	0	0	559032	0	0	0	0	0	0	0	0	0	383388	0	0	0	0	602340	0	0	0	0	767218	0	0	0	0	2517130	0	0	0	14835616	0
LFQ	32	0	0	168	0	0	0	0	0	0	0	0	0	580913	0	0	0	0	0	0	0	0	0	390123	0	0	0	0	609233	0	0	0	0	773539	0	0	0	0	2526808	0	0	0	14783943	0
LFQ	33	0	0	0	0	0	0	0	0	0	0	0	0	573558	0	0	0	0	0	0	0	0	0	394280	0	0	0	0	621121	0	0	0	0	773375	0	0	0	0	2542822	0	0	0	14759571	0
LFQ	34	0	0	0	0	0	0	0	0	0	0	0	0	579841	0	0	0	0	0	0	0	0	0	396047	0	0	0	0	624778	0	0	0	0	778271	0	0	0	0	2566574	0	0	0	14719216	0
LFQ	35	0	0	0	0	0	0	0	0	0	0	0	0	594560	0	0	0	0	0	0	0	0	0	403920	0	0	0	0	639670	0	0	0	0	790211	0	0	0	0	2586107	0	0	0	14650259	0
LFQ	36	0	0	0	0	0	0	0	0	0	0	0	0	607627	0	0	0	0	0	0	0	0	0	410319	0	0	0	0	649169	0	0	0	0	812102	0	0	0	0	2607466	0	0	0	14578044	0
LFQ	37	0	0	0	0	0	0	0	0	0	0	0	0	629461	0	0	0	0	0	0	0	0	0	421944	0	0	0	0	666232	0	0	0	0	850553	0	0	0	0	2638856	0	0	0	14457681	0
LFQ	38	0	0	23	0	0	0	0	0	0	0	0	0	638637	0	0	0	0	0	0	0	0	0	431279	0	0	0	0	679926	0	0	0	0	901905	0	0	0	0	2657827	0	0	0	14355130	0
LFQ	39	0	0	0	0	0	0	0	0	0	0	0	0	652167	0	0	0	0	0	0	0	0	0	440543	0	0	0	0	690816	0	0	0	0	955652	0	0	0	0	2649296	0	0	0	14276253	0
LFQ	40	0	0	0	0	0	0	0	0	0	0	0	0	657701	0	0	0	0	0	0	0	0	0	442030	0	0	0	0	693950	0	0	0	0	987286	0	0	0	0	2652577	0	0	0	14231183	0
LFQ	41	0	0	0	0	0	0	0	0	0	0	0	0	667279	0	0	0	0	0	0	0	0	0	449125	0	0	0	0	705381	0	0	0	0	1003586	0	0	0	0	2683673	0	0	0	14155683	0
LFQ	42	0	0	0	0	0	0	0	0	0	0	0	0	686076	0	0	0	0	0	0	0	0	0	457923	0	0	0	0	715977	0	0	0	0	1016766	0	0	0	0	2714357	0	0	0	14073628	0
LFQ	43	0	0	0	0	0	0	0	0	0	0	0	0	693169	0	0	0	0	0	0	0	0	0	467563	0	0	0	0	729955	0	0	0	0	1040671	0	0	0	0	2760385	0	0	0	13972984	0
LFQ	44	0	0	0	0	0	0	0	0	0	0	0	0	704921	0	0	0	0	0	0	0	0	0	471473	0	0	0	0	735975	0	0	0	0	1051927	0	0	0	0	2762076	0	0	0	13938355	0
LFQ	45	0	0	0	0	0	0	0	0	0	0	0	0	708905	0	0	0	0	0	0	0	0	0	474510	0	0	0	0	737669	0	0	0	0	1076842	0	0	0	0	2754960	0	0	0	13911841	0
LFQ	46	0	0	36	0	0	0	0	0	0	0	0	0	725045	0	0	0	0	0	0	0	0	0	483217	0	0	0	0	749712	0	0	0	0	1093562	0	0	0	0	2777499	0	0	0	13835656	0
LFQ	47	0	0	0	0	0	0	0	0	0	0	0	0	748205	0	0	0	0	0	0	0	0	0	493753	0	0	0	0	762701	0	0	0	0	1131109	0	0	0	0	2795334	0	0	0	13733625	0
LFQ	48	0	0	509	0	0	0	0	0	0	0	0	0	757275	0	0	0	0	0	0	0	0	0	501806	0	0	0	0	774794	0	0	0	0	1177304	0	0	0	0	2796474	0	0	0	13656565	0
LFQ	49	0	0	0	0	0	0	0	0	0	0	0	0	764327	0	0	0	0	0	0	0	0	0	504911	0	0	0	0	778615	0	0	0	0	1212937	0	0	0	0	2774891	0	0	0	13629046	0
LFQ	50	0	0	0	0	0	0	0	0	0	0	0	0	786631	0	0	0	0	0	0	0	0	0	517365	0	0	0	0	793477	0	0	0	0	1243611	0	0	0	0	2787112	0	0	0	13536531	0
LFQ	51	0	0	28	0	0	0	0	0	0	0	0	0	825009	0	0	0	0	0	0	0	0	0	529961	0	0	0	0	805283	0	0	0	0	1260029	0	0	0	0	2801271	0	0	0	13443146	0
LFQ	52	0	0	156	0	0	0	0	0	0	0	0	0	823849	0	0	0	0	0	0	0	0	0	539251	0	0	0	0	820354	0	0	0	0	1283965	0	0	0	0	2837506	0	0	0	13359646	0
LFQ	53	0	0	0	0	0	0	0	0	0	0	0	0	833834	0	0	0	0	0	0	0	0	0	549231	0	0	0	0	823577	0	0	0	0	1299673	0	0	0	0	2855458	0	0	0	13302954	0
LFQ	54	0	0	0	0	0	0	0	0	0	0	0	0	835657	0	0	0	0	0	0	0	0	0	550503	0	0	0	0	827828	0	0	0	0	1304962	0	0	0	0	2871003	0	0	0	13274774	0
LFQ	55	0	0	189	0	0	0	0	0	0	0	0	0	864202	0	0	0	0	0	0	0	0	0	580789	0	0	0	0	817074	0	0	0	0	1318259	0	0	0	0	2903768	0	0	0	13180446	0
LFQ	56	0	0	0	0	0	0	0	0	0	0	0	0	896648	0	0	0	0	0	0	0	0	0	623784	0	0	0	0	797314	0	0	0	0	1336692	0	0	0	0	2922206	0	0	0	13088083	0
LFQ	57	0	0	0	0	0	0	0	0	0	0	0	0	880468	0	0	0	0	0	0	0	0	0	656069	0	0	0	0	782218	0	0	0	0	1350896	0	0	0	0	2946583	0	0	0	13048493	0
LFQ	58	0	0	0	0	0	0	0	0	0	0	0	0	908012	0	0	0	0	0	0	0	0	0	683073	0	0	0	0	772097	0	0	0	0	1361687	0	0	0	0	2978164	0	0	0	12961694	0
LFQ	59	0	0	8	0	0	0	0	0	0	0	0	0	924948	0	0	0	0	0	0	0	0	0	710310	0	0	0	0	765954	0	0	0	0	1374727	0	0	0	0	2996770	0	0	0	12892010	0
LFQ	60	0	0	242	0	0	0	0	0	0	0	0	0	949679	0	0	0	0	0	0	0	0	0	743997	0	0	0	0	755716	0	0	0	0	1393141	0	0	0	0	3022201	0	0	0	12799751	0
LFQ	61	0	0	131	0	0	0	0	0	0	0	0	0	954279	0	0	0	0	0	0	0	0	0	755554	0	0	0	0	751712	0	0	0	0	1401912	0	0	0	0	3033920	0	0	0	12767072	0
LFQ	62	0	0	0	0	0	0	0	0	0	0	0	0	961773	0	0	0	0	0	0	0	0	0	763972	0	0	0	0	759275	0	0	0	0	1414679	0	0	0	0	3049684	0	0	0	12715049	0
LFQ	63	0	0	575	0	0	0	0	0	0	0	0	0	976874	0	0	0	0	0	0	0	0	0	775744	0	0	0	0	762740	0	0	0	0	1426446	0	0	0	0	3070183	0	0	0	12651722	0
LFQ	64	0	0	21	0	0	0	0	0	0	0	0	0	1027373	0	0	0	0	0	0	0	0	0	803807	0	0	0	0	778729	0	0	0	0	1453500	0	0	0	0	3106452	0	0	0	12494227	0
LFQ	65	0	0	5	0	0	0	0	0	0	0	0	0	1015025	0	0	0	0	0	0	0	0	0	811549	0	0	0	0	782516	0	0	0	0	1467690	0	0	0	0	3120891	0	0	0	12466277	0
LFQ	66	0	0	0	0	0	0	0	0	0	0	0	0	1015128	0	0	0	0	0	0	0	0	0	805105	0	0	0	0	777375	0	0	0	0	1459774	0	0	0	0	3109575	0	0	0	12496855	0
LFQ	67	0	0	82	0	0	0	0	0	0	0	0	0	1063787	0	0	0	0	0	0	0	0	0	821662	0	0	0	0	795006	0	0	0	0	1474105	0	0	0	0	3133577	0	0	0	12375419	0
LFQ	68	0	0	0	0	0	0	0	0	0	0	0	0	1079309	0	0	0	0	0	0	0	0	0	841566	0	0	0	0	807502	0	0	0	0	1497198	0	0	0	0	3162889	0	0	0	12275008	0
LFQ	69	0	0	118	0	0	0	0	0	0	0	0	0	1110578	0	0	0	0	0	0	0	0	0	857768	0	0	0	0	813408	0	0	0	0	1514584	0	0	0	0	3177373	0	0	0	12189459	0
LFQ	70	0	0	161	0	0	0	0	0	0	0	0	0	1110439	0	0	0	0	0	0	0	0	0	874554	0	0	0	0	827276	0	0	0	0	1534777	0	0	0	0	3206668	0	0	0	12109245	0
LFQ	71	0	0	96	0	0	0	0	0	0	0	0	0	1104486	0	0	0	0	0	0	0	0	0	869178	0	0	0	0	825478	0	0	0	0	1541951	0	0	0	0	3225931	0	0	0	12095840	0
LFQ	72	0	0	0	0	0	0	0	0	0	0	0	0	1155371	0	0	0	0	0	0	0	0	0	882848	0	0	0	0	838074	0	0	0	0	1550213	0	0	0	0	3231439	0	0	0	12004849	0
LFQ	73	0	0	138	0	0	0	0	0	0	0	0	0	1158324	0	0	0	0	0	0	0	0	0	896963	0	0	0	0	849200	0	0	0	0	1569009	0	0	0	0	3254925	0	0	0	11934098	0
LFQ	74	0	0	0	0	0	0	0	0	0	0	0	0	1177616	0	0	0	0	0	0	0	0	0	905341	0	0	0	0	855284	0	0	0	0	1583763	0	0	0	0	3270549	0	0	0	11869934	0
LFQ	75	0	0	0	0	0	0	0	0	0	0	0	0	1221273	0	0	0	0	0	0	0	0	0	921627	0	0	0	0	863199	0	0	0	0	1595763	0	0	0	0	3278034	0	0	0	11782414	0
LFQ	76	0	0	0	0	0	0	0	0	0	0	0	0	1242248	0	0	0	0	0	0	0	0	0	959671	0	0	0	0	887469	0	0	0	0	1637886	0	0	0	0	3330246	0	0	0	11604631	0
LFQ	77	0	0	0	0	0	0	0	0	0	0	0	0	1154693	0	0	0	0	0	0	0	0	0	2168462	0	0	0	0	1241339	0	0	0	0	3808341	0	0	0	0	5279728	0	0	0	6009405	0
LFQ	78	0	0	0	0	0	0	0	0	0	0	0	0	1116523	0	0	0	0	0	0	0	0	0	1218162	0	0	0	0	947954	0	0	0	0	2595219	0	0	0	0	4356260	0	0	0	9427663	0
LFQ	79	0	0	0	0	0	0	0	0	0	0	0	0	1043567	0	0	0	0	0	0	0	0	0	953166	0	0	0	0	838835	0	0	0	0	1957357	0	0	0	0	3632042	0	0	0	11236634	0
LFQ	80	0	0	0	0	0	0	0	0	0	0	0	0	969869	0	0	0	0	0	0	0	0	0	856004	0	0	0	0	794685	0	0	0	0	1702333	0	0	0	0	3302530	0	0	0	12036024	0
LFQ	81	0	0	230	0	0	0	0	0	0	0	0	0	961210	0	0	0	0	0	0	0	0	0	807231	0	0	0	0	768791	0	0	0	0	1587290	0	0	0	0	3133281	0	0	0	12403221	0
LFQ	82	0	0	1	0	0	0	0	0	0	0	0	0	930072	0	0	0	0	0	0	0	0	0	787246	0	0	0	0	755437	0	0	0	0	1535467	0	0	0	0	3059534	0	0	0	12593309	0
LFQ	83	0	0	0	0	0	0	0	0	0	0	0	0	959560	0	0	0	0	0	0	0	0	0	781227	0	0	0	0	762408	0	0	0	0	1510206	0	0	0	0	3020182	0	0	0	12627295	0
LFQ	84	0	0	0	0	0	0	0	0	0	0	0	0	943580	0	0	0	0	0	0	0	0	0	781012	0	0	0	0	761348	0	0	0	0	1500436	0	0	0	0	3011127	0	0	0	12663194	0
LFQ	85	0	0	0	0	0	0	0	0	0	0	0	0	981981	0	0	0	0	0	0	0	0	0	788039	0	0	0	0	770188	0	0	0	0	1502559	0	0	0	0	3026373	0	0	0	12591383	0
LFQ	86	0	0	160	0	0	0	0	0	0	0	0	0	972720	0	0	0	0	0	0	0	0	0	803100	0	0	0	0	780409	0	0	0	0	1517812	0	0	0	0	3058289	0	0	0	12527857	0
LFQ	87	0	0	0	0	0	0	0	0	0	0	0	0	994016	0	0	0	0	0	0	0	0	0	814024	0	0	0	0	783256	0	0	0	0	1528245	0	0	0	0	3183116	0	0	0	12357512	0
LFQ	88	0	0	0	0	0	0	0	0	0	0	0	0	994992	0	0	0	0	0	0	0	0	0	823073	0	0	0	0	778682	0	0	0	0	1530553	0	0	0	0	3304701	0	0	0	12227993	0
LFQ	89	0	0	0	0	0	0	0	0	0	0	0	0	1038787	0	0	0	0	0	0	0	0	0	844165	0	0	0	0	788227	0	0	0	0	1545858	0	0	0	0	3409471	0	0	0	12033299	0
LFQ	90	0	0	1	0	0	0	0	0	0	0	0	0	1040455	0	0	0	0	0	0	0	0	0	867314	0	0	0	0	782542	0	0	0	0	1564242	0	0	0	0	3600228	0	0	0	11804851	0
LFQ	91	0	0	0	0	0	0	0	0	0	0	0	0	1068040	0	0	0	0	0	0	0	0	0	881797	0	0	0	0	781206	0	0	0	0	1576036	0	0	0	0	3736283	0	0	0	11616076	0
LFQ	92	0	0	2	0	0	0	0	0	0	0	0	0	1089684	0	0	0	0	0	0	0	0	0	904806	0	0	0	0	808312	0	0	0	0	1594468	0	0	0	0	3756380	0	0	0	11505605	0
LFQ	93	0	0	0	0	0	0	0	0	0	0	0	0	1135245	0	0	0	0	0	0	0	0	0	930403	0	0	0	0	822089	0	0	0	0	1625738	0	0	0	0	3814545	0	0	0	11331069	0
LFQ	94	0	0	27	0	0	0	0	0	0	0	0	0	1152499	0	0	0	0	0	0	0	0	0	954608	0	0	0	0	819899	0	0	0	0	1641942	0	0	0	0	3938400	0	0	0	11151548	0
LFQ	95	0	0	15	0	0	0	0	0	0	0	0	0	1157580	0	0	0	0	0	0	0	0	0	973383	0	0	0	0	840917	0	0	0	0	1647368	0	0	0	0	4048886	0	0	0	10990590	0
LFQ	96	0	0	0	0	0	0	0	0	0	0	0	0	1209318	0	0	0	0	0	0	0	0	0	989957	0	0	0	0	877575	0	0	0	0	1641248	0	0	0	0	4092233	0	0	0	10848234	0
LFQ	97	0	0	0	0	0	0	0	0	0	0	0	0	1220064	0	0	0	0	0	0	0	0	0	1012037	0	0	0	0	922566	0	0	0	0	1622020	0	0	0	0	4127476	0	0	0	10754203	0
LFQ	98	0	0	36	0	0	0	0	0	0	0	0	0	1252810	0	0	0	0	0	0	0	0	0	1024580	0	0	0	0	952599	0	0	0	0	1628162	0	0	0	0	4173155	0	0	0	10626853	0
LFQ	99	0	0	0	0	0	0	0	0	0	0	0	0	1259220	0	0	0	0	0	0	0	0	0	1032382	0	0	0	0	1009748	0	0	0	0	1581568	0	0	0	0	4219245	0	0	0	10555863	0
LFQ	100	0	0	0	0	0	0	0	0	0	0	0	0	1303148	0	0	0	0	0	0	0	0	0	1031620	0	0	0	0	1040875	0	0	0	0	1577796	0	0	0	0	4265214	0	0	0	10439189	0
LFQ	101	0	0	0	0	0	0	0	0	0	0	0	0	1362698	0	0	0	0	0	0	0	0	0	1031061	0	0	0	0	1093029	0	0	0	0	1556706	0	0	0	0	4320236	0	0	0	10293912	0
LFQ	102	0	0	142	0	0	0	0	0	0	0	0	0	1432082	0	0	0	0	0	0	0	0	0	1004711	0	0	0	0	1107941	0	0	0	0	1555120	0	0	0	0	4360080	0	0	0	10197366	0
LFQ	103	0	0	0	0	0	0	0	0	0	0	0	0	1485228	0	0	0	0	0	0	0	0	0	987399	0	0	0	0	1111905	0	0	0	0	1564012	0	0	0	0	4402014	0	0	0	10106678	0
LFQ	104	0	0	0	0	0	0	0	0	0	0	0	0	1581820	0	0	0	0	0	0	0	0	0	983156	0	0	0	0	1128951	0	0	0	0	1575983	0	0	0	0	4428915	0	0	0	9958190	0
LFQ	105	0	0	0	0	0	0	0	0	0	0	0	0	1645919	0	0	0	0	0	0	0	0	0	972067	0	0	0	0	1126440	0	0	0	0	1602517	0	0	0	0	4470832	0	0	0	9839040	0
LFQ	106	0	0	2331	0	0	0	0	0	8571	0	0	0	1745785	0	0	0	0	0	0	0	0	0	938213	0	0	0	0	1130462	0	0	0	0	1640888	0	0	0	0	4521349	0	0	0	9669016	0
LFQ	107	0	0	15	0	0	0	0	0	54801	0	0	0	1775366	0	0	0	0	0	0	0	0	0	935712	0	0	0	0	1123179	0	0	0	0	1724975	0	0	0	0	4463005	0	0	0	9579390	0
LFQ	108	0	0	0	0	0	0	0	0	53294	0	0	0	1825436	0	0	0	0	0	0	0	0	0	922659	0	0	0	0	1126033	0	0	0	0	1736258	0	0	0	0	4491431	0	0	0	9501116	0
LFQ	109	0	0	0	0	0	0	0	0	70279	0	0	0	1880107	0	0	0	0	0	0	0	0	0	959893	0	0	0	0	1150422	0	0	0	0	1790383	0	0	0	0	4505852	0	0	0	9299095	0
LFQ	110	0	0	0	0	0	0	0	0	117321	0	0	0	1867386	0	0	0	0	0	0	0	0	0	968405	0	0	0	0	1146989	0	0	0	0	1879918	0	0	0	0	4488553	0	0	0	9187253	0
LFQ	111	0	0	0	0	0	0	0	0	236255	0	0	0	1785642	0	0	0	0	0	0	0	0	0	998946	0	0	0	0	1130049	0	0	0	0	2080784	0	0	0	0	4320179	0	0	0	9103734	0
LFQ	112	0	0	0	0	0	0	0	0	392379	0	0	0	1679451	0	0	0	0	0	0	0	0	0	1025605	0	0	0	0	1109791	0	0	0	0	2299746	0	0	0	0	4095462	0	0	0	9052897	0
LFQ	113	0	0	29	0	0	0	0	0	466646	0	0	0	1764428	0	0	0	0	0	0	0	0	0	1099174	0	0	0	0	1110623	0	0	0	0	2416233	0	0	0	0	3976635	0	0	0	8821355	0
LFQ	114	0	0	42	0	0	0	0	0	532834	0	0	0	1655983	0	0	0	0	0	0	0	0	0	1136955	0	0	0	0	1119322	0	0	0	0	2532394	0	0	0	0	3923369	0	0	0	8754023	0
LFQ	115	0	0	0	0	0	0	0	0	556090	0	0	0	1700829	0	0	0	0	0	0	0	0	0	1142073	0	0	0	0	1150643	0	0	0	0	2563763	0	0	0	0	3954384	0	0	0	8586880	0
LFQ	116	0	0	12	0	0	0	0	0	552729	0	0	0	1744475	0	0	0	0	0	0	0	0	0	1164009	0	0	0	0	1180433	0	0	0	0	2581241	0	0	0	0	3960666	0	0	0	8470852	0
LFQ	117	0	0	0	0	0	0	0	0	593620	0	0	0	1796705	0	0	0	0	0	0	0	0	0	1189567	0	0	0	0	1247342	0	0	0	0	2609534	0	0	0	0	3886067	0	0	0	8331323	0
LFQ	118	0	0	0	0	0	0	0	0	650761	0	0	0	1737332	0	0	0	0	0	0	0	0	0	1215529	0	0	0	0	1258610	0	0	0	0	2693853	0	0	0	0	3798803	0	0	0	8299026	0
LFQ	119	0	0	0	0	0	0	0	0	683594	0	0	0	1768130	0	0	0	0	0	0	0	0	0	1253924	0	0	0	0	1386824	0	0	0	0	2721749	0	0	0	0	3631104	0	0	0	8208338	0
LFQ	120	0	0	0	0	0	0	0	0	710670	0	0	0	1800030	0	0	0	0	0	0	0	0	0	1277878	0	0	0	0	1424102	0	0	0	0	2742462	0	0	0	0	3589889	0	0	0	8108378	0
LFQ	121	0	0	27	0	0	0	0	0	707760	0	0	0	1830175	0	0	0	0	0	0	0	0	0	1320246	0	0	0	0	1572985	0	0	0	0	2738970	0	0	0	0	3408413	0	0	0	8074526	0
LFQ	122	0	0	0	0	0	0	0	0	721804	0	0	0	1854722	0	0	0	0	0	0	0	0	0	1334634	0	0	0	0	1616009	0	0	0	0	2745781	0	0	0	0	3370824	0	0	0	8009064	0
LFQ	123	0	0	0	0	0	0	0	0	726410	0	0	0	1918815	0	0	0	0	0	0	0	0	0	1365054	0	0	0	0	1684463	0	0	0	0	2753387	0	0	0	0	3322517	0	0	0	7881880	0
LFQ	124	0	0	106	0	0	0	0	0	752426	0	0	0	1952497	0	0	0	0	0	0	0	0	0	1398215	0	0	0	0	1748404	0	0	0	0	2781743	0	0	0	0	3260103	0	0	0	7758730	0
LFQ	125	0	0	51	0	0	0	0	0	788513	0	0	0	2016901	0	0	0	0	0	0	0	0	0	1431171	0	0	0	0	1743444	0	0	0	0	2814536	0	0	0	0	3299170	0	0	0	7558102	0
LFQ	126	0	0	105	0	0	0	0	0	799580	0	0	0	2071622	0	0	0	0	0	0	0	0	0	1465451	0	0	0	0	1818513	0	0	0	0	2811337	0	0	0	0	3264114	0	0	0	7420864	0
LFQ	127	0	0	38	0	0	0	0	0	807984	0	0	0	2108152	0	0	0	0	0	0	0	0	0	1490246	0	0	0	0	1842379	0	0	0	0	2815520	0	0	0	0	3263723	0	0	0	7323222	0
LFQ	128	0	0	0	0	0	0	0	0	850552	0	0	0	2189073	0	0	0	0	0	0	0	0	0	1524157	0	0	0	0	1886397	0	0	0	0	2815324	0	0	0	0	3236162	0	0	0	7149262	0
LFQ	129	0	0	1431	0	0	0	0	0	848196	0	0	0	2237716	0	0	0	0	0	0	0	0	0	1567564	0	0	0	0	1969238	0	0	0	0	2765565	0	0	0	0	3303577	0	0	0	6957237	0
LFQ	130	0	0	0	0	0	0	0	0	877099	0	0	0	2335739	0	0	0	0	0	0	0	0	0	1611755	0	0	0	0	2067984	0	0	0	0	2681481	0	0	0	0	3364361	0	0	0	6711770	0
LFQ	131	0	0	0	0	0	0	0	0	876417	0	0	0	2400022	0	0	0	0	0	0	0	0	0	1662008	0	0	0	0	2225226	0	0	0	0	2512352	0	0	0	0	3538471	0	0	0	6435286	0
LFQ	132	0	0	0	0	0	0	0	0	876803	0	0	0	2464589	0	0	0	0	0	0	0	0	0	1702443	0	0	0	0	2324458	0	0	0	0	2414490	0	0	0	0	3650539	0	0	0	6215995	0
LFQ	133	0	0	0	0	0	0	0	0	895890	0	0	0	2519134	0	0	0	0	0	0	0	0	0	1725095	0	0	0	0	2379310	0	0	0	0	2368924	0	0	0	0	3679985	0	0	0	6080484	0
LFQ	134	0	0	0	0	0	0	0	0	911246	0	0	0	2576015	0	0	0	0	0	0	0	0	0	1760688	0	0	0	0	2438662	0	0	0	0	2315633	0	0	0	0	3725119	0	0	0	5920951	0
LFQ	135	0	0	0	0	0	0	0	0	930593	0	0	0	2641199	0	0	0	0	0	0	0	0	0	1788320	0	0	0	0	2490063	0	0	0	0	2284738	0	0	0	0	3744364	0	0	0	5768525	0
LFQ	136	0	0	0	0	0	0	0	0	973867	0	0	0	2744345	0	0	0	0	0	0	0	0	0	1834084	0	0	0	0	2503109	0	0	0	0	2318904	0	0	0	0	3687662	0	0	0	5585265	0
LFQ	137	0	0	11	0	0	0	0	0	1002435	0	0	0	2810679	0	0	0	0	0	0	0	0	0	1876359	0	0	0	0	2543688	0	0	0	0	2327257	0	0	0	0	3679698	0	0	0	5406289	0
LFQ	138	0	0	0	0	0	0	0	0	1017523	0	0	0	2869474	0	0	0	0	0	0	0	0	0	1912992	0	0	0	0	2586899	0	0	0	0	2321042	0	0	0	0	3694317	0	0	0	5242997	0
LFQ	139	0	0	0	0	0	0	0	0	1039160	0	0	0	2929851	0	0	0	0	0	0	0	0	0	1941048	0	0	0	0	2615020	0	0	0	0	2320425	0	0	0	0	3687691	0	0	0	5110019	0
LFQ	140	0	0	0	0	0	0	0	0	1063223	0	0	0	3010397	0	0	0	0	0	0	0	0	0	1983300	0	0	0	0	2695214	0	0	0	0	2246386	0	0	0	0	3728960	0	0	0	4912064	0
LFQ	141	0	0	0	0	0	0	0	0	1078916	0	0	0	3053941	0	0	0	0	0	0	0	0	0	2002559	0	0	0	0	2717446	0	0	0	0	2238862	0	0	0	0	3730719	0	0	0	4808948	0
LFQ	142	0	0	0	0	0	0	0	0	1120200	0	0	0	3149393	0	0	0	0	0	0	0	0	0	2024871	0	0	0	0	2704436	0	0	0	0	2243222	0	0	0	0	3673683	0	0	0	4695636	0
LFQ	143	0	0	33	0	0	0	0	0	1144153	0	0	0	3204679	0	0	0	0	0	0	0	0	0	2087486	0	0	0	0	2732468	0	0	0	0	2244896	0	0	0	0	3651207	0	0	0	4544385	0
LFQ	144	0	0	0	0	0	0	0	0	1133275	0	0	0	3197963	0	0	0	0	0	0	0	0	0	2095701	0	0	0	0	2767309	0	0	0	0	2247681	0	0	0	0	3657112	0	0	0	4509626	0
LFQ	145	0	0	0	0	0	0	0	0	1149565	0	0	0	3241727	0	0	0	0	0	0	0	0	0	2095887	0	0	0	0	2781095	0	0	0	0	2247895	0	0	0	0	3658849	0	0	0	4432986	0
LFQ	146	0	0	0	0	0	0	0	0	1222551	0	0	0	3364718	0	0	0	0	0	0	0	0	0	2126995	0	0	0	0	2780551	0	0	0	0	2241143	0	0	0	0	3590129	0	0	0	4281267	0
LFQ	147	0	0	0	0	0	0	0	0	1235841	0	0	0	3430413	0	0	0	0	0	0	0	0	0	2185198	0	0	0	0	2828687	0	0	0	0	2253814	0	0	0	0	3567251	0	0	0	4105401	0
LFQ	148	0	0	0	0	0	0	0	0	1254604	0	0	0	3475565	0	0	0	0	0	0	0	0	0	2202136	0	0	0	0	2849123	0	0	0	0	2250065	0	0	0	0	3559854	0	0	0	4014536	0
LFQ	149	0	0	0	0	0	0	0	0	1289807	0	0	0	3533282	0	0	0	0	0	0	0	0	0	2220157	0	0	0	0	2853233	0	0	0	0	2252681	0	0	0	0	3532992	0	0	0	3922933	0
LFQ	150	0	0	3	0	0	0	0	0	1994428	0	0	0	5019129	0	0	0	0	0	0	0	0	0	2904496	0	0	0	0	3032356	0	0	0	0	2018698	0	0	0	0	2612739	0	0	0	2022383	0
# GC Content of first fragments. Use `grep ^GCF | cut -f 2-` to extract this part.
GCF	4.52	0
GCF	9.30	1
GCF	10.05	2
GCF	11.06	1
GCF	12.06	4
GCF	12.81	8
GCF	13.32	13
GCF	14.07	10
GCF	14.82	34
GCF	15.33	41
GCF	15.83	63
GCF	16.33	64
GCF	16.83	93
GCF	17.34	147
GCF	17.84	173
GCF	18.34	174
GCF	18.84	249
GCF	19.35	385
GCF	19.85	554
GCF	20.35	560
GCF	20.85	716
GCF	21.36	1034
GCF	21.86	1486
GCF	22.36	1492
GCF	22.86	1988
GCF	23.37	2847
GCF	23.87	3751
GCF	24.37	3760
GCF	24.87	5161
GCF	25.38	7051
GCF	25.88	9775
GCF	26.38	9806
GCF	26.88	13368
GCF	27.39	18289
GCF	28.14	24869
GCF	28.89	33498
GCF	29.40	43890
GCF	29.90	54868
GCF	30.40	54929
GCF	30.90	69062
GCF	31.41	84177
GCF	31.91	101491
GCF	32.41	101533
GCF	32.91	119435
GCF	33.42	142020
GCF	33.92	163255
GCF	34.42	187544
GCF	34.92	187620
GCF	35.43	211837
GCF	35.93	238976
GCF	36.43	267172
GCF	36.93	267225
GCF	37.44	295946
GCF	37.94	326685
GCF	38.44	355462
GCF	38.94	355502
GCF	39.45	384562
GCF	39.95	413087
GCF	40.45	442056
GCF	40.95	442081
GCF	41.46	468232
GCF	41.96	492994
GCF	42.46	512402
GCF	42.96	512436
GCF	43.47	526282
GCF	43.97	537973
GCF	44.47	544547
GCF	44.97	544608
GCF	45.48	547160
GCF	45.98	542061
GCF	46.48	534991
GCF	46.98	534799
GCF	47.49	524148
GCF	47.99	512296
GCF	48.49	497514
GCF	48.99	497445
GCF	49.50	480700
GCF	50.00	461354
GCF	50.50	443191
GCF	51.01	443136
GCF	51.51	426047
GCF	52.01	410045
GCF	52.51	394253
GCF	53.02	394218
GCF	53.52	384483
GCF	54.02	372793
GCF	54.52	363547
GCF	55.03	363502
GCF	55.53	357667
GCF	56.03	352630
GCF	56.53	349946
GCF	57.04	349961
GCF	57.54	347409
GCF	58.04	344230
GCF	58.54	339511
GCF	59.05	339450
GCF	59.55	334583
GCF	60.05	328886
GCF	60.55	317978
GCF	61.06	317903
GCF	61.56	305606
GCF	62.06	291413
GCF	62.56	275756
GCF	63.07	275679
GCF	63.57	255118
GCF	64.07	233936
GCF	64.57	209605
GCF	65.08	209558
GCF	65.58	184186
GCF	66.08	160327
GCF	66.58	137147
GCF	67.09	115597
GCF	67.59	115610
GCF	68.09	95639
GCF	68.59	77353
GCF	69.10	62098
GCF	69.60	62081
GCF	70.10	49439
GCF	70.60	37738
GCF	71.11	28883
GCF	71.61	28873
GCF	72.11	21845
GCF	72.61	16153
GCF	73.12	12214
GCF	73.62	12202
GCF	74.12	8759
GCF	74.62	6204
GCF	75.38	4421
GCF	76.13	3051
GCF	76.63	2118
GCF	77.14	1339
GCF	77.64	1335
GCF	78.14	890
GCF	78.64	621
GCF	79.15	396
GCF	79.65	403
GCF	80.15	234
GCF	80.65	137
GCF	81.16	73
GCF	81.66	71
GCF	82.16	50
GCF	82.66	41
GCF	83.17	12
GCF	83.67	10
GCF	84.17	14
GCF	84.67	1
GCF	85.43	4
GCF	87.94	0
GCF	90.20	1
GCF	90.70	0
GCF	91.46	1
# GC Content of last fragments. Use `grep ^GCL | cut -f 2-` to extract this part.
GCL	4.27	0
GCL	8.79	1
GCL	9.30	0
GCL	9.80	1
GCL	10.55	2
GCL	11.31	6
GCL	11.81	9
GCL	12.31	8
GCL	12.81	14
GCL	13.32	27
GCL	13.82	34
GCL	14.32	37
GCL	14.82	53
GCL	15.33	65
GCL	15.83	109
GCL	16.33	112
GCL	16.83	157
GCL	17.34	182
GCL	17.84	265
GCL	18.34	271
GCL	18.84	380
GCL	19.35	548
GCL	19.85	750
GCL	20.35	747
GCL	20.85	1060
GCL	21.36	1420
GCL	21.86	1893
GCL	22.36	1899
GCL	22.86	2675
GCL	23.37	3647
GCL	23.87	4796
GCL	24.37	4802
GCL	24.87	6358
GCL	25.38	8671
GCL	25.88	11675
GCL	26.38	11701
GCL	26.88	15635
GCL	27.39	20822
GCL	27.89	27792
GCL	28.39	27825
GCL	28.89	36832
GCL	29.40	46861
GCL	29.90	58751
GCL	30.40	58788
GCL	30.90	72082
GCL	31.41	87229
GCL	31.91	105047
GCL	32.41	105204
GCL	32.91	123387
GCL	33.42	143903
GCL	33.92	164820
GCL	34.42	189293
GCL	34.92	189274
GCL	35.43	212752
GCL	35.93	239759
GCL	36.43	267061
GCL	36.93	267153
GCL	37.44	294915
GCL	37.94	324033
GCL	38.44	351499
GCL	38.94	351544
GCL	39.45	379981
GCL	39.95	408530
GCL	40.45	434556
GCL	40.95	434472
GCL	41.46	460541
GCL	41.96	482660
GCL	42.46	503260
GCL	42.96	503336
GCL	43.47	517625
GCL	43.97	528195
GCL	44.47	533100
GCL	44.97	533113
GCL	45.48	535706
GCL	45.98	533006
GCL	46.48	524919
GCL	46.98	524841
GCL	47.49	516522
GCL	47.99	502248
GCL	48.49	489971
GCL	48.99	489937
GCL	49.50	474672
GCL	50.00	455812
GCL	50.50	438940
GCL	51.01	438930
GCL	51.51	421902
GCL	52.01	406329
GCL	52.51	392763
GCL	53.02	392816
GCL	53.52	380230
GCL	54.02	368862
GCL	54.52	359700
GCL	55.03	359660
GCL	55.53	353267
GCL	56.03	348842
GCL	56.53	344691
GCL	57.04	344684
GCL	57.54	342383
GCL	58.04	337375
GCL	58.54	333977
GCL	59.05	333958
GCL	59.55	329036
GCL	60.05	324243
GCL	60.55	316762
GCL	61.06	316684
GCL	61.56	305784
GCL	62.06	291748
GCL	62.56	277426
GCL	63.07	277413
GCL	63.57	260190
GCL	64.07	239971
GCL	64.57	218024
GCL	65.08	217991
GCL	65.58	195943
GCL	66.08	172782
GCL	66.58	150444
GCL	67.09	128852
GCL	67.59	128835
GCL	68.09	108687
GCL	68.59	90249
GCL	69.10	73930
GCL	69.60	73885
GCL	70.10	59599
GCL	70.60	47218
GCL	71.11	37133
GCL	71.61	37107
GCL	72.11	28834
GCL	72.61	21793
GCL	73.12	16713
GCL	73.62	16660
GCL	74.12	12370
GCL	74.62	8901
GCL	75.13	6777
GCL	75.63	6775
GCL	76.13	4799
GCL	76.63	3315
GCL	77.14	2332
GCL	77.64	2329
GCL	78.14	1669
GCL	78.64	1162
GCL	79.15	752
GCL	79.65	750
GCL	80.15	460
GCL	80.65	311
GCL	81.16	180
GCL	81.66	176
GCL	82.16	120
GCL	82.66	94
GCL	83.17	60
GCL	83.67	58
GCL	84.17	40
GCL	84.67	26
GCL	85.18	19
GCL	85.68	18
GCL	86.18	12
GCL	86.68	2
GCL	87.19	0
GCL	87.69	1
GCL	88.44	4
GCL	89.45	0
GCL	90.20	1
GCL	90.95	0
GCL	92.21	1
# ACGT content per cycle. Use `grep ^GCC | cut -f 2-` to extract this part. The columns are: cycle; A,C,G,T base counts as a percentage of all A/C/G/T bases [%]; and N and O counts as a percentage of all A/C/G/T bases [%]
GCC	1	20.40	23.39	42.17	14.04	1.51	0.00
GCC	2	18.69	24.46	15.63	41.21	0.00	0.00
GCC	3	25.40	26.35	19.93	28.32	0.00	0.00
GCC	4	17.40	31.72	14.60	36.28	0.00	0.00
GCC	5	34.27	15.83	16.00	33.89	0.00	0.00
GCC	6	34.69	15.07	31.34	18.89	0.00	0.00
GCC	7	29.19	20.19	27.16	23.47	0.00	0.00
GCC	8	36.31	19.37	24.60	19.72	0.00	0.00
GCC	9	17.75	37.53	23.55	21.17	0.00	0.00
GCC	10	25.65	26.77	18.36	29.22	0.00	0.00
GCC	11	23.07	18.41	35.64	22.88	0.00	0.00
GCC	12	22.91	25.02	22.35	29.73	0.00	0.00
GCC	13	20.45	25.41	28.64	25.50	0.00	0.00
GCC	14	19.48	32.89	22.48	25.14	0.00	0.00
GCC	15	26.63	25.78	26.19	21.41	0.00	0.00
GCC	16	26.59	24.02	25.70	23.69	0.00	0.00
GCC	17	26.97	23.69	23.46	25.87	0.00	0.00
GCC	18	26.80	23.67	23.85	25.68	0.01	0.00
GCC	19	26.17	23.83	24.70	25.30	0.00	0.00
GCC	20	26.15	24.05	24.30	25.51	0.00	0.00
GCC	21	25.62	24.50	24.23	25.65	0.00	0.00
GCC	22	25.26	24.50	24.67	25.57	0.00	0.00
GCC	23	25.53	24.35	24.33	25.79	0.00	0.00
GCC	24	25.49	24.48	24.48	25.54	0.00	0.00
GCC	25	25.14	24.52	24.88	25.45	0.00	0.00
GCC	26	25.56	24.36	24.48	25.60	0.00	0.00
GCC	27	25.61	24.48	24.63	25.28	0.00	0.00
GCC	28	25.42	24.61	24.84	25.13	0.00	0.00
GCC	29	25.74	24.38	24.50	25.38	0.00	0.00
GCC	30	25.65	24.57	24.55	25.23	0.00	0.00
GCC	31	25.40	24.61	24.81	25.19	0.00	0.00
GCC	32	25.73	24.37	24.42	25.48	0.00	0.00
GCC	33	25.59	24.52	24.47	25.42	0.00	0.00
GCC	34	25.23	24.54	24.80	25.43	0.00	0.00
GCC	35	25.55	24.43	24.43	25.59	0.00	0.00
GCC	36	25.49	24.51	24.57	25.43	0.00	0.00
GCC	37	25.19	24.60	24.89	25.32	0.00	0.00
GCC	38	25.59	24.39	24.53	25.49	0.00	0.00
GCC	39	25.48	24.58	24.63	25.30	0.00	0.00
GCC	40	25.28	24.63	24.88	25.21	0.00	0.00
GCC	41	25.60	24.51	24.47	25.42	0.00	0.00
GCC	42	25.54	24.61	24.53	25.32	0.00	0.00
GCC	43	25.26	24.60	24.85	25.29	0.00	0.00
GCC	44	25.60	24.48	24.44	25.49	0.00	0.00
GCC	45	25.50	24.58	24.53	25.39	0.00	0.00
GCC	46	25.21	24.61	24.87	25.31	0.00	0.00
GCC	47	25.57	24.43	24.47	25.53	0.00	0.00
GCC	48	25.53	24.55	24.60	25.32	0.01	0.00
GCC	49	25.21	24.66	24.89	25.25	0.00	0.00
GCC	50	25.57	24.46	24.50	25.48	0.00	0.00
GCC	51	25.48	24.67	24.60	25.25	0.00	0.00
GCC	52	25.21	24.71	24.85	25.22	0.00	0.00
GCC	53	25.57	24.53	24.49	25.42	0.00	0.00
GCC	54	25.49	24.68	24.55	25.28	0.00	0.00
GCC	55	25.24	24.66	24.85	25.25	0.00	0.00
GCC	56	25.55	24.51	24.49	25.46	0.00	0.00
GCC	57	25.47	24.64	24.54	25.34	0.00	0.00
GCC	58	25.19	24.67	24.87	25.27	0.00	0.00
GCC	59	25.51	24.50	24.52	25.47	0.00	0.00
GCC	60	25.46	24.62	24.63	25.29	0.00	0.00
GCC	61	25.17	24.70	24.92	25.21	0.00	0.00
GCC	62	25.52	24.55	24.52	25.41	0.00	0.00
GCC	63	25.43	24.70	24.60	25.27	0.00	0.00
GCC	64	25.18	24.76	24.88	25.19	0.00	0.00
GCC	65	25.51	24.57	24.49	25.43	0.00	0.00
GCC	66	25.45	24.69	24.58	25.28	0.00	0.00
GCC	67	25.21	24.68	24.88	25.24	0.00	0.00
GCC	68	25.51	24.58	24.47	25.44	0.00	0.00
GCC	69	25.42	24.67	24.61	25.29	0.00	0.00
GCC	70	25.19	24.68	24.91	25.23	0.00	0.00
GCC	71	25.48	24.51	24.53	25.47	0.00	0.00
GCC	72	25.41	24.66	24.64	25.29	0.00	0.00
GCC	73	25.17	24.74	24.87	25.22	0.00	0.00
GCC	74	25.47	24.58	24.54	25.41	0.00	0.00
GCC	75	25.43	24.71	24.63	25.23	0.00	0.00
GCC	76	25.15	24.76	24.90	25.19	0.00	0.00
GCC	77	25.50	24.57	24.52	25.41	0.00	0.00
GCC	78	25.44	24.70	24.58	25.27	0.00	0.00
GCC	79	25.19	24.70	24.90	25.21	0.00	0.00
GCC	80	25.50	24.56	24.51	25.43	0.00	0.00
GCC	81	25.41	24.71	24.60	25.28	0.00	0.00
GCC	82	25.15	24.70	24.91	25.24	0.00	0.00
GCC	83	25.45	24.59	24.51	25.45	0.00	0.00
GCC	84	25.39	24.71	24.65	25.25	0.00	0.00
GCC	85	25.17	24.75	24.90	25.18	0.00	0.00
GCC	86	25.46	24.62	24.51	25.40	0.00	0.00
GCC	87	25.41	24.74	24.61	25.24	0.00	0.00
GCC	88	25.11	24.80	24.89	25.20	0.00	0.00
GCC	89	25.46	24.61	24.54	25.39	0.00	0.00
GCC	90	25.39	24.70	24.66	25.25	0.00	0.00
GCC	91	25.12	24.79	24.88	25.21	0.00	0.00
GCC	92	25.46	24.58	24.53	25.43	0.00	0.00
GCC	93	25.38	24.73	24.64	25.26	0.00	0.00
GCC	94	25.14	24.77	24.89	25.20	0.00	0.00
GCC	95	25.45	24.59	24.56	25.40	0.00	0.00
GCC	96	25.36	24.80	24.63	25.22	0.00	0.00
GCC	97	25.16	24.80	24.89	25.15	0.00	0.00
GCC	98	25.44	24.68	24.53	25.35	0.00	0.00
GCC	99	25.36	24.78	24.62	25.24	0.00	0.00
GCC	100	25.10	24.80	24.89	25.21	0.00	0.00
GCC	101	25.42	24.66	24.52	25.40	0.00	0.00
GCC	102	25.34	24.78	24.60	25.27	0.00	0.00
GCC	103	25.11	24.81	24.88	25.20	0.00	0.00
GCC	104	25.41	24.66	24.54	25.39	0.00	0.00
GCC	105	25.35	24.76	24.63	25.25	0.00	0.00
GCC	106	25.10	24.84	24.89	25.17	0.01	0.00
GCC	107	25.42	24.69	24.51	25.38	0.00	0.00
GCC	108	25.33	24.83	24.63	25.22	0.00	0.00
GCC	109	25.10	24.85	24.89	25.16	0.00	0.00
GCC	110	25.39	24.69	24.56	25.36	0.00	0.00
GCC	111	25.28	24.84	24.65	25.22	0.00	0.00
GCC	112	25.07	24.88	24.88	25.17	0.00	0.00
GCC	113	25.39	24.68	24.57	25.35	0.00	0.00
GCC	114	25.29	24.83	24.63	25.24	0.00	0.00
GCC	115	25.06	24.87	24.90	25.17	0.00	0.00
GCC	116	25.39	24.70	24.53	25.38	0.00	0.00
GCC	117	25.30	24.90	24.59	25.21	0.00	0.00
GCC	118	25.04	24.88	24.90	25.19	0.00	0.00
GCC	119	25.35	24.74	24.56	25.35	0.00	0.00
GCC	120	25.26	24.89	24.64	25.20	0.00	0.00
GCC	121	25.06	24.89	24.91	25.13	0.00	0.00
GCC	122	25.35	24.76	24.53	25.35	0.00	0.00
GCC	123	25.26	24.90	24.63	25.21	0.00	0.00
GCC	124	25.03	24.91	24.89	25.17	0.00	0.00
GCC	125	25.32	24.77	24.57	25.34	0.00	0.00
GCC	126	25.26	24.88	24.65	25.21	0.00	0.00
GCC	127	25.03	24.93	24.87	25.17	0.00	0.00
GCC	128	25.31	24.83	24.50	25.36	0.00	0.00
GCC	129	25.23	24.92	24.66	25.19	0.00	0.00
GCC	130	25.01	24.98	24.88	25.13	0.00	0.00
GCC	131	25.32	24.82	24.59	25.27	0.00	0.00
GCC	132	25.27	24.94	24.63	25.16	0.00	0.00
GCC	133	25.03	24.99	24.87	25.12	0.00	0.00
GCC	134	25.29	24.84	24.57	25.30	0.00	0.00
GCC	135	25.20	24.95	24.65	25.21	0.00	0.00
GCC	136	24.97	25.00	24.90	25.12	0.00	0.00
GCC	137	25.27	24.83	24.56	25.34	0.00	0.00
GCC	138	25.19	24.97	24.63	25.21	0.00	0.00
GCC	139	24.98	25.00	24.87	25.15	0.00	0.00
GCC	140	25.26	24.85	24.57	25.32	0.00	0.00
GCC	141	25.17	25.04	24.65	25.15	0.00	0.00
GCC	142	24.95	25.05	24.93	25.07	0.00	0.00
GCC	143	25.23	24.93	24.55	25.29	0.00	0.00
GCC	144	25.16	25.04	24.67	25.13	0.00	0.00
GCC	145	24.94	25.06	24.91	25.10	0.00	0.00
GCC	146	25.20	24.99	24.57	25.24	0.00	0.00
GCC	147	25.12	25.08	24.67	25.12	0.00	0.00
GCC	148	24.92	25.11	24.89	25.08	0.00	0.00
GCC	149	25.15	24.98	24.60	25.26	0.00	0.00
GCC	150	24.87	25.40	24.66	25.08	0.00	0.00
# ACGT content per cycle, read oriented. Use `grep ^GCT | cut -f 2-` to extract this part. The columns are: cycle; A,C,G,T base counts as a percentage of all A/C/G/T bases [%]
GCT	1	20.40	23.38	42.17	14.04
GCT	2	18.69	24.46	15.63	41.21
GCT	3	25.40	26.35	19.93	28.32
GCT	4	17.40	31.72	14.60	36.28
GCT	5	34.27	15.83	16.00	33.89
GCT	6	34.69	15.07	31.34	18.89
GCT	7	29.19	20.19	27.16	23.47
GCT	8	36.31	19.37	24.60	19.72
GCT	9	17.75	37.53	23.55	21.17
GCT	10	25.65	26.77	18.36	29.22
GCT	11	23.07	18.40	35.64	22.88
GCT	12	22.91	25.01	22.35	29.73
GCT	13	20.45	25.41	28.64	25.50
GCT	14	19.48	32.89	22.48	25.14
GCT	15	26.63	25.78	26.19	21.40
GCT	16	26.59	24.02	25.70	23.69
GCT	17	26.97	23.69	23.46	25.87
GCT	18	26.80	23.67	23.85	25.68
GCT	19	26.17	23.83	24.70	25.30
GCT	20	26.15	24.05	24.30	25.51
GCT	21	25.62	24.50	24.23	25.65
GCT	22	25.26	24.50	24.67	25.57
GCT	23	25.53	24.35	24.33	25.79
GCT	24	25.49	24.48	24.48	25.54
GCT	25	25.15	24.52	24.88	25.45
GCT	26	25.56	24.36	24.48	25.60
GCT	27	25.61	24.48	24.63	25.28
GCT	28	25.42	24.61	24.84	25.13
GCT	29	25.74	24.38	24.50	25.38
GCT	30	25.65	24.57	24.55	25.23
GCT	31	25.40	24.61	24.81	25.19
GCT	32	25.73	24.37	24.42	25.48
GCT	33	25.59	24.52	24.47	25.42
GCT	34	25.23	24.54	24.80	25.43
GCT	35	25.55	24.43	24.43	25.59
GCT	36	25.49	24.51	24.57	25.43
GCT	37	25.19	24.60	24.89	25.32
GCT	38	25.59	24.39	24.53	25.49
GCT	39	25.48	24.58	24.63	25.30
GCT	40	25.28	24.63	24.88	25.21
GCT	41	25.60	24.51	24.47	25.42
GCT	42	25.54	24.61	24.53	25.32
GCT	43	25.26	24.60	24.85	25.29
GCT	44	25.60	24.48	24.44	25.49
GCT	45	25.50	24.58	24.53	25.39
GCT	46	25.21	24.61	24.87	25.31
GCT	47	25.57	24.43	24.47	25.53
GCT	48	25.53	24.55	24.60	25.32
GCT	49	25.21	24.66	24.89	25.25
GCT	50	25.56	24.46	24.50	25.48
GCT	51	25.48	24.67	24.60	25.25
GCT	52	25.21	24.71	24.85	25.22
GCT	53	25.57	24.52	24.49	25.42
GCT	54	25.49	24.68	24.55	25.28
GCT	55	25.24	24.66	24.85	25.25
GCT	56	25.55	24.51	24.49	25.46
GCT	57	25.47	24.64	24.54	25.34
GCT	58	25.19	24.67	24.87	25.27
GCT	59	25.51	24.50	24.51	25.47
GCT	60	25.46	24.62	24.63	25.29
GCT	61	25.17	24.70	24.92	25.21
GCT	62	25.52	24.55	24.52	25.41
GCT	63	25.43	24.70	24.60	25.27
GCT	64	25.18	24.76	24.88	25.19
GCT	65	25.51	24.57	24.49	25.43
GCT	66	25.45	24.69	24.58	25.28
GCT	67	25.21	24.68	24.88	25.24
GCT	68	25.51	24.58	24.47	25.44
GCT	69	25.42	24.67	24.61	25.29
GCT	70	25.19	24.68	24.91	25.23
GCT	71	25.48	24.51	24.53	25.47
GCT	72	25.41	24.66	24.64	25.29
GCT	73	25.17	24.74	24.87	25.22
GCT	74	25.47	24.58	24.54	25.41
GCT	75	25.43	24.71	24.63	25.23
GCT	76	25.15	24.76	24.90	25.19
GCT	77	25.50	24.57	24.52	25.41
GCT	78	25.44	24.70	24.58	25.27
GCT	79	25.19	24.70	24.90	25.21
GCT	80	25.50	24.56	24.51	25.43
GCT	81	25.41	24.71	24.60	25.28
GCT	82	25.15	24.70	24.91	25.24
GCT	83	25.45	24.59	24.51	25.45
GCT	84	25.39	24.71	24.65	25.25
GCT	85	25.17	24.75	24.90	25.18
GCT	86	25.46	24.62	24.51	25.40
GCT	87	25.41	24.74	24.61	25.24
GCT	88	25.11	24.80	24.89	25.20
GCT	89	25.46	24.61	24.54	25.39
GCT	90	25.39	24.70	24.66	25.25
GCT	91	25.12	24.79	24.88	25.21
GCT	92	25.46	24.58	24.53	25.43
GCT	93	25.38	24.73	24.64	25.26
GCT	94	25.14	24.77	24.89	25.20
GCT	95	25.45	24.59	24.56	25.40
GCT	96	25.36	24.80	24.63	25.22
GCT	97	25.16	24.80	24.89	25.15
GCT	98	25.44	24.68	24.53	25.35
GCT	99	25.36	24.78	24.62	25.24
GCT	100	25.10	24.80	24.89	25.21
GCT	101	25.42	24.66	24.52	25.40
GCT	102	25.34	24.78	24.60	25.27
GCT	103	25.11	24.81	24.88	25.20
GCT	104	25.41	24.66	24.54	25.39
GCT	105	25.35	24.76	24.63	25.25
GCT	106	25.10	24.84	24.89	25.17
GCT	107	25.42	24.69	24.51	25.38
GCT	108	25.33	24.83	24.63	25.22
GCT	109	25.10	24.85	24.89	25.16
GCT	110	25.39	24.69	24.56	25.36
GCT	111	25.28	24.84	24.65	25.22
GCT	112	25.07	24.88	24.88	25.17
GCT	113	25.39	24.68	24.57	25.35
GCT	114	25.29	24.83	24.63	25.24
GCT	115	25.06	24.87	24.90	25.17
GCT	116	25.39	24.70	24.53	25.38
GCT	117	25.30	24.90	24.59	25.21
GCT	118	25.04	24.88	24.90	25.19
GCT	119	25.35	24.74	24.56	25.35
GCT	120	25.26	24.89	24.64	25.20
GCT	121	25.06	24.89	24.91	25.13
GCT	122	25.35	24.76	24.53	25.35
GCT	123	25.26	24.90	24.63	25.21
GCT	124	25.03	24.91	24.89	25.17
GCT	125	25.32	24.77	24.57	25.34
GCT	126	25.26	24.88	24.65	25.21
GCT	127	25.03	24.93	24.87	25.17
GCT	128	25.31	24.83	24.50	25.36
GCT	129	25.23	24.92	24.66	25.19
GCT	130	25.01	24.98	24.88	25.13
GCT	131	25.32	24.82	24.59	25.27
GCT	132	25.27	24.94	24.63	25.16
GCT	133	25.03	24.99	24.87	25.12
GCT	134	25.29	24.84	24.57	25.30
GCT	135	25.20	24.95	24.65	25.21
GCT	136	24.97	25.00	24.90	25.12
GCT	137	25.27	24.83	24.56	25.34
GCT	138	25.19	24.97	24.63	25.21
GCT	139	24.98	25.00	24.87	25.16
GCT	140	25.26	24.85	24.57	25.32
GCT	141	25.17	25.04	24.65	25.15
GCT	142	24.95	25.05	24.93	25.07
GCT	143	25.23	24.93	24.55	25.29
GCT	144	25.16	25.05	24.67	25.13
GCT	145	24.94	25.06	24.91	25.10
GCT	146	25.20	24.99	24.57	25.24
GCT	147	25.12	25.08	24.67	25.12
GCT	148	24.91	25.11	24.89	25.08
GCT	149	25.15	24.98	24.60	25.26
GCT	150	24.87	25.40	24.66	25.08
# ACGT content per cycle for first fragments. Use `grep ^FBC | cut -f 2-` to extract this part. The columns are: cycle; A,C,G,T base counts as a percentage of all A/C/G/T bases [%]; and N and O counts as a percentage of all A/C/G/T bases [%]
FBC	1	20.41	23.32	42.23	14.04	1.93	0.00
FBC	2	18.71	24.44	15.66	41.19	0.00	0.00
FBC	3	25.41	26.40	19.88	28.31	0.00	0.00
FBC	4	17.41	31.70	14.58	36.30	0.00	0.00
FBC	5	34.33	15.81	16.01	33.86	0.00	0.00
FBC	6	34.73	15.07	31.33	18.87	0.00	0.00
FBC	7	29.20	20.17	27.19	23.45	0.00	0.00
FBC	8	36.31	19.36	24.63	19.70	0.00	0.00
FBC	9	17.72	37.56	23.57	21.15	0.00	0.00
FBC	10	25.67	26.80	18.36	29.18	0.00	0.00
FBC	11	23.07	18.40	35.69	22.84	0.00	0.00
FBC	12	22.91	25.02	22.35	29.73	0.00	0.00
FBC	13	20.45	25.42	28.65	25.47	0.00	0.00
FBC	14	19.48	32.92	22.48	25.12	0.00	0.00
FBC	15	26.66	25.77	26.20	21.37	0.00	0.00
FBC	16	26.61	24.02	25.72	23.65	0.00	0.00
FBC	17	27.00	23.68	23.49	25.84	0.00	0.00
FBC	18	26.83	23.67	23.85	25.66	0.00	0.00
FBC	19	26.18	23.83	24.70	25.29	0.00	0.00
FBC	20	26.16	24.03	24.31	25.50	0.00	0.00
FBC	21	25.64	24.49	24.23	25.65	0.00	0.00
FBC	22	25.27	24.51	24.67	25.55	0.00	0.00
FBC	23	25.54	24.33	24.35	25.78	0.00	0.00
FBC	24	25.51	24.47	24.48	25.54	0.00	0.00
FBC	25	25.16	24.52	24.90	25.42	0.00	0.00
FBC	26	25.58	24.34	24.49	25.59	0.00	0.00
FBC	27	25.65	24.47	24.62	25.26	0.00	0.00
FBC	28	25.43	24.59	24.86	25.12	0.00	0.00
FBC	29	25.76	24.37	24.52	25.36	0.00	0.00
FBC	30	25.66	24.55	24.57	25.22	0.00	0.00
FBC	31	25.40	24.61	24.86	25.13	0.00	0.00
FBC	32	25.72	24.38	24.43	25.47	0.00	0.00
FBC	33	25.60	24.52	24.48	25.40	0.00	0.00
FBC	34	25.23	24.52	24.82	25.43	0.00	0.00
FBC	35	25.56	24.42	24.45	25.56	0.01	0.00
FBC	36	25.51	24.48	24.58	25.43	0.00	0.00
FBC	37	25.19	24.57	24.91	25.33	0.00	0.00
FBC	38	25.61	24.36	24.56	25.47	0.00	0.00
FBC	39	25.49	24.56	24.63	25.32	0.00	0.00
FBC	40	25.28	24.61	24.90	25.21	0.00	0.00
FBC	41	25.61	24.49	24.49	25.41	0.00	0.00
FBC	42	25.55	24.58	24.55	25.32	0.00	0.00
FBC	43	25.27	24.59	24.87	25.27	0.00	0.00
FBC	44	25.61	24.46	24.45	25.49	0.00	0.00
FBC	45	25.51	24.54	24.54	25.41	0.00	0.00
FBC	46	25.23	24.60	24.85	25.32	0.00	0.00
FBC	47	25.59	24.40	24.49	25.52	0.00	0.00
FBC	48	25.55	24.52	24.60	25.32	0.01	0.00
FBC	49	25.22	24.65	24.89	25.24	0.00	0.00
FBC	50	25.59	24.43	24.51	25.48	0.00	0.00
FBC	51	25.49	24.63	24.61	25.27	0.00	0.00
FBC	52	25.22	24.70	24.85	25.23	0.00	0.00
FBC	53	25.59	24.50	24.50	25.42	0.00	0.00
FBC	54	25.51	24.65	24.54	25.29	0.00	0.00
FBC	55	25.26	24.64	24.85	25.25	0.00	0.00
FBC	56	25.57	24.48	24.49	25.46	0.00	0.00
FBC	57	25.51	24.60	24.53	25.36	0.00	0.00
FBC	58	25.22	24.64	24.87	25.27	0.00	0.00
FBC	59	25.54	24.46	24.52	25.48	0.00	0.00
FBC	60	25.48	24.57	24.64	25.31	0.00	0.00
FBC	61	25.20	24.66	24.93	25.21	0.00	0.00
FBC	62	25.56	24.49	24.52	25.43	0.00	0.00
FBC	63	25.45	24.66	24.60	25.29	0.00	0.00
FBC	64	25.21	24.71	24.88	25.20	0.00	0.00
FBC	65	25.52	24.53	24.51	25.44	0.00	0.00
FBC	66	25.49	24.64	24.57	25.30	0.00	0.00
FBC	67	25.21	24.65	24.89	25.24	0.00	0.00
FBC	68	25.55	24.51	24.49	25.45	0.00	0.00
FBC	69	25.45	24.62	24.61	25.32	0.00	0.00
FBC	70	25.21	24.63	24.92	25.24	0.00	0.00
FBC	71	25.50	24.48	24.54	25.48	0.00	0.00
FBC	72	25.43	24.62	24.64	25.31	0.00	0.00
FBC	73	25.18	24.70	24.89	25.23	0.00	0.00
FBC	74	25.48	24.54	24.57	25.41	0.00	0.00
FBC	75	25.44	24.67	24.63	25.27	0.00	0.00
FBC	76	25.16	24.73	24.91	25.20	0.00	0.00
FBC	77	25.50	24.53	24.53	25.44	0.00	0.00
FBC	78	25.44	24.67	24.58	25.31	0.00	0.00
FBC	79	25.20	24.66	24.90	25.24	0.00	0.00
FBC	80	25.52	24.51	24.53	25.45	0.00	0.00
FBC	81	25.42	24.67	24.60	25.31	0.00	0.00
FBC	82	25.15	24.65	24.93	25.26	0.00	0.00
FBC	83	25.46	24.52	24.53	25.49	0.00	0.00
FBC	84	25.41	24.65	24.65	25.29	0.00	0.00
FBC	85	25.17	24.73	24.91	25.20	0.00	0.00
FBC	86	25.48	24.59	24.53	25.40	0.01	0.00
FBC	87	25.43	24.68	24.62	25.27	0.00	0.00
FBC	88	25.13	24.75	24.90	25.22	0.00	0.00
FBC	89	25.49	24.55	24.55	25.41	0.00	0.00
FBC	90	25.41	24.64	24.69	25.27	0.00	0.00
FBC	91	25.16	24.72	24.89	25.24	0.00	0.00
FBC	92	25.49	24.52	24.54	25.45	0.00	0.00
FBC	93	25.40	24.65	24.66	25.28	0.00	0.00
FBC	94	25.16	24.70	24.91	25.23	0.00	0.00
FBC	95	25.49	24.53	24.57	25.42	0.00	0.00
FBC	96	25.39	24.69	24.66	25.26	0.00	0.00
FBC	97	25.19	24.72	24.91	25.19	0.00	0.00
FBC	98	25.49	24.60	24.55	25.37	0.00	0.00
FBC	99	25.39	24.72	24.62	25.27	0.00	0.00
FBC	100	25.14	24.73	24.88	25.25	0.00	0.00
FBC	101	25.47	24.57	24.54	25.42	0.00	0.00
FBC	102	25.38	24.70	24.60	25.31	0.00	0.00
FBC	103	25.14	24.73	24.89	25.24	0.00	0.00
FBC	104	25.46	24.54	24.58	25.42	0.00	0.00
FBC	105	25.39	24.68	24.65	25.28	0.00	0.00
FBC	106	25.13	24.76	24.90	25.21	0.00	0.00
FBC	107	25.47	24.59	24.54	25.41	0.00	0.00
FBC	108	25.38	24.73	24.64	25.25	0.01	0.00
FBC	109	25.14	24.77	24.91	25.18	0.00	0.00
FBC	110	25.45	24.58	24.58	25.38	0.00	0.00
FBC	111	25.35	24.73	24.65	25.26	0.00	0.00
FBC	112	25.13	24.76	24.89	25.21	0.00	0.00
FBC	113	25.45	24.59	24.57	25.39	0.00	0.00
FBC	114	25.35	24.72	24.65	25.28	0.00	0.00
FBC	115	25.13	24.74	24.92	25.22	0.00	0.00
FBC	116	25.43	24.59	24.56	25.42	0.00	0.00
FBC	117	25.38	24.73	24.61	25.28	0.00	0.00
FBC	118	25.09	24.75	24.92	25.24	0.00	0.00
FBC	119	25.42	24.61	24.57	25.40	0.00	0.00
FBC	120	25.36	24.75	24.65	25.25	0.00	0.00
FBC	121	25.12	24.78	24.93	25.18	0.00	0.00
FBC	122	25.41	24.64	24.55	25.40	0.00	0.00
FBC	123	25.34	24.76	24.64	25.26	0.00	0.00
FBC	124	25.09	24.77	24.93	25.22	0.00	0.00
FBC	125	25.39	24.61	24.59	25.41	0.00	0.00
FBC	126	25.36	24.71	24.66	25.27	0.00	0.00
FBC	127	25.10	24.77	24.90	25.23	0.00	0.00
FBC	128	25.41	24.62	24.54	25.43	0.00	0.00
FBC	129	25.33	24.74	24.67	25.27	0.00	0.00
FBC	130	25.10	24.78	24.91	25.20	0.00	0.00
FBC	131	25.43	24.61	24.61	25.35	0.00	0.00
FBC	132	25.36	24.76	24.65	25.23	0.00	0.00
FBC	133	25.12	24.80	24.89	25.18	0.00	0.00
FBC	134	25.39	24.66	24.59	25.36	0.00	0.00
FBC	135	25.30	24.76	24.66	25.29	0.00	0.00
FBC	136	25.08	24.77	24.94	25.21	0.00	0.00
FBC	137	25.38	24.61	24.58	25.42	0.00	0.00
FBC	138	25.31	24.74	24.65	25.30	0.00	0.00
FBC	139	25.09	24.79	24.88	25.24	0.00	0.00
FBC	140	25.38	24.64	24.59	25.40	0.00	0.00
FBC	141	25.31	24.78	24.66	25.25	0.00	0.00
FBC	142	25.07	24.83	24.93	25.16	0.00	0.00
FBC	143	25.36	24.68	24.56	25.40	0.00	0.00
FBC	144	25.30	24.79	24.67	25.23	0.00	0.00
FBC	145	25.06	24.83	24.92	25.20	0.00	0.00
FBC	146	25.36	24.67	24.60	25.38	0.00	0.00
FBC	147	25.28	24.80	24.68	25.25	0.00	0.00
FBC	148	25.08	24.83	24.90	25.20	0.00	0.00
FBC	149	25.32	24.66	24.62	25.40	0.00	0.00
FBC	150	25.17	24.87	24.69	25.26	0.00	0.00
# ACGT raw counters for first fragments. Use `grep ^FTC | cut -f 2-` to extract this part. The columns are: A,C,G,T,N base counters
FTC	747514724	725097993	726974448	748706700	384423
# ACGT content per cycle for last fragments. Use `grep ^LBC | cut -f 2-` to extract this part. The columns are: cycle; A,C,G,T base counts as a percentage of all A/C/G/T bases [%]; and N and O counts as a percentage of all A/C/G/T bases [%]
LBC	1	20.40	23.45	42.10	14.05	1.10	0.00
LBC	2	18.67	24.48	15.61	41.24	0.00	0.00
LBC	3	25.39	26.29	19.99	28.33	0.00	0.00
LBC	4	17.39	31.74	14.62	36.26	0.00	0.00
LBC	5	34.22	15.86	15.99	33.93	0.00	0.00
LBC	6	34.65	15.08	31.35	18.91	0.00	0.00
LBC	7	29.18	20.21	27.12	23.49	0.00	0.00
LBC	8	36.31	19.38	24.57	19.74	0.00	0.00
LBC	9	17.77	37.50	23.53	21.20	0.00	0.00
LBC	10	25.64	26.74	18.35	29.26	0.00	0.00
LBC	11	23.07	18.41	35.59	22.92	0.00	0.00
LBC	12	22.91	25.01	22.34	29.73	0.00	0.00
LBC	13	20.45	25.40	28.62	25.53	0.00	0.00
LBC	14	19.48	32.87	22.49	25.17	0.00	0.00
LBC	15	26.61	25.78	26.17	21.44	0.00	0.00
LBC	16	26.57	24.03	25.68	23.72	0.00	0.00
LBC	17	26.94	23.71	23.44	25.91	0.00	0.00
LBC	18	26.77	23.68	23.84	25.71	0.01	0.00
LBC	19	26.16	23.83	24.70	25.30	0.00	0.00
LBC	20	26.13	24.06	24.28	25.52	0.00	0.00
LBC	21	25.61	24.52	24.22	25.65	0.00	0.00
LBC	22	25.26	24.49	24.67	25.58	0.00	0.00
LBC	23	25.52	24.37	24.30	25.81	0.00	0.00
LBC	24	25.47	24.50	24.49	25.55	0.00	0.00
LBC	25	25.13	24.52	24.87	25.48	0.00	0.00
LBC	26	25.54	24.38	24.47	25.61	0.00	0.00
LBC	27	25.56	24.50	24.63	25.31	0.00	0.00
LBC	28	25.40	24.63	24.82	25.15	0.00	0.00
LBC	29	25.72	24.40	24.48	25.40	0.00	0.00
LBC	30	25.64	24.59	24.54	25.24	0.00	0.00
LBC	31	25.39	24.60	24.76	25.25	0.00	0.00
LBC	32	25.73	24.36	24.41	25.50	0.00	0.00
LBC	33	25.58	24.53	24.46	25.43	0.00	0.00
LBC	34	25.22	24.56	24.79	25.43	0.00	0.00
LBC	35	25.54	24.44	24.42	25.61	0.00	0.00
LBC	36	25.47	24.53	24.56	25.44	0.00	0.00
LBC	37	25.19	24.63	24.88	25.30	0.00	0.00
LBC	38	25.56	24.43	24.51	25.50	0.00	0.00
LBC	39	25.48	24.60	24.64	25.29	0.00	0.00
LBC	40	25.27	24.65	24.87	25.22	0.00	0.00
LBC	41	25.59	24.53	24.45	25.44	0.00	0.00
LBC	42	25.53	24.64	24.52	25.31	0.00	0.00
LBC	43	25.26	24.62	24.82	25.30	0.00	0.00
LBC	44	25.58	24.50	24.42	25.50	0.00	0.00
LBC	45	25.49	24.61	24.52	25.38	0.00	0.00
LBC	46	25.20	24.61	24.88	25.30	0.00	0.00
LBC	47	25.56	24.46	24.45	25.54	0.00	0.00
LBC	48	25.51	24.57	24.60	25.31	0.00	0.00
LBC	49	25.19	24.67	24.89	25.25	0.00	0.00
LBC	50	25.54	24.49	24.49	25.48	0.00	0.00
LBC	51	25.46	24.71	24.60	25.23	0.00	0.00
LBC	52	25.20	24.73	24.85	25.22	0.00	0.00
LBC	53	25.55	24.55	24.48	25.42	0.00	0.00
LBC	54	25.46	24.71	24.56	25.27	0.00	0.00
LBC	55	25.23	24.68	24.84	25.24	0.00	0.00
LBC	56	25.52	24.53	24.48	25.47	0.00	0.00
LBC	57	25.43	24.69	24.55	25.33	0.00	0.00
LBC	58	25.16	24.70	24.88	25.26	0.00	0.00
LBC	59	25.48	24.55	24.51	25.46	0.00	0.00
LBC	60	25.45	24.66	24.62	25.28	0.00	0.00
LBC	61	25.14	24.74	24.91	25.20	0.00	0.00
LBC	62	25.49	24.60	24.51	25.40	0.00	0.00
LBC	63	25.42	24.74	24.60	25.24	0.00	0.00
LBC	64	25.15	24.81	24.87	25.17	0.00	0.00
LBC	65	25.49	24.62	24.48	25.42	0.00	0.00
LBC	66	25.42	24.73	24.59	25.26	0.00	0.00
LBC	67	25.20	24.70	24.86	25.23	0.00	0.00
LBC	68	25.47	24.65	24.45	25.43	0.00	0.00
LBC	69	25.40	24.72	24.61	25.27	0.00	0.00
LBC	70	25.17	24.72	24.89	25.22	0.00	0.00
LBC	71	25.47	24.55	24.52	25.46	0.00	0.00
LBC	72	25.40	24.70	24.64	25.27	0.00	0.00
LBC	73	25.15	24.78	24.85	25.21	0.00	0.00
LBC	74	25.46	24.62	24.51	25.41	0.00	0.00
LBC	75	25.42	24.74	24.64	25.20	0.00	0.00
LBC	76	25.14	24.78	24.90	25.18	0.00	0.00
LBC	77	25.51	24.60	24.50	25.39	0.00	0.00
LBC	78	25.45	24.74	24.58	25.23	0.00	0.00
LBC	79	25.19	24.73	24.89	25.18	0.00	0.00
LBC	80	25.49	24.61	24.49	25.41	0.00	0.00
LBC	81	25.40	24.76	24.60	25.25	0.00	0.00
LBC	82	25.14	24.74	24.89	25.23	0.00	0.00
LBC	83	25.44	24.66	24.49	25.42	0.00	0.00
LBC	84	25.38	24.76	24.65	25.21	0.00	0.00
LBC	85	25.16	24.78	24.90	25.16	0.00	0.00
LBC	86	25.44	24.66	24.50	25.40	0.00	0.00
LBC	87	25.40	24.79	24.60	25.21	0.00	0.00
LBC	88	25.10	24.84	24.88	25.18	0.00	0.00
LBC	89	25.44	24.67	24.53	25.36	0.00	0.00
LBC	90	25.37	24.77	24.63	25.23	0.00	0.00
LBC	91	25.08	24.87	24.87	25.18	0.00	0.00
LBC	92	25.42	24.64	24.53	25.41	0.00	0.00
LBC	93	25.35	24.80	24.62	25.23	0.00	0.00
LBC	94	25.12	24.84	24.86	25.18	0.00	0.00
LBC	95	25.42	24.65	24.55	25.38	0.00	0.00
LBC	96	25.32	24.91	24.60	25.18	0.00	0.00
LBC	97	25.12	24.88	24.88	25.11	0.00	0.00
LBC	98	25.39	24.77	24.52	25.32	0.00	0.00
LBC	99	25.33	24.85	24.62	25.21	0.00	0.00
LBC	100	25.07	24.87	24.89	25.18	0.00	0.00
LBC	101	25.38	24.75	24.50	25.38	0.00	0.00
LBC	102	25.31	24.86	24.60	25.23	0.00	0.00
LBC	103	25.09	24.88	24.87	25.16	0.00	0.00
LBC	104	25.37	24.77	24.50	25.36	0.00	0.00
LBC	105	25.32	24.84	24.62	25.23	0.00	0.00
LBC	106	25.06	24.92	24.88	25.14	0.01	0.00
LBC	107	25.37	24.79	24.49	25.35	0.00	0.00
LBC	108	25.28	24.92	24.62	25.18	0.00	0.00
LBC	109	25.06	24.93	24.87	25.15	0.00	0.00
LBC	110	25.34	24.79	24.53	25.34	0.00	0.00
LBC	111	25.22	24.95	24.65	25.18	0.00	0.00
LBC	112	25.00	25.00	24.86	25.14	0.00	0.00
LBC	113	25.34	24.78	24.57	25.31	0.00	0.00
LBC	114	25.24	24.94	24.62	25.20	0.00	0.00
LBC	115	25.00	25.01	24.87	25.12	0.00	0.00
LBC	116	25.34	24.82	24.50	25.34	0.00	0.00
LBC	117	25.22	25.07	24.57	25.14	0.00	0.00
LBC	118	24.98	25.00	24.88	25.14	0.00	0.00
LBC	119	25.27	24.87	24.55	25.31	0.00	0.00
LBC	120	25.17	25.03	24.64	25.16	0.00	0.00
LBC	121	25.01	25.01	24.90	25.08	0.00	0.00
LBC	122	25.30	24.89	24.51	25.30	0.00	0.00
LBC	123	25.18	25.03	24.62	25.16	0.00	0.00
LBC	124	24.96	25.05	24.86	25.13	0.00	0.00
LBC	125	25.24	24.93	24.55	25.27	0.00	0.00
LBC	126	25.17	25.04	24.64	25.15	0.00	0.00
LBC	127	24.96	25.09	24.84	25.12	0.00	0.00
LBC	128	25.20	25.05	24.46	25.29	0.00	0.00
LBC	129	25.14	25.10	24.65	25.10	0.01	0.00
LBC	130	24.92	25.17	24.85	25.06	0.00	0.00
LBC	131	25.21	25.03	24.57	25.19	0.00	0.00
LBC	132	25.18	25.12	24.61	25.09	0.00	0.00
LBC	133	24.93	25.18	24.85	25.05	0.00	0.00
LBC	134	25.19	25.02	24.56	25.23	0.00	0.00
LBC	135	25.09	25.14	24.64	25.12	0.00	0.00
LBC	136	24.86	25.22	24.87	25.04	0.00	0.00
LBC	137	25.16	25.05	24.53	25.26	0.00	0.00
LBC	138	25.08	25.19	24.61	25.12	0.00	0.00
LBC	139	24.86	25.20	24.86	25.07	0.00	0.00
LBC	140	25.14	25.07	24.55	25.24	0.00	0.00
LBC	141	25.03	25.30	24.63	25.04	0.00	0.00
LBC	142	24.82	25.26	24.94	24.98	0.00	0.00
LBC	143	25.10	25.17	24.54	25.18	0.00	0.00
LBC	144	25.01	25.30	24.67	25.02	0.00	0.00
LBC	145	24.82	25.28	24.90	25.00	0.00	0.00
LBC	146	25.04	25.30	24.55	25.11	0.00	0.00
LBC	147	24.96	25.37	24.67	25.00	0.00	0.00
LBC	148	24.75	25.40	24.88	24.97	0.00	0.00
LBC	149	24.98	25.30	24.58	25.13	0.00	0.00
LBC	150	24.56	25.92	24.62	24.90	0.00	0.00
# ACGT raw counters for last fragments. Use `grep ^LTC | cut -f 2-` to extract this part. The columns are: A,C,G,T,N base counters
LTC	745048894	729693008	726262914	747300309	223352
# Insert sizes. Use `grep ^IS | cut -f 2-` to extract this part. The columns are: insert size, pairs total, inward oriented pairs, outward oriented pairs, other pairs
IS	0	4	1	1	2
IS	1	0	0	0	0
IS	2	0	0	0	0
IS	3	0	0	0	0
IS	4	0	0	0	0
IS	5	0	0	0	0
IS	6	0	0	0	0
IS	7	0	0	0	0
IS	8	0	0	0	0
IS	9	0	0	0	0
IS	10	0	0	0	0
IS	11	0	0	0	0
IS	12	0	0	0	0
IS	13	0	0	0	0
IS	14	0	0	0	0
IS	15	0	0	0	0
IS	16	0	0	0	0
IS	17	0	0	0	0
IS	18	0	0	0	0
IS	19	0	0	0	0
IS	20	0	0	0	0
IS	21	0	0	0	0
IS	22	0	0	0	0
IS	23	0	0	0	0
IS	24	0	0	0	0
IS	25	0	0	0	0
IS	26	0	0	0	0
IS	27	0	0	0	0
IS	28	0	0	0	0
IS	29	0	0	0	0
IS	30	0	0	0	0
IS	31	0	0	0	0
IS	32	0	0	0	0
IS	33	0	0	0	0
IS	34	0	0	0	0
IS	35	0	0	0	0
IS	36	0	0	0	0
IS	37	0	0	0	0
IS	38	0	0	0	0
IS	39	0	0	0	0
IS	40	0	0	0	0
IS	41	0	0	0	0
IS	42	0	0	0	0
IS	43	0	0	0	0
IS	44	0	0	0	0
IS	45	0	0	0	0
IS	46	0	0	0	0
IS	47	0	0	0	0
IS	48	0	0	0	0
IS	49	0	0	0	0
IS	50	0	0	0	0
IS	51	0	0	0	0
IS	52	0	0	0	0
IS	53	0	0	0	0
IS	54	0	0	0	0
IS	55	0	0	0	0
IS	56	0	0	0	0
IS	57	0	0	0	0
IS	58	0	0	0	0
IS	59	0	0	0	0
IS	60	0	0	0	0
IS	61	0	0	0	0
IS	62	0	0	0	0
IS	63	0	0	0	0
IS	64	0	0	0	0
IS	65	0	0	0	0
IS	66	2	0	2	0
IS	67	0	0	0	0
IS	68	0	0	0	0
IS	69	0	0	0	0
IS	70	0	0	0	0
IS	71	0	0	0	0
IS	72	0	0	0	0
IS	73	1	0	1	0
IS	74	0	0	0	0
IS	75	0	0	0	0
IS	76	0	0	0	0
IS	77	0	0	0	0
IS	78	0	0	0	0
IS	79	0	0	0	0
IS	80	0	0	0	0
IS	81	0	0	0	0
IS	82	0	0	0	0
IS	83	0	0	0	0
IS	84	0	0	0	0
IS	85	0	0	0	0
IS	86	0	0	0	0
IS	87	0	0	0	0
IS	88	1	0	1	0
IS	89	0	0	0	0
IS	90	1	1	0	0
IS	91	0	0	0	0
IS	92	1	1	0	0
IS	93	0	0	0	0
IS	94	0	0	0	0
IS	95	0	0	0	0
IS	96	0	0	0	0
IS	97	0	0	0	0
IS	98	0	0	0	0
IS	99	0	0	0	0
IS	100	0	0	0	0
IS	101	0	0	0	0
IS	102	0	0	0	0
IS	103	0	0	0	0
IS	104	0	0	0	0
IS	105	0	0	0	0
IS	106	0	0	0	0
IS	107	0	0	0	0
IS	108	0	0	0	0
IS	109	1	0	1	0
IS	110	0	0	0	0
IS	111	0	0	0	0
IS	112	0	0	0	0
IS	113	0	0	0	0
IS	114	0	0	0	0
IS	115	0	0	0	0
IS	116	0	0	0	0
IS	117	2	0	2	0
IS	118	0	0	0	0
IS	119	0	0	0	0
IS	120	0	0	0	0
IS	121	0	0	0	0
IS	122	0	0	0	0
IS	123	1	1	0	0
IS	124	0	0	0	0
IS	125	0	0	0	0
IS	126	0	0	0	0
IS	127	0	0	0	0
IS	128	1	0	1	0
IS	129	0	0	0	0
IS	130	0	0	0	0
IS	131	0	0	0	0
IS	132	0	0	0	0
IS	133	0	0	0	0
IS	134	1	0	1	0
IS	135	1	1	0	0
IS	136	2	2	0	0
IS	137	0	0	0	0
IS	138	0	0	0	0
IS	139	1	1	0	0
IS	140	1	0	1	0
IS	141	0	0	0	0
IS	142	1	1	0	0
IS	143	0	0	0	0
IS	144	0	0	0	0
IS	145	2	2	0	0
IS	146	1	1	0	0
IS	147	0	0	0	0
IS	148	1	1	0	0
IS	149	0	0	0	0
IS	150	0	0	0	0
IS	151	0	0	0	0
IS	152	0	0	0	0
IS	153	1	1	0	0
IS	154	1	1	0	0
IS	155	2	2	0	0
IS	156	1	1	0	0
IS	157	0	0	0	0
IS	158	0	0	0	0
IS	159	1	1	0	0
IS	160	0	0	0	0
IS	161	0	0	0	0
IS	162	3	3	0	0
IS	163	3	3	0	0
IS	164	1	1	0	0
IS	165	0	0	0	0
IS	166	0	0	0	0
IS	167	1	1	0	0
IS	168	1	1	0	0
IS	169	0	0	0	0
IS	170	0	0	0	0
IS	171	4	4	0	0
IS	172	6	6	0	0
IS	173	0	0	0	0
IS	174	3	3	0	0
IS	175	0	0	0	0
IS	176	0	0	0	0
IS	177	0	0	0	0
IS	178	2	2	0	0
IS	179	2	2	0	0
IS	180	0	0	0	0
IS	181	2	2	0	0
IS	182	0	0	0	0
IS	183	3	3	0	0
IS	184	6	6	0	0
IS	185	4	4	0	0
IS	186	1	1	0	0
IS	187	4	4	0	0
IS	188	9	9	0	0
IS	189	6	6	0	0
IS	190	9	9	0	0
IS	191	17	17	0	0
IS	192	15	15	0	0
IS	193	11	11	0	0
IS	194	15	15	0	0
IS	195	16	16	0	0
IS	196	24	24	0	0
IS	197	24	24	0	0
IS	198	21	21	0	0
IS	199	21	21	0	0
IS	200	31	31	0	0
IS	201	29	29	0	0
IS	202	28	28	0	0
IS	203	19	19	0	0
IS	204	25	25	0	0
IS	205	33	33	0	0
IS	206	33	33	0	0
IS	207	27	27	0	0
IS	208	31	31	0	0
IS	209	28	28	0	0
IS	210	37	37	0	0
IS	211	27	27	0	0
IS	212	20	20	0	0
IS	213	28	28	0	0
IS	214	35	35	0	0
IS	215	32	32	0	0
IS	216	33	33	0	0
IS	217	32	32	0	0
IS	218	28	28	0	0
IS	219	42	42	0	0
IS	220	29	29	0	0
IS	221	33	33	0	0
IS	222	30	30	0	0
IS	223	26	26	0	0
IS	224	26	26	0	0
IS	225	27	27	0	0
IS	226	22	22	0	0
IS	227	32	32	0	0
IS	228	31	31	0	0
IS	229	23	23	0	0
IS	230	33	33	0	0
IS	231	29	29	0	0
IS	232	36	36	0	0
IS	233	27	27	0	0
IS	234	29	29	0	0
IS	235	24	24	0	0
IS	236	38	38	0	0
IS	237	27	27	0	0
IS	238	25	25	0	0
IS	239	28	28	0	0
IS	240	23	23	0	0
IS	241	37	37	0	0
IS	242	26	26	0	0
IS	243	24	24	0	0
IS	244	25	25	0	0
IS	245	31	31	0	0
IS	246	28	28	0	0
IS	247	32	32	0	0
IS	248	24	24	0	0
IS	249	22	22	0	0
IS	250	26	26	0	0
IS	251	34	34	0	0
IS	252	32	32	0	0
IS	253	48	48	0	0
IS	254	38	38	0	0
IS	255	27	27	0	0
IS	256	27	27	0	0
IS	257	32	32	0	0
IS	258	33	33	0	0
IS	259	24	24	0	0
IS	260	31	31	0	0
IS	261	37	37	0	0
IS	262	24	24	0	0
IS	263	22	22	0	0
IS	264	21	21	0	0
IS	265	16	16	0	0
IS	266	41	41	0	0
IS	267	29	29	0	0
IS	268	31	31	0	0
IS	269	33	33	0	0
IS	270	23	23	0	0
IS	271	38	38	0	0
IS	272	31	31	0	0
IS	273	17	17	0	0
IS	274	32	32	0	0
IS	275	24	24	0	0
IS	276	34	34	0	0
IS	277	32	32	0	0
IS	278	28	28	0	0
IS	279	36	36	0	0
IS	280	31	31	0	0
IS	281	26	26	0	0
IS	282	23	23	0	0
IS	283	25	25	0	0
IS	284	24	24	0	0
IS	285	28	28	0	0
IS	286	31	31	0	0
IS	287	35	35	0	0
IS	288	26	26	0	0
IS	289	27	27	0	0
IS	290	22	22	0	0
IS	291	34	34	0	0
IS	292	30	30	0	0
IS	293	20	20	0	0
IS	294	26	26	0	0
IS	295	24	24	0	0
IS	296	31	31	0	0
IS	297	19	19	0	0
IS	298	16	16	0	0
IS	299	22	22	0	0
IS	300	17	17	0	0
IS	301	30	30	0	0
IS	302	24	24	0	0
IS	303	26	26	0	0
IS	304	20	20	0	0
IS	305	27	27	0	0
IS	306	24	24	0	0
IS	307	19	19	0	0
IS	308	24	24	0	0
IS	309	31	31	0	0
IS	310	23	23	0	0
IS	311	25	25	0	0
IS	312	20	20	0	0
IS	313	23	23	0	0
IS	314	16	16	0	0
IS	315	18	18	0	0
IS	316	18	18	0	0
IS	317	30	30	0	0
IS	318	18	18	0	0
IS	319	18	18	0	0
IS	320	20	20	0	0
IS	321	17	17	0	0
IS	322	18	18	0	0
IS	323	27	27	0	0
IS	324	18	18	0	0
IS	325	15	15	0	0
IS	326	30	30	0	0
IS	327	27	27	0	0
IS	328	19	19	0	0
IS	329	14	14	0	0
IS	330	20	20	0	0
IS	331	29	29	0	0
IS	332	22	22	0	0
IS	333	14	14	0	0
IS	334	28	28	0	0
IS	335	20	20	0	0
IS	336	21	21	0	0
IS	337	25	25	0	0
IS	338	12	12	0	0
IS	339	17	17	0	0
IS	340	26	26	0	0
IS	341	20	20	0	0
IS	342	17	17	0	0
IS	343	20	20	0	0
IS	344	17	17	0	0
IS	345	28	28	0	0
IS	346	25	25	0	0
IS	347	15	15	0	0
IS	348	26	26	0	0
IS	349	18	18	0	0
IS	350	10	10	0	0
IS	351	10	10	0	0
IS	352	19	19	0	0
IS	353	21	21	0	0
IS	354	16	16	0	0
IS	355	7	7	0	0
IS	356	13	13	0	0
IS	357	14	14	0	0
IS	358	14	14	0	0
IS	359	18	18	0	0
IS	360	21	21	0	0
IS	361	25	25	0	0
IS	362	6	6	0	0
IS	363	18	18	0	0
IS	364	18	18	0	0
IS	365	17	16	1	0
IS	366	16	16	0	0
IS	367	12	12	0	0
IS	368	9	9	0	0
IS	369	20	20	0	0
IS	370	18	18	0	0
IS	371	15	15	0	0
IS	372	10	10	0	0
IS	373	13	13	0	0
IS	374	10	10	0	0
IS	375	11	11	0	0
IS	376	14	14	0	0
IS	377	6	6	0	0
IS	378	11	11	0	0
IS	379	15	15	0	0
IS	380	10	10	0	0
IS	381	11	11	0	0
IS	382	13	13	0	0
IS	383	17	17	0	0
IS	384	11	11	0	0
IS	385	12	12	0	0
IS	386	13	13	0	0
IS	387	10	10	0	0
IS	388	8	8	0	0
IS	389	7	7	0	0
IS	390	12	12	0	0
IS	391	11	11	0	0
IS	392	15	15	0	0
IS	393	7	7	0	0
IS	394	14	14	0	0
IS	395	9	9	0	0
IS	396	10	10	0	0
IS	397	5	5	0	0
IS	398	9	9	0	0
IS	399	19	19	0	0
IS	400	11	11	0	0
IS	401	5	5	0	0
IS	402	8	8	0	0
IS	403	13	13	0	0
IS	404	9	9	0	0
IS	405	13	13	0	0
IS	406	12	12	0	0
IS	407	1	1	0	0
IS	408	6	5	1	0
IS	409	3	3	0	0
IS	410	6	6	0	0
IS	411	5	5	0	0
IS	412	2	2	0	0
IS	413	4	4	0	0
IS	414	5	5	0	0
IS	415	5	5	0	0
IS	416	2	2	0	0
IS	417	4	4	0	0
IS	418	6	6	0	0
# Read lengths. Use `grep ^RL | cut -f 2-` to extract this part. The columns are: read length, count
RL	60	289
RL	61	293
RL	62	292
RL	63	346
RL	64	310
RL	65	278
RL	66	344
RL	67	321
RL	68	366
RL	69	335
RL	70	310
RL	71	326
RL	72	267
RL	73	330
RL	74	346
RL	75	312
RL	76	355
RL	77	361
RL	78	351
RL	79	304
RL	80	375
RL	81	371
RL	82	372
RL	83	349
RL	84	342
RL	85	343
RL	86	348
RL	87	343
RL	88	368
RL	89	340
RL	90	383
RL	91	356
RL	92	326
RL	93	327
RL	94	362
RL	95	330
RL	96	386
RL	97	336
RL	98	333
RL	99	356
RL	100	388
RL	101	391
RL	102	402
RL	103	431
RL	104	394
RL	105	392
RL	106	338
RL	107	423
RL	108	384
RL	109	404
RL	110	463
RL	111	508
RL	112	411
RL	113	388
RL	114	504
RL	115	481
RL	116	508
RL	117	482
RL	118	494
RL	119	503
RL	120	605
RL	121	508
RL	122	603
RL	123	586
RL	124	652
RL	125	587
RL	126	630
RL	127	657
RL	128	763
RL	129	632
RL	130	758
RL	131	861
RL	132	916
RL	133	935
RL	134	965
RL	135	1044
RL	136	1400
RL	137	1893
RL	138	3185
RL	139	6021
RL	140	13706
RL	141	35046
RL	142	3479
RL	143	1280
RL	144	1326
RL	145	1300
RL	146	1498
RL	147	1443
RL	148	1596
RL	149	1706
RL	150	39220702
# Read lengths - first fragments. Use `grep ^FRL | cut -f 2-` to extract this part. The columns are: read length, count
FRL	60	142
FRL	61	145
FRL	62	144
FRL	63	171
FRL	64	154
FRL	65	137
FRL	66	170
FRL	67	155
FRL	68	182
FRL	69	167
FRL	70	150
FRL	71	160
FRL	72	130
FRL	73	160
FRL	74	169
FRL	75	153
FRL	76	172
FRL	77	174
FRL	78	171
FRL	79	148
FRL	80	184
FRL	81	183
FRL	82	184
FRL	83	168
FRL	84	168
FRL	85	167
FRL	86	170
FRL	87	168
FRL	88	181
FRL	89	166
FRL	90	188
FRL	91	175
FRL	92	158
FRL	93	161
FRL	94	178
FRL	95	156
FRL	96	187
FRL	97	165
FRL	98	164
FRL	99	172
FRL	100	188
FRL	101	191
FRL	102	196
FRL	103	210
FRL	104	194
FRL	105	192
FRL	106	166
FRL	107	207
FRL	108	188
FRL	109	198
FRL	110	227
FRL	111	250
FRL	112	203
FRL	113	187
FRL	114	244
FRL	115	236
FRL	116	249
FRL	117	238
FRL	118	243
FRL	119	249
FRL	120	298
FRL	121	244
FRL	122	291
FRL	123	284
FRL	124	316
FRL	125	285
FRL	126	308
FRL	127	320
FRL	128	360
FRL	129	297
FRL	130	351
FRL	131	396
FRL	132	421
FRL	133	427
FRL	134	453
FRL	135	478
FRL	136	580
FRL	137	721
FRL	138	1155
FRL	139	2351
FRL	140	5553
FRL	141	15096
FRL	142	1345
FRL	143	640
FRL	144	663
FRL	145	650
FRL	146	749
FRL	147	721
FRL	148	798
FRL	149	853
FRL	150	19616470
# Read lengths - last fragments. Use `grep ^LRL | cut -f 2-` to extract this part. The columns are: read length, count
LRL	60	147
LRL	61	148
LRL	62	148
LRL	63	175
LRL	64	156
LRL	65	141
LRL	66	174
LRL	67	166
LRL	68	184
LRL	69	168
LRL	70	160
LRL	71	166
LRL	72	137
LRL	73	170
LRL	74	177
LRL	75	159
LRL	76	183
LRL	77	187
LRL	78	180
LRL	79	156
LRL	80	191
LRL	81	188
LRL	82	188
LRL	83	181
LRL	84	174
LRL	85	176
LRL	86	178
LRL	87	175
LRL	88	187
LRL	89	174
LRL	90	195
LRL	91	181
LRL	92	168
LRL	93	166
LRL	94	184
LRL	95	174
LRL	96	199
LRL	97	171
LRL	98	169
LRL	99	184
LRL	100	200
LRL	101	200
LRL	102	206
LRL	103	221
LRL	104	200
LRL	105	200
LRL	106	172
LRL	107	216
LRL	108	196
LRL	109	206
LRL	110	236
LRL	111	258
LRL	112	208
LRL	113	201
LRL	114	260
LRL	115	245
LRL	116	259
LRL	117	244
LRL	118	251
LRL	119	254
LRL	120	307
LRL	121	264
LRL	122	312
LRL	123	302
LRL	124	336
LRL	125	302
LRL	126	322
LRL	127	337
LRL	128	403
LRL	129	335
LRL	130	407
LRL	131	465
LRL	132	495
LRL	133	508
LRL	134	512
LRL	135	566
LRL	136	820
LRL	137	1172
LRL	138	2030
LRL	139	3670
LRL	140	8153
LRL	141	19950
LRL	142	2134
LRL	143	640
LRL	144	663
LRL	145	650
LRL	146	749
LRL	147	722
LRL	148	798
LRL	149	853
LRL	150	19604232
# Mapping qualities for reads !(UNMAP|SECOND|SUPPL|QCFAIL|DUP). Use `grep ^MAPQ | cut -f 2-` to extract this part. The columns are: mapq, count
MAPQ	0	245
MAPQ	1	776
MAPQ	2	62
MAPQ	3	6
MAPQ	6	386
MAPQ	7	24
MAPQ	8	16
MAPQ	11	12
MAPQ	12	70
MAPQ	15	9
MAPQ	16	8
MAPQ	17	40
MAPQ	18	24
MAPQ	21	48
MAPQ	22	57
MAPQ	23	51
MAPQ	24	74
MAPQ	25	28
MAPQ	26	58
MAPQ	27	34
MAPQ	30	74
MAPQ	31	38
MAPQ	32	40
MAPQ	33	9
MAPQ	34	38
MAPQ	35	44
MAPQ	36	16
MAPQ	37	40
MAPQ	38	32
MAPQ	39	24
MAPQ	40	174
MAPQ	42	7704
# Indel distribution. Use `grep ^ID | cut -f 2-` to extract this part. The columns are: length, number of insertions, number of deletions
ID	1	99	113
ID	2	38	29
ID	3	23	11
ID	4	22	12
ID	5	8	8
ID	6	6	3
ID	7	3	0
ID	8	2	0
ID	9	4	0
ID	10	6	0
ID	11	1	1
ID	13	2	0
ID	14	1	1
ID	15	1	1
ID	16	1	1
ID	17	1	0
ID	21	1	0
ID	23	1	0
# Indels per cycle. Use `grep ^IC | cut -f 2-` to extract this part. The columns are: cycle, number of insertions (fwd), .. (rev) , number of deletions (fwd), .. (rev)
IC	3	1	0	0	0
IC	4	0	1	0	0
IC	5	7	4	0	2
IC	6	7	3	1	0
IC	7	3	0	0	0
IC	8	3	0	0	1
IC	9	1	1	0	0
IC	10	3	1	1	0
IC	11	2	0	0	1
IC	12	7	2	0	1
IC	13	0	2	1	0
IC	14	0	0	1	0
IC	15	0	3	0	0
IC	16	0	1	0	1
IC	17	1	0	0	0
IC	18	1	0	0	1
IC	19	2	0	1	3
IC	20	0	1	0	0
IC	21	0	1	0	0
IC	22	2	1	1	0
IC	23	0	0	1	0
IC	24	4	1	1	0
IC	25	0	1	1	1
IC	26	0	1	0	0
IC	27	1	0	1	1
IC	28	0	0	0	1
IC	29	0	2	0	0
IC	31	0	0	0	1
IC	32	2	0	0	1
IC	33	0	2	1	0
IC	34	2	1	0	0
IC	36	0	3	0	2
IC	37	0	0	2	3
IC	38	1	0	1	2
IC	39	1	0	0	0
IC	40	1	2	0	0
IC	41	0	0	0	6
IC	42	0	1	0	1
IC	43	0	0	1	2
IC	44	1	0	0	0
IC	46	1	0	1	2
IC	47	0	0	0	1
IC	48	1	0	1	1
IC	49	1	0	2	3
IC	50	1	0	0	1
IC	51	0	1	1	3
IC	52	1	0	4	1
IC	53	1	1	1	0
IC	55	0	1	1	0
IC	56	1	2	1	1
IC	57	1	1	1	0
IC	59	1	3	0	3
IC	60	1	0	0	0
IC	61	2	0	0	1
IC	62	0	2	2	0
IC	63	0	0	0	1
IC	64	0	1	1	0
IC	65	0	2	1	0
IC	66	0	1	1	0
IC	67	0	4	1	0
IC	68	0	1	0	0
IC	69	1	2	0	0
IC	70	0	2	0	0
IC	72	2	1	2	2
IC	73	0	1	0	1
IC	76	1	0	0	1
IC	77	0	0	0	1
IC	78	0	1	0	3
IC	79	1	0	1	0
IC	80	1	0	1	0
IC	82	1	0	0	0
IC	83	0	0	0	1
IC	84	1	1	1	1
IC	85	0	2	1	1
IC	86	1	2	0	0
IC	87	3	0	0	0
IC	88	1	0	0	1
IC	89	0	0	0	1
IC	90	0	1	1	0
IC	91	0	0	4	0
IC	92	1	0	0	0
IC	94	0	1	0	1
IC	95	1	0	0	0
IC	96	0	0	0	1
IC	97	0	2	0	2
IC	98	2	0	0	2
IC	99	1	0	2	1
IC	100	0	1	1	0
IC	101	0	0	1	0
IC	102	0	1	0	0
IC	104	0	1	1	0
IC	105	0	0	4	0
IC	106	1	1	0	0
IC	107	0	0	0	2
IC	108	1	0	0	3
IC	109	1	0	0	1
IC	110	0	0	2	0
IC	111	0	0	1	1
IC	112	1	0	0	0
IC	113	0	0	0	1
IC	114	1	0	1	1
IC	115	0	1	0	2
IC	116	1	0	0	2
IC	117	1	1	4	1
IC	118	0	1	1	1
IC	120	1	0	1	0
IC	121	1	0	0	1
IC	122	0	1	0	0
IC	123	0	0	1	0
IC	124	1	0	0	0
IC	125	0	1	1	1
IC	126	1	0	1	0
IC	127	0	3	0	0
IC	128	0	1	2	0
IC	129	1	2	1	0
IC	130	3	3	1	0
IC	131	0	4	0	1
IC	132	1	1	3	1
IC	133	1	0	1	2
IC	134	1	2	1	0
IC	135	0	1	0	0
IC	136	0	2	1	2
IC	137	2	2	2	0
IC	138	0	1	0	2
IC	139	0	0	1	0
IC	142	1	1	0	0
IC	143	1	3	0	2
IC	144	0	1	0	0
IC	145	0	2	0	2
IC	146	3	0	0	0
IC	147	0	0	2	0
IC	148	1	2	0	0
# Coverage distribution. Use `grep ^COV | cut -f 2-` to extract this part.
COV	[1-1]	1	931973
COV	[2-2]	2	234890
COV	[3-3]	3	13345
COV	[4-4]	4	16458
COV	[5-5]	5	1193
COV	[6-6]	6	1319
COV	[7-7]	7	324
COV	[8-8]	8	307
COV	[9-9]	9	290
COV	[10-10]	10	44
COV	[11-11]	11	179
COV	[12-12]	12	92
COV	[13-13]	13	6
COV	[14-14]	14	34
COV	[15-15]	15	27
COV	[16-16]	16	45
# GC-depth. Use `grep ^GCD | cut -f 2-` to extract this part. The columns are: GC%, unique sequence percentiles, 10th, 25th, 50th, 75th and 90th depth percentile
GCD	0.0	0.048	0.000	0.000	0.000	0.000	0.000
GCD	0.8	0.072	0.015	0.015	0.015	0.015	0.015
GCD	18.0	0.096	0.015	0.015	0.015	0.015	0.015
GCD	22.0	0.120	0.015	0.015	0.015	0.015	0.015
GCD	23.0	0.167	0.015	0.015	0.015	0.015	0.015
GCD	24.0	0.287	0.015	0.015	0.015	0.015	0.015
GCD	25.0	0.454	0.015	0.015	0.015	0.030	0.030
GCD	26.0	0.765	0.015	0.015	0.015	0.015	0.015
GCD	27.0	1.196	0.015	0.015	0.015	0.015	0.015
GCD	28.0	1.698	0.015	0.015	0.015	0.015	0.030
GCD	29.0	2.631	0.015	0.015	0.015	0.015	0.030
GCD	30.0	3.659	0.015	0.015	0.015	0.015	0.030
GCD	31.0	4.999	0.015	0.015	0.015	0.015	0.030
GCD	32.0	7.510	0.015	0.015	0.015	0.015	0.030
GCD	33.0	10.237	0.015	0.015	0.015	0.015	0.030
GCD	34.0	13.657	0.015	0.015	0.015	0.015	0.030
GCD	35.0	18.082	0.015	0.015	0.015	0.015	0.030
GCD	36.0	22.554	0.015	0.015	0.015	0.015	0.030
GCD	37.0	28.366	0.015	0.015	0.015	0.015	0.030
GCD	38.0	34.298	0.015	0.015	0.015	0.015	0.030
GCD	39.0	39.775	0.015	0.015	0.015	0.015	0.030
GCD	40.0	45.085	0.015	0.015	0.015	0.015	0.030
GCD	41.0	49.868	0.015	0.015	0.015	0.015	0.030
GCD	42.0	54.676	0.015	0.015	0.015	0.015	0.030
GCD	43.0	58.790	0.015	0.015	0.015	0.015	0.030
GCD	44.0	62.951	0.015	0.015	0.015	0.015	0.030
GCD	45.0	66.946	0.015	0.015	0.015	0.015	0.030
GCD	46.0	70.940	0.015	0.015	0.015	0.015	0.030
GCD	47.0	74.552	0.015	0.015	0.015	0.015	0.030
GCD	48.0	77.780	0.015	0.015	0.015	0.015	0.030
GCD	49.0	80.818	0.015	0.015	0.015	0.015	0.030
GCD	50.0	83.712	0.015	0.015	0.015	0.015	0.030
GCD	51.0	85.984	0.015	0.015	0.015	0.015	0.030
GCD	52.0	88.424	0.015	0.015	0.015	0.015	0.030
GCD	53.0	90.457	0.015	0.015	0.015	0.015	0.030
GCD	54.0	92.083	0.015	0.015	0.015	0.015	0.030
GCD	55.0	93.686	0.015	0.015	0.015	0.015	0.030
GCD	56.0	95.073	0.015	0.015	0.015	0.015	0.030
GCD	57.0	95.910	0.015	0.015	0.015	0.015	0.030
GCD	58.0	96.699	0.015	0.015	0.015	0.026	0.030
GCD	59.0	97.297	0.015	0.015	0.015	0.015	0.021
GCD	60.0	97.752	0.015	0.015	0.015	0.015	0.030
GCD	61.0	98.039	0.015	0.015	0.015	0.026	0.051
GCD	62.0	98.421	0.015	0.015	0.015	0.015	0.030
GCD	63.0	98.756	0.015	0.015	0.015	0.015	0.015
GCD	64.0	99.043	0.015	0.015	0.015	0.015	0.040
GCD	65.0	99.259	0.015	0.015	0.015	0.015	0.015
GCD	66.0	99.426	0.015	0.015	0.015	0.015	0.030
GCD	67.0	99.569	0.015	0.015	0.015	0.019	0.030
GCD	68.0	99.665	0.015	0.015	0.015	0.026	0.030
GCD	69.0	99.737	0.015	0.015	0.015	0.030	0.030
GCD	70.0	99.809	0.015	0.015	0.030	0.030	0.030
GCD	71.0	99.833	0.015	0.015	0.015	0.015	0.015
GCD	72.0	99.928	0.015	0.015	0.015	0.015	0.015
GCD	75.0	100.000	0.015	0.015	0.015	0.015	0.015
